4.547424998795008833e-01,1.003252414225831002e+00
4.533629674396480458e-01,1.000193207997368106e+00
1.482234229348849686e-01,3.053815071281500981e-01
1.341678228710738996e-01,3.086970260151343792e-01
8.522840948927591642e-02,2.019865155925078259e-01
6.466824127266439237e-02,1.661060598247172393e-01
9.758060763168893703e-02,2.438354826309711010e-01
9.394124497905324833e-02,2.159619488147549171e-01
6.465039240141370880e-02,1.366768318444673003e-01
8.052881415890889016e-02,1.748346498010238392e-01
3.350161338842271019e-02,7.069633459971128020e-02
1.573423671993830208e-02,3.689233142910627872e-02
1.051407471567021405e-02,2.594897405186732953e-02
1.113061359142490138e-02,2.568229752034769872e-02
6.550690407427896614e-03,1.573640690692322541e-02
5.314281623985112404e-03,1.363249189567681055e-02
9.899431995115221330e-03,2.094666545260710083e-02
6.057140386780576237e-03,1.454482760663540486e-02
4.640220548025468343e-03,1.090824809543110112e-02
5.316694675546260705e-03,1.197676743460565629e-02
4.395495722868441452e-03,1.160805253145928174e-02
4.625622220224080532e-03,1.098103631356869316e-02
4.979203542041984835e-03,1.145379090044151317e-02
4.819812203692427216e-03,1.197074118295247264e-02
4.882292224253161929e-03,1.109792162308227519e-02
4.946233693068974140e-03,1.153135607961019993e-02
6.481133666550064308e-03,1.401172641353724650e-02
5.661563742965198577e-03,1.286736137470370807e-02
4.964527852667845881e-03,1.125831346006367015e-02
4.170169023646775122e-03,1.019318023606456507e-02
3.837018827982408963e-03,9.723760076247022280e-03
3.879573323836440612e-03,1.020208326488995267e-02
4.704963161919021968e-03,1.154791780447447271e-02
4.739756962703329732e-03,1.154366309147081965e-02
3.895526836096608898e-03,1.052929910230848698e-02
3.811277067681645946e-03,1.027635163215282442e-02
3.886214018486584473e-03,1.002956794989418900e-02
3.726993529209278021e-03,9.233857726860510845e-03
3.695679891074418136e-03,9.335572154212212759e-03
3.499543822240997436e-03,8.788290954275298356e-03
3.823878095020051462e-03,9.076191170018045595e-03
3.996982227172598927e-03,9.449598538229700417e-03
3.673156959047917374e-03,8.899886889819717123e-03
3.559008121692917252e-03,8.858701697911109188e-03
3.571390031722963907e-03,8.810492539266278830e-03
3.590304437629266918e-03,8.845982921241161978e-03
3.555111017455922680e-03,8.661602377294883720e-03
3.429398755004748126e-03,8.544113531365311875e-03
3.153895211468552180e-03,7.673244332160830163e-03
3.003000160885442148e-03,7.476141822039311137e-03
3.100455734323246532e-03,7.484672182816672764e-03
2.869719545307773938e-03,7.153043722246478324e-03
2.946496126447434825e-03,7.151453677565230808e-03
2.688959599980562509e-03,6.453301811959208031e-03
2.476391604185345513e-03,6.074414568374863869e-03
2.374121679506953179e-03,5.576742399842901828e-03
2.209432078858967856e-03,5.295911182239737558e-03
2.121723308243739833e-03,5.035615512561180361e-03
2.001776634271219130e-03,4.788326162903847397e-03
1.795411952933887193e-03,4.732623192063290657e-03
1.896496912739925643e-03,4.720452834024603701e-03
1.834633464067139327e-03,4.574259108495146685e-03
1.750652795825566798e-03,4.540386569209674608e-03
1.804088018449621087e-03,4.631979193908488703e-03
1.764907552043861383e-03,4.642824075129993629e-03
1.831773665081847533e-03,4.903089515636279566e-03
1.887018382978561696e-03,5.071071619111583093e-03
2.111359332293314978e-03,5.316781350659190511e-03
1.940841870797148589e-03,5.137342516601629133e-03
1.987652237491803042e-03,5.336472852328933217e-03
2.072229087180116509e-03,5.378992056656071302e-03
1.970488906010015549e-03,4.943835223475251915e-03
1.940138972932849192e-03,4.861742702685934239e-03
1.857186449741436403e-03,4.666572175542794618e-03
1.814832435469886877e-03,4.461223276653256999e-03
1.806092175520306866e-03,4.257041009209706385e-03
1.446761759211757882e-03,3.546716109670180160e-03
1.794778589421192538e-03,4.051347680601357672e-03
1.439039394287873865e-03,3.553273756048044071e-03
1.340442860151652661e-03,3.422049033482102431e-03
1.327488700287508686e-03,3.425841726996772026e-03
1.424622953646329394e-03,3.522934023371990242e-03
1.482894383858426174e-03,3.726529585169716195e-03
1.439804280668511259e-03,3.643847983430918269e-03
1.555189995767492341e-03,3.664953095594441958e-03
1.383346269691037656e-03,3.374317677185849438e-03
1.220168559644360792e-03,3.109602958308969878e-03
1.258354845032894510e-03,3.296005369786998186e-03
1.345619267021463256e-03,3.500733453288768730e-03
1.188172331939607237e-03,3.074592614838152303e-03
1.164221852525922475e-03,3.003090311398649414e-03
1.239958138910717119e-03,3.084847173385081836e-03
1.334499574138553165e-03,3.275605268961822442e-03
1.250574554460631010e-03,3.103560492840076908e-03
1.615811343261380241e-03,3.569565320752618714e-03
1.365159467296467267e-03,3.250704980192797248e-03
1.276954766614960815e-03,3.145610571837226081e-03
1.312319091806186076e-03,3.085688663459865231e-03
1.250805763881262080e-03,2.944561340804305836e-03
1.253012471846798792e-03,2.877310522986331869e-03
1.306472866274719638e-03,2.957395890637133304e-03
1.135262229775268854e-03,2.644163780563768291e-03
1.137770113395349071e-03,2.616677283952568902e-03
1.256746765389749401e-03,2.755367690718655768e-03
1.138510604635214855e-03,2.608996483465564602e-03
1.150652146658352184e-03,2.626261152234302381e-03
1.038913308223487347e-03,2.423342680355821798e-03
1.126343807118605159e-03,2.652067993764830548e-03
1.123139406313692756e-03,2.691542891502139365e-03
1.076699611259610391e-03,2.741366867878840263e-03
1.046890042817124819e-03,2.661561994773718916e-03
1.024683146542785910e-03,2.585509545721052706e-03
9.691184377234890067e-04,2.356013861815691845e-03
9.239508880801187637e-04,2.226214780384698066e-03
8.446235270039308043e-04,2.092275480147030853e-03
9.447069930188359060e-04,2.249291316028861985e-03
8.757533088014811872e-04,2.089383882139893896e-03
8.881646452265572851e-04,2.198176658820052802e-03
9.217938051798270707e-04,2.193093428176813575e-03
9.227847857975374516e-04,2.285352931746782203e-03
9.486422951139100637e-04,2.340530049692218610e-03
8.868708769959555635e-04,2.195667341819924900e-03
9.402590978646535938e-04,2.272893946177653810e-03
