6.001822676638390863e-01,8.308115684097391318e-01
4.761890211581767396e-01,6.867249249382054721e-01
2.587725350316596451e-01,4.308532056182127201e-01
2.891533582107778666e-01,4.439775829921370209e-01
3.774829320696587720e-01,5.548346127267594907e-01
3.759221173083137635e-01,5.551601650651835085e-01
3.747720547282914483e-01,5.622406271460753668e-01
3.736963352909834502e-01,5.605432381191280955e-01
3.738884406222567347e-01,5.622434323926431832e-01
3.745021175412974190e-01,5.640012323319988363e-01
3.749224869705849450e-01,5.655177641651638609e-01
3.760384744560038017e-01,5.682515826879879217e-01
3.759673470050198252e-01,5.692896114543063435e-01
3.764967915572934309e-01,5.705437607712786630e-01
3.750695993524420513e-01,5.674793080285150948e-01
3.755512170734579547e-01,5.675273659970464513e-01
3.771635264340417737e-01,5.702494575201330074e-01
3.778219414586369562e-01,5.715230208395831735e-01
3.780567478620383559e-01,5.728491161854568636e-01
3.789356625896773689e-01,5.728033883629188860e-01
3.798080933287306671e-01,5.737006963424313710e-01
3.795329249087399104e-01,5.731772209237373517e-01
3.797359865863173534e-01,5.735606830294440739e-01
3.796278167253983038e-01,5.734692414323507847e-01
3.799076391984010925e-01,5.735666916141752836e-01
3.809190972643360373e-01,5.755305214596396768e-01
3.808832959390192618e-01,5.757592012090103628e-01
3.813858547264119547e-01,5.757910975409096244e-01
3.809690512357413184e-01,5.751515953290911032e-01
3.810375980157601483e-01,5.755825022118922218e-01
3.812692858678743413e-01,5.763186496220864541e-01
3.826184002944986728e-01,5.778222467294026332e-01
3.818533900953107185e-01,5.766955354446355875e-01
3.819682798279924740e-01,5.770582752226597334e-01
3.814905067880794975e-01,5.761293142533268075e-01
3.815949126098897026e-01,5.762437093595439430e-01
3.815250922864137362e-01,5.757155879326798509e-01
3.821015235024536882e-01,5.768005854736006910e-01
3.820400647924977466e-01,5.776680276707902850e-01
3.820736852588553778e-01,5.777329983281306314e-01
3.821309181715523695e-01,5.777244766373207385e-01
3.818742758193978126e-01,5.774440860747970250e-01
3.823363502426739835e-01,5.782531078691777182e-01
3.825135095988097533e-01,5.783678316914334649e-01
3.831737542528991236e-01,5.789277892313490215e-01
3.829602378418293651e-01,5.783756329935452190e-01
3.827148972393056292e-01,5.781230292485137756e-01
3.829678668846920320e-01,5.784073257523377753e-01
3.827278581192073981e-01,5.782040649241648733e-01
3.827691822646132058e-01,5.785308281930271468e-01
3.824891367330494063e-01,5.780024451738927649e-01
3.829435146724071148e-01,5.784272237598128141e-01
3.826584807901515783e-01,5.780736424910256632e-01
3.828606113558644108e-01,5.781779033164662351e-01
3.829836972221586366e-01,5.785492796164446450e-01
3.829293437855223470e-01,5.785720475550724107e-01
3.826597229589868143e-01,5.782821465381466908e-01
3.829369136995738887e-01,5.788104141367501621e-01
3.828289512160756858e-01,5.786100338102886376e-01
3.829634978240784027e-01,5.786286901166908248e-01
3.826916742339697697e-01,5.782098822397615523e-01
3.831456671246702417e-01,5.788896308552318182e-01
3.829194784624077585e-01,5.784156533344807505e-01
3.834672472965868217e-01,5.792542584817795825e-01
3.830337828119717569e-01,5.786465375105607212e-01
3.828500798147772000e-01,5.784339034868785090e-01
3.827129557387488612e-01,5.783360030372322047e-01
3.828979897352340900e-01,5.787456877493791785e-01
3.829676791203105446e-01,5.787485769973651495e-01
3.831410217477841940e-01,5.789404055686904194e-01
3.829476473866585406e-01,5.784883556886254441e-01
3.833786125302999781e-01,5.792338896391466818e-01
3.835238527700006728e-01,5.795062024138125656e-01
3.834767625170236172e-01,5.792830362001278877e-01
3.831521864225244656e-01,5.786789166158474718e-01
3.834642619508368822e-01,5.792137625101080323e-01
3.833263874119183234e-01,5.791284354568062565e-01
3.835469175303766187e-01,5.794071424503505208e-01
3.833352380750605359e-01,5.791906994744826509e-01
3.833536604081594357e-01,5.791670442579882616e-01
3.833289377711395773e-01,5.791245952838555144e-01
3.833410728892953645e-01,5.791177521592337785e-01
3.835220611314639205e-01,5.794683029863513246e-01
3.833565063347925128e-01,5.794248384421941678e-01
3.834057934194626815e-01,5.794849289746959453e-01
3.834064182710705815e-01,5.794288590627054703e-01
3.832862426577938741e-01,5.791248661125574237e-01
3.836139965685440023e-01,5.795565609224136994e-01
3.831585038909611218e-01,5.789062983997487200e-01
3.833011110471985505e-01,5.792165213112469013e-01
3.832338722841716616e-01,5.791212114443448078e-01
3.828597275390914767e-01,5.785519394383439318e-01
3.829246001752654727e-01,5.784495443426878047e-01
3.832500312700594103e-01,5.789225261980923687e-01
3.829080210034335185e-01,5.783347295930800769e-01
3.830576948474629928e-01,5.786109007859360220e-01
3.828771486193977558e-01,5.785451239326381279e-01
3.831993120068888925e-01,5.790789958434564566e-01
3.831223782185732563e-01,5.791154002390810351e-01
3.832742738294012130e-01,5.794359361830430100e-01
3.830231511279302836e-01,5.790633999283149036e-01
3.829511882534852862e-01,5.788788355453662327e-01
3.832038979344640217e-01,5.792285502131699904e-01
3.832322643695623143e-01,5.793002186198648040e-01
3.828105523339704885e-01,5.787189265317658204e-01
3.829039854251080066e-01,5.786439082170039550e-01
3.831414068240495685e-01,5.790710848225014695e-01
3.833029706104753020e-01,5.794981944677100039e-01
3.828535676475154914e-01,5.786811083276116596e-01
3.833692371715045621e-01,5.793729347518962181e-01
3.829174215923517033e-01,5.787883916225982084e-01
3.833382236520261332e-01,5.793338560732979037e-01
3.830136647446413800e-01,5.788262937754926618e-01
3.831619159912655892e-01,5.790006676961551024e-01
3.830968685886962932e-01,5.790353031743392664e-01
3.831775052404731707e-01,5.790750647328567480e-01
3.831356962685104062e-01,5.790282075958452790e-01
3.834663667073944238e-01,5.795721178541430874e-01
3.831869276221354093e-01,5.791227149676670960e-01
3.831216421614161982e-01,5.789877233562199521e-01
3.830594598204608014e-01,5.790155060547513832e-01
3.831804011711220648e-01,5.791328233017024596e-01
3.830684385004516357e-01,5.789172721805073696e-01
3.829338934911726833e-01,5.787074854681669711e-01
3.829537047361633029e-01,5.787535211473215924e-01
3.829731447029564029e-01,5.787293605846709488e-01
3.830195146666934281e-01,5.787863656131316814e-01
3.828084749182474322e-01,5.785108178469333673e-01
3.830787293798901261e-01,5.789110571646850500e-01
3.832202234007195396e-01,5.790459608410363224e-01
3.829877209030494445e-01,5.787244729551559441e-01
3.832295489956170087e-01,5.790149595405689187e-01
3.829552157910470767e-01,5.785011992251519741e-01
3.832913832672957821e-01,5.789935634750145166e-01
3.831630710903162207e-01,5.789351704855713043e-01
3.833634235177031946e-01,5.793035496219965941e-01
3.832256111616629823e-01,5.791454074181644485e-01
3.832815522831015120e-01,5.792527568813881089e-01
3.833300984518101528e-01,5.792423159316510972e-01
3.831631400539021182e-01,5.789973660958473989e-01
3.832288894495058384e-01,5.791670694517733198e-01
3.833869312109729477e-01,5.793449244325566960e-01
3.831824456462604722e-01,5.790102694749089673e-01
3.832676652274099038e-01,5.790995760167225725e-01
3.830601343072903564e-01,5.787875122376203718e-01
3.831638846350117755e-01,5.788072236870944742e-01
3.832132346969482350e-01,5.787720754721674687e-01
3.832938912445150725e-01,5.788303348135305226e-01
3.832010294534369810e-01,5.788516844584805643e-01
3.832898677298569035e-01,5.790356430884058270e-01
3.834502366748308577e-01,5.792635931683004502e-01
3.832039322080538768e-01,5.790334645445867068e-01
3.832087212900615603e-01,5.790674944127243151e-01
3.832352190110406842e-01,5.791481086436814918e-01
3.832064296250092261e-01,5.790716150056532951e-01
3.831014250412344002e-01,5.789460076432519919e-01
3.831397822237703754e-01,5.789424743617359592e-01
3.833232163057235797e-01,5.792054624990669032e-01
3.833908115946768613e-01,5.793367546520483691e-01
3.832978139629452108e-01,5.792502950355706837e-01
3.834487070726662616e-01,5.794772947089341653e-01
3.832622472104214584e-01,5.791872191055916774e-01
3.832977075409333412e-01,5.791546398687303920e-01
3.832132002352730549e-01,5.789836567827719715e-01
3.833309844017283585e-01,5.791551250155496655e-01
3.832983191265627032e-01,5.790755962420166547e-01
3.833735774165457633e-01,5.791286819311285416e-01
3.832532105506168407e-01,5.789250757828336980e-01
3.832916313193845959e-01,5.790210313602768277e-01
3.831902974055772515e-01,5.789401931781001931e-01
3.833454298781209246e-01,5.792079087098886969e-01
3.833767283468765275e-01,5.792589962821230731e-01
3.833532295926914135e-01,5.791922563650226952e-01
3.834438926267933478e-01,5.793105237802780305e-01
3.832925370497320960e-01,5.791129573035113109e-01
3.832813078833005593e-01,5.791359038448011809e-01
3.832539616880536459e-01,5.791685010658427224e-01
3.831194906452277671e-01,5.789229153840411701e-01
3.831701586880327248e-01,5.790241896503494079e-01
3.832150135783276568e-01,5.789944539688802738e-01
3.833059175767793980e-01,5.791643586036767655e-01
3.833194764119338127e-01,5.791601666887747912e-01
3.833564516239169051e-01,5.792053872864605379e-01
3.832707498191794127e-01,5.790027839927994746e-01
