1.933823966979980469e+01
1.933823966979980469e+01
1.933222961425781250e+01
1.930379104614257812e+01
1.924819183349609375e+01
1.915893173217773438e+01
1.904615402221679688e+01
1.895361137390136719e+01
1.896219253540039062e+01
1.900685691833496094e+01
1.897389793395996094e+01
1.892712593078613281e+01
1.891071891784667969e+01
1.891870498657226562e+01
1.892949295043945312e+01
1.893008232116699219e+01
1.891769981384277344e+01
1.889582443237304688e+01
1.887134742736816406e+01
1.885184478759765625e+01
1.884185791015625000e+01
1.883828926086425781e+01
1.883013916015625000e+01
1.881008911132812500e+01
1.878349876403808594e+01
1.875884437561035156e+01
1.873508071899414062e+01
1.870266914367675781e+01
1.865367698669433594e+01
1.858319091796875000e+01
1.848268318176269531e+01
1.833795738220214844e+01
1.813788795471191406e+01
1.787175178527832031e+01
1.750180053710937500e+01
1.700678825378417969e+01
1.638079071044921875e+01
1.566261386871337891e+01
1.493219852447509766e+01
1.435195064544677734e+01
1.395042610168457031e+01
1.364583683013916016e+01
1.341214370727539062e+01
1.337653541564941406e+01
1.322291374206542969e+01
1.296324348449707031e+01
1.274904155731201172e+01
1.269206333160400391e+01
1.262063694000244141e+01
1.257619094848632812e+01
1.251018619537353516e+01
1.241653060913085938e+01
1.232017421722412109e+01
1.221992969512939453e+01
1.216916656494140625e+01
1.212137031555175781e+01
1.197706890106201172e+01
1.182639694213867188e+01
1.175300788879394531e+01
1.166100597381591797e+01
1.156442546844482422e+01
1.145257282257080078e+01
1.130203723907470703e+01
1.115372180938720703e+01
1.097653388977050781e+01
1.078267669677734375e+01
1.062055587768554688e+01
1.048371982574462891e+01
1.029276657104492188e+01
1.007137393951416016e+01
9.894345283508300781e+00
9.744091033935546875e+00
9.580142974853515625e+00
9.474218368530273438e+00
9.318555831909179688e+00
8.914784431457519531e+00
8.541487693786621094e+00
8.288753509521484375e+00
7.918043613433837891e+00
7.522058963775634766e+00
7.331849575042724609e+00
7.053959846496582031e+00
6.865864753723144531e+00
6.662994384765625000e+00
6.317390441894531250e+00
6.066606998443603516e+00
5.860244274139404297e+00
5.617238998413085938e+00
5.292994976043701172e+00
5.007828712463378906e+00
4.808415412902832031e+00
4.604249000549316406e+00
4.450830936431884766e+00
4.376432418823242188e+00
4.235315322875976562e+00
3.880871534347534180e+00
3.698295116424560547e+00
3.643148422241210938e+00
3.489215373992919922e+00
3.388347387313842773e+00
3.187126636505126953e+00
2.921961307525634766e+00
2.694333553314208984e+00
2.684462547302246094e+00
2.480025768280029297e+00
2.360827922821044922e+00
2.130845546722412109e+00
2.055077791213989258e+00
1.924469828605651855e+00
1.859992742538452148e+00
1.738757252693176270e+00
1.663368225097656250e+00
1.516040205955505371e+00
1.486823201179504395e+00
1.457486748695373535e+00
1.497345089912414551e+00
1.535870671272277832e+00
1.573165416717529297e+00
1.389837145805358887e+00
1.266322851181030273e+00
1.280727386474609375e+00
1.344519138336181641e+00
1.271613359451293945e+00
1.163485288619995117e+00
1.130935907363891602e+00
1.131189823150634766e+00
1.100607037544250488e+00
1.018868684768676758e+00
9.877756237983703613e-01
9.877728819847106934e-01
9.786744117736816406e-01
8.854061365127563477e-01
8.751618266105651855e-01
8.699955940246582031e-01
8.355349302291870117e-01
7.912182211875915527e-01
7.894362211227416992e-01
7.538354396820068359e-01
6.977961659431457520e-01
6.871964335441589355e-01
6.713936924934387207e-01
6.540303826332092285e-01
6.711810827255249023e-01
7.758036851882934570e-01
7.196938991546630859e-01
6.663353443145751953e-01
6.501148343086242676e-01
5.944761633872985840e-01
5.482760071754455566e-01
5.527165532112121582e-01
5.881177783012390137e-01
5.397335886955261230e-01
4.493300914764404297e-01
4.109261333942413330e-01
4.369535446166992188e-01
4.779106378555297852e-01
4.782612919807434082e-01
4.364677369594573975e-01
3.887529671192169189e-01
3.673993647098541260e-01
3.181965947151184082e-01
3.078758120536804199e-01
3.604736924171447754e-01
3.475902974605560303e-01
2.931479811668395996e-01
2.696905434131622314e-01
2.780911326408386230e-01
2.640726268291473389e-01
2.577749490737915039e-01
2.671494185924530029e-01
2.459892481565475464e-01
2.177218645811080933e-01
2.129025608301162720e-01
2.153349667787551880e-01
2.139785587787628174e-01
2.106394916772842407e-01
2.032513022422790527e-01
1.877488344907760620e-01
1.718653738498687744e-01
1.677908450365066528e-01
1.698957085609436035e-01
1.658166497945785522e-01
1.527362018823623657e-01
1.421836465597152710e-01
1.407176256179809570e-01
1.390447616577148438e-01
1.341846138238906860e-01
1.276758611202239990e-01
1.261963695287704468e-01
1.288329362869262695e-01
1.264393180608749390e-01
1.201873496174812317e-01
1.116702780127525330e-01
1.091817319393157959e-01
1.129029244184494019e-01
1.143822297453880310e-01
1.129084229469299316e-01
1.056345477700233459e-01
9.892014414072036743e-02
9.783660620450973511e-02
1.004399582743644714e-01
9.895214438438415527e-02
9.685399383306503296e-02
9.370560944080352783e-02
9.360954910516738892e-02
9.352301806211471558e-02
9.325931966304779053e-02
9.313939511775970459e-02
9.295463562011718750e-02
9.273568540811538696e-02
9.246051311492919922e-02
9.219484031200408936e-02
9.185168892145156860e-02
9.112786501646041870e-02
9.020145237445831299e-02
8.932959288358688354e-02
8.807064592838287354e-02
8.687438070774078369e-02
8.568146079778671265e-02
8.391120284795761108e-02
8.267781883478164673e-02
8.027528971433639526e-02
7.772509008646011353e-02
7.486879080533981323e-02
7.282521575689315796e-02
7.117378711700439453e-02
6.980752944946289062e-02
6.716773658990859985e-02
6.452904641628265381e-02
6.230793520808219910e-02
6.041925773024559021e-02
5.914382636547088623e-02
5.807919055223464966e-02
5.731809511780738831e-02
5.662871152162551880e-02
5.558590963482856750e-02
5.406158044934272766e-02
5.258896946907043457e-02
5.145763978362083435e-02
4.997506365180015564e-02
4.846251755952835083e-02
4.663904383778572083e-02
4.533476755023002625e-02
4.445406794548034668e-02
4.395690932869911194e-02
4.331356659531593323e-02
4.186619818210601807e-02
4.105561971664428711e-02
4.023475572466850281e-02
3.984632343053817749e-02
3.921049833297729492e-02
3.814066946506500244e-02
3.794888406991958618e-02
3.697355091571807861e-02
3.642461448907852173e-02
3.585984557867050171e-02
3.566642105579376221e-02
3.531371802091598511e-02
3.493554517626762390e-02
3.458500653505325317e-02
3.406028822064399719e-02
3.326439112424850464e-02
3.313700482249259949e-02
3.255871683359146118e-02
3.240230679512023926e-02
3.206804394721984863e-02
3.151951730251312256e-02
3.076600469648838043e-02
3.045387566089630127e-02
3.017405420541763306e-02
2.994975633919239044e-02
2.976305782794952393e-02
2.947453781962394714e-02
2.917977422475814819e-02
2.889044769108295441e-02
2.870808355510234833e-02
2.845040522515773773e-02
2.814321592450141907e-02
2.766116522252559662e-02
2.714228071272373199e-02
2.703648619353771210e-02
2.672266215085983276e-02
2.658808231353759766e-02
2.629560418426990509e-02
2.597185783088207245e-02
2.579781226813793182e-02
2.549840137362480164e-02
2.533032931387424469e-02
2.511100471019744873e-02
2.484844997525215149e-02
2.455168776214122772e-02
2.429399639368057251e-02
2.409300580620765686e-02
2.395140565931797028e-02
2.375209145247936249e-02
2.348485775291919708e-02
2.334357053041458130e-02
2.306869626045227051e-02
2.292335964739322662e-02
2.272144891321659088e-02
2.247215248644351959e-02
2.217855304479598999e-02
2.183525077998638153e-02
2.154510095715522766e-02
2.129851467907428741e-02
2.119684219360351562e-02
2.107252366840839386e-02
2.097120508551597595e-02
2.090361341834068298e-02
2.081307210028171539e-02
2.062040567398071289e-02
2.043120563030242920e-02
2.019339986145496368e-02
1.996182836592197418e-02
1.983598805963993073e-02
1.966181397438049316e-02
1.951592974364757538e-02
1.937030255794525146e-02
1.912153512239456177e-02
1.902222074568271637e-02
1.891843788325786591e-02
1.885220967233181000e-02
1.880701258778572083e-02
1.875930838286876678e-02
1.866803877055644989e-02
1.858053542673587799e-02
1.847412995994091034e-02
1.835865713655948639e-02
1.822702772915363312e-02
1.807476766407489777e-02
1.790359616279602051e-02
1.771592348814010620e-02
1.756266131997108459e-02
1.739463396370410919e-02
1.721363700926303864e-02
1.707633212208747864e-02
1.696626469492912292e-02
1.681959815323352814e-02
1.674343459308147430e-02
1.667408458888530731e-02
1.659002900123596191e-02
1.646436564624309540e-02
1.633308827877044678e-02
1.620880141854286194e-02
1.611402817070484161e-02
1.598409377038478851e-02
1.584139838814735413e-02
1.568355038762092590e-02
1.546835154294967651e-02
1.533320639282464981e-02
1.509924605488777161e-02
1.495932042598724365e-02
1.486261282116174698e-02
1.478807814419269562e-02
1.470880955457687378e-02
1.462743245065212250e-02
1.455206144601106644e-02
1.449263188987970352e-02
1.441059913486242294e-02
1.430081855505704880e-02
1.421255059540271759e-02
1.415710709989070892e-02
1.408599968999624252e-02
1.402749400585889816e-02
1.396593451499938965e-02
1.386581081897020340e-02
1.375420112162828445e-02
1.366154011338949203e-02
1.351111568510532379e-02
1.347211934626102448e-02
1.331835612654685974e-02
1.324880216270685196e-02
1.318294461816549301e-02
1.312820427119731903e-02
1.306608319282531738e-02
1.298593915998935699e-02
1.290231198072433472e-02
1.283371448516845703e-02
1.277967263013124466e-02
1.274088770151138306e-02
1.270551513880491257e-02
1.263076625764369965e-02
1.259650383144617081e-02
1.249438431113958359e-02
1.242705248296260834e-02
1.236574538052082062e-02
1.227873656898736954e-02
1.214725151658058167e-02
1.197593379765748978e-02
1.180539838969707489e-02
1.169690210372209549e-02
1.157436985522508621e-02
1.144083496183156967e-02
1.135527621954679489e-02
1.124929543584585190e-02
1.118641532957553864e-02
1.110992860049009323e-02
1.104542985558509827e-02
1.097144652158021927e-02
1.093335077166557312e-02
1.089300774037837982e-02
1.084022969007492065e-02
1.078817248344421387e-02
1.073180697858333588e-02
1.069182250648736954e-02
1.060608681291341782e-02
1.052036415785551071e-02
1.042495202273130417e-02
1.031305827200412750e-02
1.023665070533752441e-02
1.014261879026889801e-02
1.006271410733461380e-02
1.000064052641391754e-02
9.916329756379127502e-03
9.851353242993354797e-03
9.786128066480159760e-03
9.750770404934883118e-03
9.702065028250217438e-03
9.661847725510597229e-03
9.626090526580810547e-03
9.578232653439044952e-03
9.509866125881671906e-03
9.466446004807949066e-03
9.374288842082023621e-03
9.316580370068550110e-03
9.228399954736232758e-03
9.116227738559246063e-03
9.018954820930957794e-03
8.912737481296062469e-03
8.856200613081455231e-03
8.814631029963493347e-03
8.775470778346061707e-03
8.712308481335639954e-03
8.616860024631023407e-03
8.554532192647457123e-03
8.488386869430541992e-03
8.448312059044837952e-03
8.403502404689788818e-03
8.351999334990978241e-03
8.262602612376213074e-03
8.217455819249153137e-03
8.158560842275619507e-03
8.082275278866291046e-03
7.952956482768058777e-03
7.865213789045810699e-03
7.782477419823408127e-03
7.726479787379503250e-03
7.704509422183036804e-03
7.651632651686668396e-03
7.608519867062568665e-03
7.534378673881292343e-03
7.450297009199857712e-03
7.381587754935026169e-03
7.255660369992256165e-03
7.209249306470155716e-03
7.151552475988864899e-03
7.068197242915630341e-03
7.015708833932876587e-03
6.969882175326347351e-03
6.932079326361417770e-03
6.908977869898080826e-03
6.882500369101762772e-03
6.839373148977756500e-03
6.805610377341508865e-03
6.739186588674783707e-03
6.671683862805366516e-03
6.594134494662284851e-03
6.460139527916908264e-03
6.360477767884731293e-03
6.297018844634294510e-03
6.291493307799100876e-03
6.245466880500316620e-03
6.223679054528474808e-03
6.189908832311630249e-03
6.160218268632888794e-03
6.134794093668460846e-03
6.110543850809335709e-03
6.075043231248855591e-03
6.015097722411155701e-03
5.998937413096427917e-03
5.918838549405336380e-03
5.890419706702232361e-03
5.861702840775251389e-03
5.836709868162870407e-03
5.808447953313589096e-03
5.785363726317882538e-03
5.758524872362613678e-03
5.739079788327217102e-03
5.734386853873729706e-03
5.700926296412944794e-03
5.691605620086193085e-03
5.678698420524597168e-03
5.655216518789529800e-03
5.618155468255281448e-03
5.593859590590000153e-03
5.539776291698217392e-03
5.506748333573341370e-03
5.479799117892980576e-03
5.455069243907928467e-03
5.426849238574504852e-03
5.387220066040754318e-03
5.361272022128105164e-03
5.334742832928895950e-03
5.306154955178499222e-03
5.275571718811988831e-03
5.253830458968877792e-03
5.232199095189571381e-03
5.203034728765487671e-03
5.164223723113536835e-03
5.137618631124496460e-03
5.112934857606887817e-03
5.085396580398082733e-03
5.063422024250030518e-03
5.047630518674850464e-03
5.029702559113502502e-03
5.014139227569103241e-03
4.985876381397247314e-03
4.957709927111864090e-03
4.916487727314233780e-03
4.886228125542402267e-03
4.853087943047285080e-03
4.807958379387855530e-03
4.778534173965454102e-03
4.745771177113056183e-03
4.727087449282407761e-03
4.708501975983381271e-03
4.692703951150178909e-03
4.663298372179269791e-03
4.649140872061252594e-03
4.632082767784595490e-03
4.604316316545009613e-03
4.571263212710618973e-03
4.547439515590667725e-03
4.531970713287591934e-03
4.512060433626174927e-03
4.493250511586666107e-03
4.459075164049863815e-03
4.442499019205570221e-03
4.429006017744541168e-03
4.413396120071411133e-03
4.391975235193967819e-03
4.374514799565076828e-03
4.351099021732807159e-03
4.340282641351222992e-03
4.324679728597402573e-03
4.300616681575775146e-03
4.262515809386968613e-03
4.255567211657762527e-03
4.209905862808227539e-03
4.195882007479667664e-03
4.178573843091726303e-03
4.150588531047105789e-03
4.121964797377586365e-03
4.087302368134260178e-03
4.072130657732486725e-03
4.058860242366790771e-03
4.045431036502122879e-03
4.011662676930427551e-03
3.954225219786167145e-03
3.917742986232042313e-03
3.884091973304748535e-03
3.853187197819352150e-03
3.830176545307040215e-03
3.783262101933360100e-03
3.734704572707414627e-03
3.701457753777503967e-03
3.680378198623657227e-03
3.656690707430243492e-03
3.627433208748698235e-03
3.591752378270030022e-03
3.556983312591910362e-03
3.517535515129566193e-03
3.491696901619434357e-03
3.472119336947798729e-03
3.461385378614068031e-03
3.450315911322832108e-03
3.437046427279710770e-03
3.419910557568073273e-03
3.404339076951146126e-03
3.390196710824966431e-03
3.377911867573857307e-03
3.365376032888889313e-03
3.347710007801651955e-03
3.332502907142043114e-03
3.315649461001157761e-03
3.304382087662816048e-03
3.287559375166893005e-03
3.269582754001021385e-03
3.246349981054663658e-03
3.233868163079023361e-03
3.221611957997083664e-03
3.212390933185815811e-03
3.196933306753635406e-03
3.172099357470870018e-03
3.145782276988029480e-03
3.129810094833374023e-03
3.108955221250653267e-03
3.095418214797973633e-03
3.084776923060417175e-03
3.067559562623500824e-03
3.047574777156114578e-03
3.024966688826680183e-03
2.990439767017960548e-03
2.965197432786226273e-03
2.934102201834321022e-03
2.924497006461024284e-03
2.905371831730008125e-03
2.891728188842535019e-03
2.877485239878296852e-03
2.856658771634101868e-03
2.831753576174378395e-03
2.824673661962151527e-03
2.802590373903512955e-03
2.792779356241226196e-03
2.780313836410641670e-03
2.763987518846988678e-03
2.743072574958205223e-03
2.727570943534374237e-03
2.710765227675437927e-03
2.694741357117891312e-03
2.673279494047164917e-03
2.650154754519462585e-03
2.620719140395522118e-03
2.595191122964024544e-03
2.573041711002588272e-03
2.547925338149070740e-03
2.518978202715516090e-03
2.504279604181647301e-03
2.489982405677437782e-03
2.479689661413431168e-03
2.465887228026986122e-03
2.449035877361893654e-03
2.443724079057574272e-03
2.424601698294281960e-03
2.417532959952950478e-03
2.408535219728946686e-03
2.395201707258820534e-03
2.370614325627684593e-03
2.343008294701576233e-03
2.322148298844695091e-03
2.308991039171814919e-03
2.296137157827615738e-03
2.279228996485471725e-03
2.245844341814517975e-03
2.230979502201080322e-03
2.220718190073966980e-03
2.208852907642722130e-03
2.202102215960621834e-03
2.196622081100940704e-03
2.192802960053086281e-03
2.188633196055889130e-03
2.184197539463639259e-03
2.177525777369737625e-03
2.171562518924474716e-03
2.167074242606759071e-03
2.161742886528372765e-03
2.155680907890200615e-03
2.149891108274459839e-03
2.144930651411414146e-03
2.138040959835052490e-03
2.132048597559332848e-03
2.118862932547926903e-03
2.106101484969258308e-03
2.096775919198989868e-03
2.082521328702569008e-03
2.076436532661318779e-03
2.064961940050125122e-03
2.052315743640065193e-03
2.040135208517313004e-03
2.033104421570897102e-03
2.029890427365899086e-03
2.027183072641491890e-03
2.024254761636257172e-03
2.020413056015968323e-03
2.012862358242273331e-03
2.003111876547336578e-03
1.992703648284077644e-03
1.983228139579296112e-03
1.971081597730517387e-03
1.962573034688830376e-03
1.952468883246183395e-03
1.938834553584456444e-03
1.931365812197327614e-03
1.923002069815993309e-03
1.907671103253960609e-03
1.895262394100427628e-03
1.884981058537960052e-03
1.861227559857070446e-03
1.850784057751297951e-03
1.840413780882954597e-03
1.831681001931428909e-03
1.821152865886688232e-03
1.810078043490648270e-03
1.806780113838613033e-03
1.801723148673772812e-03
1.793222967535257339e-03
1.786478911526501179e-03
1.781286206096410751e-03
1.772364368662238121e-03
1.765624620020389557e-03
1.755881588906049728e-03
1.750109135173261166e-03
1.745354849845170975e-03
1.742159598506987095e-03
1.737748738378286362e-03
1.729768351651728153e-03
1.725514535792171955e-03
1.720084343105554581e-03
1.717939740046858788e-03
1.715763821266591549e-03
1.710247830487787724e-03
1.705699833109974861e-03
1.699034357443451881e-03
1.692736637778580189e-03
1.687509124167263508e-03
1.677619060501456261e-03
1.671723672188818455e-03
1.662562252022325993e-03
1.655607251450419426e-03
1.647984492592513561e-03
1.634193118661642075e-03
1.622265670448541641e-03
1.613944303244352341e-03
1.609166967682540417e-03
1.604979974217712879e-03
1.598791102878749371e-03
1.592976972460746765e-03
1.588147482834756374e-03
1.582856988534331322e-03
1.575858099386096001e-03
1.567471306771039963e-03
1.562733319588005543e-03
1.556326868012547493e-03
1.552469213493168354e-03
1.546666724607348442e-03
1.546045416034758091e-03
1.539482967928051949e-03
1.537098200060427189e-03
1.533736940473318100e-03
1.528605818748474121e-03
1.518694334663450718e-03
1.511506619863212109e-03
1.503599574789404869e-03
1.499628764577209949e-03
1.496391487307846546e-03
1.489826827310025692e-03
1.487018424086272717e-03
1.481952611356973648e-03
1.478516962379217148e-03
1.473453477956354618e-03
1.469538779929280281e-03
1.462785643525421619e-03
1.456122612580657005e-03
1.451683812774717808e-03
1.442610751837491989e-03
1.437670667655766010e-03
1.430061412975192070e-03
1.426619593985378742e-03
1.421816414222121239e-03
1.416918355971574783e-03
1.410207361914217472e-03
1.402429188601672649e-03
1.396303647197782993e-03
1.390010816976428032e-03
1.383285853080451488e-03
1.376934698782861233e-03
1.374040264636278152e-03
1.369917183183133602e-03
1.363626448437571526e-03
1.359139336273074150e-03
1.352136023342609406e-03
1.344837248325347900e-03
1.339994487352669239e-03
1.333477441221475601e-03
1.330711063928902149e-03
1.326533616520464420e-03
1.323673874139785767e-03
1.321683172136545181e-03
1.317763119004666805e-03
1.313702552579343319e-03
1.310280989855527878e-03
1.306088292039930820e-03
1.303215045481920242e-03
1.301244948990643024e-03
1.295392285101115704e-03
1.293389126658439636e-03
1.290650339797139168e-03
1.286610728129744530e-03
1.282173907384276390e-03
1.275341142900288105e-03
1.271758461371064186e-03
1.267357612960040569e-03
1.262576086446642876e-03
1.259235199540853500e-03
1.253822119906544685e-03
1.251764246262609959e-03
1.249142922461032867e-03
1.245820778422057629e-03
1.239816891029477119e-03
1.235248637385666370e-03
1.230276306159794331e-03
1.226585009135305882e-03
1.222718507051467896e-03
1.220714068040251732e-03
1.217935350723564625e-03
1.213606097735464573e-03
1.209239126183092594e-03
1.206093467772006989e-03
1.200508791953325272e-03
1.195665448904037476e-03
1.190150622278451920e-03
1.184034626930952072e-03
1.178368460386991501e-03
1.171459327451884747e-03
1.167272450402379036e-03
1.164278248324990273e-03
1.159070292487740517e-03
1.156419632025063038e-03
1.153226825408637524e-03
1.142957247793674469e-03
1.139552448876202106e-03
1.135939965024590492e-03
1.133074867539107800e-03
1.129849697463214397e-03
1.126947230659425259e-03
1.123822876252233982e-03
1.122461166232824326e-03
1.119509339332580566e-03
1.117870910093188286e-03
1.115093589760363102e-03
1.110691693611443043e-03
1.107608899474143982e-03
1.101226778700947762e-03
1.096580061130225658e-03
1.089950324967503548e-03
1.083520357497036457e-03
1.078201457858085632e-03
1.076739863492548466e-03
1.071966718882322311e-03
1.069742138497531414e-03
1.065734075382351875e-03
1.060086302459239960e-03
1.056967186741530895e-03
1.050783670507371426e-03
1.047139172442257404e-03
1.040919218212366104e-03
1.039194408804178238e-03
1.033275970257818699e-03
1.031029154546558857e-03
1.028441824018955231e-03
1.025015371851623058e-03
1.022570999339222908e-03
1.012188149616122246e-03
1.007940969429910183e-03
1.003871788270771503e-03
1.001205411739647388e-03
9.981591720134019852e-04
9.948458755388855934e-04
9.920038282871246338e-04
9.880630532279610634e-04
9.834055090323090553e-04
9.768911404535174370e-04
9.735728381201624870e-04
9.700160007923841476e-04
9.677617927081882954e-04
9.658730705268681049e-04
9.625701932236552238e-04
9.614414884708821774e-04
9.588804678060114384e-04
9.574901778250932693e-04
9.564176434651017189e-04
9.554335847496986389e-04
9.544235072098672390e-04
9.535176795907318592e-04
9.530028910376131535e-04
9.510374511592090130e-04
9.495519916526973248e-04
9.479537839069962502e-04
9.459592401981353760e-04
9.454095270484685898e-04
9.418223635293543339e-04
9.409062331542372704e-04
9.398675174452364445e-04
9.387005702592432499e-04
9.372654603794217110e-04
9.348472813144326210e-04
9.335135109722614288e-04
9.324881830252707005e-04
9.311785106547176838e-04
9.299595840275287628e-04
9.276628261432051659e-04
9.263738756999373436e-04
9.243664680980145931e-04
9.208568953908979893e-04
9.180024499073624611e-04
9.125093929469585419e-04
9.093310800381004810e-04
9.060969459824264050e-04
9.039235301315784454e-04
9.013951057568192482e-04
8.995482348836958408e-04
8.958788239397108555e-04
8.922131964936852455e-04
8.867310243658721447e-04
8.829358266666531563e-04
8.808284183032810688e-04
8.792871958576142788e-04
8.779714116826653481e-04
8.760300697758793831e-04
8.738593314774334431e-04
8.727251552045345306e-04
8.714452269487082958e-04
8.693684940226376057e-04
8.667320362292230129e-04
8.654476259835064411e-04
8.633494726382195950e-04
8.620717562735080719e-04
8.603394962847232819e-04
8.589559583924710751e-04
8.576140971854329109e-04
8.563756127841770649e-04
8.545864257030189037e-04
8.531491621397435665e-04
8.515375666320323944e-04
8.506757440045475960e-04
8.492849301546812057e-04
8.469953318126499653e-04
8.445676648989319801e-04
8.409398142248392105e-04
8.377133053727447987e-04
8.337975596077740192e-04
8.306291420012712479e-04
8.269642712548375130e-04
8.183438912965357304e-04
8.142428705468773842e-04
8.085077279247343540e-04
8.054956560954451561e-04
8.022183901630342007e-04
7.986139971762895584e-04
7.937932969070971012e-04
7.878087926656007767e-04
7.795465644448995590e-04
7.763188332319259644e-04
7.713352679274976254e-04
7.685555028729140759e-04
7.640035473741590977e-04
7.618369418196380138e-04
7.591104949824512005e-04
7.570688030682504177e-04
7.541161612607538700e-04
7.529139984399080276e-04
7.512844749726355076e-04
7.502401713281869888e-04
7.482572691515088081e-04
7.458201725967228413e-04
7.448832038789987564e-04
7.419848698191344738e-04
7.406695513054728508e-04
7.382254698313772678e-04
7.358990260399878025e-04
7.330292137339711189e-04
7.306429906748235226e-04
7.286037434823811054e-04
7.268803892657160759e-04
7.248035399243235588e-04
7.231119088828563690e-04
7.217821548692882061e-04
7.203095010481774807e-04
7.192359771579504013e-04
7.176860817708075047e-04
7.172778132371604443e-04
7.163674454204738140e-04
7.153526530601084232e-04
7.142276735976338387e-04
7.123642717488110065e-04
7.094128523021936417e-04
7.081593503244221210e-04
7.061113137751817703e-04
7.047982653602957726e-04
7.034325972199440002e-04
7.020363118499517441e-04
7.007457897998392582e-04
6.999112083576619625e-04
6.991921691223978996e-04
6.981035112403333187e-04
6.971460534259676933e-04
6.962798652239143848e-04
6.955094286240637302e-04
6.945960922166705132e-04
6.926567293703556061e-04
6.923782057128846645e-04
6.904841866344213486e-04
6.898073479533195496e-04
6.888602511025965214e-04
6.875623948872089386e-04
6.869062781333923340e-04
6.844754680059850216e-04
6.835852982476353645e-04
6.825388409197330475e-04
6.814302178099751472e-04
6.807408644817769527e-04
6.795495282858610153e-04
6.790324114263057709e-04
6.784574361518025398e-04
6.778995157219469547e-04
6.766990409232676029e-04
6.759323296137154102e-04
6.750099710188806057e-04
6.742769037373363972e-04
6.735416245646774769e-04
6.729930173605680466e-04
6.726121064275503159e-04
6.720742676407098770e-04
6.716464413329958916e-04
6.708239088766276836e-04
6.700044614262878895e-04
6.686886772513389587e-04
6.672300514765083790e-04
6.661408115178346634e-04
6.644623354077339172e-04
6.637999322265386581e-04
6.627631955780088902e-04
6.614224403165280819e-04
6.603678921237587929e-04
6.598600884899497032e-04
6.589111872017383575e-04
6.576213636435568333e-04
6.563483038917183876e-04
6.549378158524632454e-04
6.533405394293367863e-04
6.517751025967299938e-04
6.498676375485956669e-04
6.487641367129981518e-04
6.476019043475389481e-04
6.465030019171535969e-04
6.457108538597822189e-04
6.448643398471176624e-04
6.431459332816302776e-04
6.419377750717103481e-04
6.401744903996586800e-04
6.384997395798563957e-04
6.365011795423924923e-04
6.329809548333287239e-04
6.300021195784211159e-04
6.272476166486740112e-04
6.251307204365730286e-04
6.236820481717586517e-04
6.223923410288989544e-04
6.196478498168289661e-04
6.184233352541923523e-04
6.168712279759347439e-04
6.156649324111640453e-04
6.143104983493685722e-04
6.127041997388005257e-04
6.111245020292699337e-04
6.100082537159323692e-04
6.088842055760324001e-04
6.077669677324593067e-04
6.056284764781594276e-04
6.038028514012694359e-04
6.022002198733389378e-04
6.010993965901434422e-04
6.000371067784726620e-04
5.990624194964766502e-04
5.974225350655615330e-04
5.966245662420988083e-04
5.953379441052675247e-04
5.945239099673926830e-04
5.933500360697507858e-04
5.918334354646503925e-04
5.899392999708652496e-04
5.880411481484770775e-04
5.862193065695464611e-04
5.855099880136549473e-04
5.845864070579409599e-04
5.831517046317458153e-04
5.817849887534976006e-04
5.802798550575971603e-04
5.793391028419137001e-04
5.783434608019888401e-04
5.773976445198059082e-04
5.765234236605465412e-04
5.753933219239115715e-04
5.740075139328837395e-04
5.729900440201163292e-04
5.714347935281693935e-04
5.711889243684709072e-04
5.691402475349605083e-04
5.675755674019455910e-04
5.656457506120204926e-04
5.633845576085150242e-04
5.606789491139352322e-04
5.585021572187542915e-04
5.572367808781564236e-04
5.557804834097623825e-04
5.542693543247878551e-04
5.516458186320960522e-04
5.507428431883454323e-04
5.479620303958654404e-04
5.471102194860577583e-04
5.459229578264057636e-04
5.440210225060582161e-04
5.428929580375552177e-04
5.412450409494340420e-04
5.399120855145156384e-04
5.385142285376787186e-04
5.362204974517226219e-04
5.344895762391388416e-04
5.320286727510392666e-04
5.306385573931038380e-04
5.298813339322805405e-04
5.290476256050169468e-04
5.274352151900529861e-04
5.265017389319837093e-04
5.249827518127858639e-04
5.242188926786184311e-04
5.228755180723965168e-04
5.218759179115295410e-04
5.210627568885684013e-04
5.202337051741778851e-04
5.184808978810906410e-04
5.171821685507893562e-04
5.149031057953834534e-04
5.132046062499284744e-04
5.109634366817772388e-04
5.091932252980768681e-04
5.073167267255485058e-04
5.064041470177471638e-04
5.050739273428916931e-04
5.042431876063346863e-04
5.034406203776597977e-04
5.020733224228024483e-04
5.007405998185276985e-04
4.986114799976348877e-04
4.975992487743496895e-04
4.958189092576503754e-04
4.947041161358356476e-04
4.934226162731647491e-04
4.923435626551508904e-04
4.913901211693882942e-04
4.900481435470283031e-04
4.888898693025112152e-04
4.878353793174028397e-04
4.867408424615859985e-04
4.858185420744121075e-04
4.848553508054465055e-04
4.828959354199469090e-04
4.816824803128838539e-04
4.805575008504092693e-04
4.781633324455469847e-04
4.773797700181603432e-04
4.762968746945261955e-04
4.752920358441770077e-04
4.735447873827069998e-04
4.731003427878022194e-04
4.714397946372628212e-04
4.706316976808011532e-04
4.697371914517134428e-04
4.686862812377512455e-04
4.681025457102805376e-04
4.671218630392104387e-04
4.666194727178663015e-04
4.658587567973881960e-04
4.652367788366973400e-04
4.647239402402192354e-04
4.637275706045329571e-04
4.630264593288302422e-04
4.616890801116824150e-04
4.610832256730645895e-04
4.595390346366912127e-04
4.586369032040238380e-04
4.576516512315720320e-04
4.570060700643807650e-04
4.557439824566245079e-04
4.545031988527625799e-04
4.515783803071826696e-04
4.485787358134984970e-04
4.469992127269506454e-04
4.453423316590487957e-04
4.445858357939869165e-04
4.438513424247503281e-04
4.427965322975069284e-04
4.421220219228416681e-04
4.412536800373345613e-04
4.409096436575055122e-04
4.404623759910464287e-04
4.396864096634089947e-04
4.387796507216989994e-04
4.382007464300841093e-04
4.374985583126544952e-04
4.369979142211377621e-04
4.363646730780601501e-04
4.350447270553559065e-04
4.344772896729409695e-04
4.333586257416754961e-04
4.327180213294923306e-04
4.321909218560904264e-04
4.317382117733359337e-04
4.307176859583705664e-04
4.298058629501610994e-04
4.292852536309510469e-04
4.287480260245501995e-04
4.283117305021733046e-04
4.271593352314084768e-04
4.268671036697924137e-04
4.260802234057337046e-04
4.254113882780075073e-04
4.250516940373927355e-04
4.246652242727577686e-04
4.241523856762796640e-04
4.230311315041035414e-04
4.221807175781577826e-04
4.216415109112858772e-04
4.212038766127079725e-04
4.207692109048366547e-04
4.203050630167126656e-04
4.198367823846638203e-04
4.193988861516118050e-04
4.187230952084064484e-04
4.181941912975162268e-04
4.173673223704099655e-04
4.169667372480034828e-04
4.162577679380774498e-04
4.155693750362843275e-04
4.148632870055735111e-04
4.142735560890287161e-04
4.137279465794563293e-04
4.133165348321199417e-04
4.130293091293424368e-04
4.125299165025353432e-04
4.124640545342117548e-04
4.120233643334358931e-04
4.118412907700985670e-04
4.115275514777749777e-04
4.110787122044712305e-04
4.107401473447680473e-04
4.103022511117160320e-04
4.100204096175730228e-04
4.096895281691104174e-04
4.089099820703268051e-04
4.085230175405740738e-04
4.077344783581793308e-04
4.069974820595234632e-04
4.063915112055838108e-04
4.057018377352505922e-04
4.052091680932790041e-04
4.047989496029913425e-04
4.044764209538698196e-04
4.040929779876023531e-04
4.037191683892160654e-04
4.034399462398141623e-04
4.029631090816110373e-04
4.025805392302572727e-04
4.019472689833492041e-04
4.015227023046463728e-04
4.012698482256382704e-04
4.010458360426127911e-04
4.006759554613381624e-04
4.004453658126294613e-04
4.002458299510180950e-04
3.998447209596633911e-04
3.996559244114905596e-04
3.992691927123814821e-04
3.989742835983633995e-04
3.986491647083312273e-04
3.985943912994116545e-04
3.982989583164453506e-04
3.981803311035037041e-04
3.979964531026780605e-04
3.978851309511810541e-04
3.976395819336175919e-04
3.973974962718784809e-04
3.970373654738068581e-04
3.967039519920945168e-04
3.963862254749983549e-04
3.961957118008285761e-04
3.959764144383370876e-04
3.957223379984498024e-04
3.954962594434618950e-04
3.951014950871467590e-04
3.948303929064422846e-04
3.944192139897495508e-04
3.939389134757220745e-04
3.935323038604110479e-04
3.929169033654034138e-04
3.926419885829091072e-04
3.922836913261562586e-04
3.918598231393843889e-04
3.916205896530300379e-04
3.911270177923142910e-04
3.908171784132719040e-04
3.904376644641160965e-04
3.899418807122856379e-04
3.890497318934649229e-04
3.885690821334719658e-04
3.874712274409830570e-04
3.870218351949006319e-04
3.864094032905995846e-04
3.861579461954534054e-04
3.858015406876802444e-04
3.852022928185760975e-04
3.845556639134883881e-04
3.834003000520169735e-04
3.829068446066230536e-04
3.814962110482156277e-04
3.809981280937790871e-04
3.806242020800709724e-04
3.798945399466902018e-04
3.792497154790908098e-04
3.785517183132469654e-04
3.781831765081733465e-04
3.777907113544642925e-04
3.773554635699838400e-04
3.769964387174695730e-04
3.768271999433636665e-04
3.764914290513843298e-04
3.762684063985943794e-04
3.759212850127369165e-04
3.756162186618894339e-04
3.753861819859594107e-04
3.748220624402165413e-04
3.746256115846335888e-04
3.742120461538434029e-04
3.739864623639732599e-04
3.736829385161399841e-04
3.733409976121038198e-04
3.728916053660213947e-04
3.722382243722677231e-04
3.715007042046636343e-04
3.707862051669508219e-04
3.697960055433213711e-04
3.688572905957698822e-04
3.681701782625168562e-04
3.676715132314711809e-04
3.670156875159591436e-04
3.656555491033941507e-04
3.648800193332135677e-04
3.638903726823627949e-04
3.633866435848176479e-04
3.617984766606241465e-04
3.606772515922784805e-04
3.602399083320051432e-04
3.597299510147422552e-04
3.595333837438374758e-04
3.591463610064238310e-04
3.585570375435054302e-04
3.575353475753217936e-04
3.570400585886090994e-04
3.561278863344341516e-04
3.554901340976357460e-04
3.546431835275143385e-04
3.537382872309535742e-04
3.529767564032226801e-04
3.520833561196923256e-04
3.509391681291162968e-04
3.493405820336192846e-04
3.467485657893121243e-04
3.448800998739898205e-04
3.434951649978756905e-04
3.413069644011557102e-04
3.393711522221565247e-04
3.386605239938944578e-04
3.378202673047780991e-04
3.373381332494318485e-04
3.364651638548821211e-04
3.356679517310112715e-04
3.352702478878200054e-04
3.348514437675476074e-04
3.345476870890706778e-04
3.340748371556401253e-04
3.335537039674818516e-04
3.328320453874766827e-04
3.323688870295882225e-04
3.317575610708445311e-04
3.310634929221123457e-04
3.297167713753879070e-04
3.292738983873277903e-04
3.286285209469497204e-04
3.281486860942095518e-04
3.276184143032878637e-04
3.268762084189802408e-04
3.258843207731842995e-04
3.249029687140136957e-04
3.241489757783710957e-04
3.237832570448517799e-04
3.232848539482802153e-04
3.224772808607667685e-04
3.217581834178417921e-04
3.204206586815416813e-04
3.195041208527982235e-04
3.185921232216060162e-04
3.179886261932551861e-04
3.174413286615163088e-04
3.163857327308505774e-04
3.156769380439072847e-04
3.152013232465833426e-04
3.148212563246488571e-04
3.146793460473418236e-04
3.144862712360918522e-04
3.137998282909393311e-04
3.131033736281096935e-04
3.121786576230078936e-04
3.111562691628932953e-04
3.103965427726507187e-04
3.097683365922421217e-04
3.092946135438978672e-04
3.076347929891198874e-04
3.073658735956996679e-04
3.063888871110975742e-04
3.059193550143390894e-04
3.053336986340582371e-04
3.047653008252382278e-04
3.043864853680133820e-04
3.039831644855439663e-04
3.036122943740338087e-04
3.030607185792177916e-04
3.027013735845685005e-04
3.021851007360965014e-04
3.018013958353549242e-04
3.014204266946762800e-04
3.011902444995939732e-04
3.008163766935467720e-04
3.003828460350632668e-04
2.999822609126567841e-04
2.996119728777557611e-04
2.992326917592436075e-04
2.988255000673234463e-04
2.982782316394150257e-04
2.980524441227316856e-04
2.976151881739497185e-04
2.970440546050667763e-04
2.963900915347039700e-04
2.958535624202340841e-04
2.952537324745208025e-04
2.950248017441481352e-04
2.946714230347424746e-04
2.942869905382394791e-04
2.940627746284008026e-04
2.934707736130803823e-04
2.931774361059069633e-04
2.927321183960884809e-04
2.920214610639959574e-04
2.916544908657670021e-04
2.909440954681485891e-04
2.905867586378008127e-04
2.900700783357024193e-04
2.894053177442401648e-04
2.886723959818482399e-04
2.880744868889451027e-04
2.876347862184047699e-04
2.872989862225949764e-04
2.867037255782634020e-04
2.859095402527600527e-04
2.850380842573940754e-04
2.837400534190237522e-04
2.833204052876681089e-04
2.827627467922866344e-04
2.825145202223211527e-04
2.821768575813621283e-04
2.816286578308790922e-04
2.808345889206975698e-04
2.802251256071031094e-04
2.798509958665817976e-04
2.794503234326839447e-04
2.788444107864052057e-04
2.780985087156295776e-04
2.770467253867536783e-04
2.768056874629110098e-04
2.759066992439329624e-04
2.755307359620928764e-04
2.746780519373714924e-04
2.737512113526463509e-04
2.730172418523579836e-04
2.723835350479930639e-04
2.719741314649581909e-04
2.716347516980022192e-04
2.707772364374250174e-04
2.704364014789462090e-04
2.700161712709814310e-04
2.698145981412380934e-04
2.696645096875727177e-04
2.693138085305690765e-04
2.689845277927815914e-04
2.687156666070222855e-04
2.683718630578368902e-04
2.682097547221928835e-04
2.679537865333259106e-04
2.671742986422032118e-04
2.668848901521414518e-04
2.664329367689788342e-04
2.662945480551570654e-04
2.660620375536382198e-04
2.657158765941858292e-04
2.653005067259073257e-04
2.647280925884842873e-04
2.642629260662943125e-04
2.638623991515487432e-04
2.634872507769614458e-04
2.632904215715825558e-04
2.628660586196929216e-04
2.626497589517384768e-04
2.623031323309987783e-04
2.620371524244546890e-04
2.616571728140115738e-04
2.612942480482161045e-04
2.609817311167716980e-04
2.602533786557614803e-04
2.592674572952091694e-04
2.585385227575898170e-04
2.580019063316285610e-04
2.575546095613390207e-04
2.572610974311828613e-04
2.569874923210591078e-04
2.565922040957957506e-04
2.562932495493441820e-04
2.561637666076421738e-04
2.559688291512429714e-04
2.558146952651441097e-04
2.555453684180974960e-04
2.551951620262116194e-04
2.548890770412981510e-04
2.545978059060871601e-04
2.544673916418105364e-04
2.543380542192608118e-04
2.541883441153913736e-04
2.540827554184943438e-04
2.539035049267113209e-04
2.537459076847881079e-04
2.536529500503093004e-04
2.534610102884471416e-04
2.532767539378255606e-04
2.530051569920033216e-04
2.528587356209754944e-04
2.527139440644532442e-04
2.525662130210548639e-04
2.524940937291830778e-04
2.523295697756111622e-04
2.522402792237699032e-04
2.521694113966077566e-04
2.520972630009055138e-04
2.520082343835383654e-04
2.519379486329853535e-04
2.518335822969675064e-04
2.517501416150480509e-04
2.516409731470048428e-04
2.515428641345351934e-04
2.514096267987042665e-04
2.512535138521343470e-04
2.511287748347967863e-04
2.509276673663407564e-04
2.507295575924217701e-04
2.505508018657565117e-04
2.503533032722771168e-04
2.502089482732117176e-04
2.499505353625863791e-04
2.497170935384929180e-04
2.494735526852309704e-04
2.491136838216334581e-04
2.487810561433434486e-04
2.485799195710569620e-04
2.479400718584656715e-04
2.476214722264558077e-04
2.473735366947948933e-04
2.472228370606899261e-04
2.471098559908568859e-04
2.468624443281441927e-04
2.466828445903956890e-04
2.463935816194862127e-04
2.461832482367753983e-04
2.460395626258105040e-04
2.457579830661416054e-04
2.456002403050661087e-04
2.454066416248679161e-04
2.451837644912302494e-04
2.449530002195388079e-04
2.446705766487866640e-04
2.443952253088355064e-04
2.441873948555439711e-04
2.440620737615972757e-04
2.439826639601960778e-04
2.437446237308904529e-04
2.435596834402531385e-04
2.434058988001197577e-04
2.430925669614225626e-04
2.429798769298940897e-04
2.426581486361101270e-04
2.424079430056735873e-04
2.423598052700981498e-04
2.420378878014162183e-04
2.419029624434188008e-04
2.417521027382463217e-04
2.416580100543797016e-04
2.414725167909637094e-04
2.411940222373232245e-04
2.409728331258520484e-04
2.408229629509150982e-04
2.406858984613791108e-04
2.404558035777881742e-04
2.401278325123712420e-04
2.399111399427056313e-04
2.394808543613180518e-04
2.391766465734690428e-04
2.387975837336853147e-04
2.383943501627072692e-04
2.381769445491954684e-04
2.377444179728627205e-04
2.372284507146105170e-04
2.367818669881671667e-04
2.362129162065684795e-04
2.359911741223186255e-04
2.355709148105233908e-04
2.353623858653008938e-04
2.350547729292884469e-04
2.346247929381206632e-04
2.343414089409634471e-04
2.338002668693661690e-04
2.336028119316324592e-04
2.333251468371599913e-04
2.330032148165628314e-04
2.325071109225973487e-04
2.322421496501192451e-04
2.318590268259868026e-04
2.315848832949995995e-04
2.311380085302516818e-04
2.308729744981974363e-04
2.304767986061051488e-04
2.303021465195342898e-04
2.300669002579525113e-04
2.298363106092438102e-04
2.295364538440480828e-04
2.289957046741619706e-04
2.288391115143895149e-04
2.285345981363207102e-04
2.283320645801723003e-04
2.280764019815251231e-04
2.277733146911486983e-04
2.275824517710134387e-04
2.273612772114574909e-04
2.271918638143688440e-04
2.270610566483810544e-04
2.267573436256498098e-04
2.266219380544498563e-04
2.263983478769659996e-04
2.262211783090606332e-04
2.260460169054567814e-04
2.258268359582871199e-04
2.255261497339233756e-04
2.253562124678865075e-04
2.251014811918139458e-04
2.248978125862777233e-04
2.246925287181511521e-04
2.244763309136033058e-04
2.241289039375260472e-04
2.239586465293541551e-04
2.234483399661257863e-04
2.230548998340964317e-04
2.227288059657439590e-04
2.225426142103970051e-04
2.223905466962605715e-04
2.222370239906013012e-04
2.218656882178038359e-04
2.214188862126320601e-04
2.213128173025324941e-04
2.209850354120135307e-04
2.207105280831456184e-04
2.202473406214267015e-04
2.198063011746853590e-04
2.195566776208579540e-04
2.192277315771207213e-04
2.190014201914891601e-04
2.187069330830127001e-04
2.181714808102697134e-04
2.180746232625097036e-04
2.173359680455178022e-04
2.171343803638592362e-04
2.169465587940067053e-04
2.167816564906388521e-04
2.165583864552900195e-04
2.162838354706764221e-04
2.161104639526456594e-04
2.159597352147102356e-04
2.157448616344481707e-04
2.155206602765247226e-04
2.153519017156213522e-04
2.150925720343366265e-04
2.149635838577523828e-04
2.148144994862377644e-04
2.146343322237953544e-04
2.144201134797185659e-04
2.142436278518289328e-04
2.141055883839726448e-04
2.139304415322840214e-04
2.137145347660407424e-04
2.132998779416084290e-04
2.131498913513496518e-04
2.128758351318538189e-04
2.126829349435865879e-04
2.125030441675335169e-04
2.122592268278822303e-04
2.119616547133773565e-04
2.117121912306174636e-04
2.113704977091401815e-04
2.111642097588628531e-04
2.108727785525843501e-04
2.105975581798702478e-04
2.103998413076624274e-04
2.101488353218883276e-04
2.098533441312611103e-04
2.095718227792531252e-04
2.092955837724730372e-04
2.091782225761562586e-04
2.090838679578155279e-04
2.090001507895067334e-04
2.087579196086153388e-04
2.086444146698340774e-04
2.084860316244885325e-04
2.083292201859876513e-04
2.082147693727165461e-04
2.080234698951244354e-04
2.076005475828424096e-04
2.074400108540430665e-04
2.069346082862466574e-04
2.067499008262529969e-04
2.065372682409361005e-04
2.062735293293371797e-04
2.059357357211410999e-04
2.056237426586449146e-04
2.053635398624464869e-04
2.050796756520867348e-04
2.048383612418547273e-04
2.044741704594343901e-04
2.041168336290866137e-04
2.035941142821684480e-04
2.031925250776112080e-04
2.027512964559718966e-04
2.024323912337422371e-04
2.022398548433557153e-04
2.018675149884074926e-04
2.015578356804326177e-04
2.013001358136534691e-04
2.011243195738643408e-04
2.009654999710619450e-04
2.007824514294043183e-04
2.006767172133550048e-04
2.005216520046815276e-04
2.004141861107200384e-04
2.002018009079620242e-04
2.000335371121764183e-04
1.998557709157466888e-04
1.997482468141242862e-04
1.996397913899272680e-04
1.994673220906406641e-04
1.992353354580700397e-04
1.990570017369464040e-04
1.988574513234198093e-04
1.986414717976003885e-04
1.984202826861292124e-04
1.981778186745941639e-04
1.979545922949910164e-04
1.977496722247451544e-04
1.974109181901440024e-04
1.972828613361343741e-04
1.970120356418192387e-04
1.968880387721583247e-04
1.966979616554453969e-04
1.965209230547770858e-04
1.963603426702320576e-04
1.961992820724844933e-04
1.960490189958363771e-04
1.959180372068658471e-04
1.955864136107265949e-04
1.953598693944513798e-04
1.951392041519284248e-04
1.949026336660608649e-04
1.948065619217231870e-04
1.946694828802719712e-04
1.944731920957565308e-04
1.942173403222113848e-04
1.941481168614700437e-04
1.939297508215531707e-04
1.938473433256149292e-04
1.937322085723280907e-04
1.935481850523501635e-04
1.933293824549764395e-04
1.931383158080279827e-04
1.929885620484128594e-04
1.928798737935721874e-04
1.926907279994338751e-04
1.925424730870872736e-04
1.924080570461228490e-04
1.922609371831640601e-04
1.921778020914644003e-04
1.920465874718502164e-04
1.919453352456912398e-04
1.917786576086655259e-04
1.915955363074317575e-04
1.914754102472215891e-04
1.912252628244459629e-04
1.911077415570616722e-04
1.909667771542444825e-04
1.908369158627465367e-04
1.906515535665675998e-04
1.903854863485321403e-04
1.901760988403111696e-04
1.899946655612438917e-04
1.898608752526342869e-04
1.895307213999330997e-04
1.892941800178959966e-04
1.890153071144595742e-04
1.888835831778123975e-04
1.887906400952488184e-04
1.887038961285725236e-04
1.886513928184285760e-04
1.885459205368533731e-04
1.885017991298809648e-04
1.884006778709590435e-04
1.882872020360082388e-04
1.881182251963764429e-04
1.879251212812960148e-04
1.878407638287171721e-04
1.876671740319579840e-04
1.876068708952516317e-04
1.875335874501615763e-04
1.873933069873601198e-04
1.872508146334439516e-04
1.870563282864168286e-04
1.868531835498288274e-04
1.866961683845147491e-04
1.864968944573774934e-04
1.862520148279145360e-04
1.860052871052175760e-04
1.857539318734779954e-04
1.855050795711576939e-04
1.854090078268200159e-04
1.851518754847347736e-04
1.849874388426542282e-04
1.847988896770402789e-04
1.846777740865945816e-04
1.845134975155815482e-04
1.843746867962181568e-04
1.843542559072375298e-04
1.842267229221761227e-04
1.841600751504302025e-04
1.840950717451050878e-04
1.840283512137830257e-04
1.839076430769637227e-04
1.838316675275564194e-04
1.837164745666086674e-04
1.836308510974049568e-04
1.834902795962989330e-04
1.833326969062909484e-04
1.831964182201772928e-04
1.830695837270468473e-04
1.829499087762087584e-04
1.828573585953563452e-04
1.826943625928834081e-04
1.825614453991875052e-04
1.824922946980223060e-04
1.823680504458025098e-04
1.822554768295958638e-04
1.821041514631360769e-04
1.819251483539119363e-04
1.818336750147864223e-04
1.815480354707688093e-04
1.814243878470733762e-04
1.812682603485882282e-04
1.811497641028836370e-04
1.810437825042754412e-04
1.809250534279271960e-04
1.808122324291616678e-04
1.806663931347429752e-04
1.804735511541366577e-04
1.804165076464414597e-04
1.802901533665135503e-04
1.802551123546436429e-04
1.801851904019713402e-04
1.800696772988885641e-04
1.800159807316958904e-04
1.798848825274035335e-04
1.797664881451055408e-04
1.796632277546450496e-04
1.795704447431489825e-04
1.794904819689691067e-04
1.793388655642047524e-04
1.792486873455345631e-04
1.791501708794385195e-04
1.791072281775996089e-04
1.789716479834169149e-04
1.788850931916385889e-04
1.787616056390106678e-04
1.785938366083428264e-04
1.784825290087610483e-04
1.783055777195841074e-04
1.781552273314446211e-04
1.780005841283127666e-04
1.778714940883219242e-04
1.776212011463940144e-04
1.774662960087880492e-04
1.771881943568587303e-04
1.771103852661326528e-04
1.769705850165337324e-04
1.769177470123395324e-04
1.768407819326967001e-04
1.767494832165539265e-04
1.766625937307253480e-04
1.765483320923522115e-04
1.764416811056435108e-04
1.763736072462052107e-04
1.762769097695127130e-04
1.761955209076404572e-04
1.760957529768347740e-04
1.759984006639569998e-04
1.759720908012241125e-04
1.758815633365884423e-04
1.758275175234302878e-04
1.757257414283230901e-04
1.756128040142357349e-04
1.754530239850282669e-04
1.754348922986537218e-04
1.753096585161983967e-04
1.752824318828061223e-04
1.751930831233039498e-04
1.750500669004395604e-04
1.748595823301002383e-04
1.746322377584874630e-04
1.744648761814460158e-04
1.743022876325994730e-04
1.741416053846478462e-04
1.738210703479126096e-04
1.734032994136214256e-04
1.732140808599069715e-04
1.729641808196902275e-04
1.728213101159781218e-04
1.726009068079292774e-04
1.724845060380175710e-04
1.723349705571308732e-04
1.722832530504092574e-04
1.722159795463085175e-04
1.721441658446565270e-04
1.720520085655152798e-04
1.719723222777247429e-04
1.718907442409545183e-04
1.718265411909669638e-04
1.717924023978412151e-04
1.717542181722819805e-04
1.716559927444905043e-04
1.716067490633577108e-04
1.715350081212818623e-04
1.714920072117820382e-04
1.713904493954032660e-04
1.712852681521326303e-04
1.711665536276996136e-04
1.709860953269526362e-04
1.708849886199459434e-04
1.706854382064193487e-04
1.705707400105893612e-04
1.704404858173802495e-04
1.702848967397585511e-04
1.701860601315274835e-04
1.699646090855821967e-04
1.698327541816979647e-04
1.697263796813786030e-04
1.696205144980922341e-04
1.695336832199245691e-04
1.694444654276594520e-04
1.693604135653004050e-04
1.692060031928122044e-04
1.691147772362455726e-04
1.689841883489862084e-04
1.688578922767192125e-04
1.687426120042800903e-04
1.685284514678642154e-04
1.684076414676383138e-04
1.682561123743653297e-04
1.681263674981892109e-04
1.679890265222638845e-04
1.678769622230902314e-04
1.677356922300532460e-04
1.676232641329988837e-04
1.674266386544331908e-04
1.672810758464038372e-04
1.671919162617996335e-04
1.670315687078982592e-04
1.669489574851468205e-04
1.668685290496796370e-04
1.667114411247894168e-04
1.665462623350322247e-04
1.663509610807523131e-04
1.661190035520121455e-04
1.658911351114511490e-04
1.656835229368880391e-04
1.655269006732851267e-04
1.653828367125242949e-04
1.652734063100069761e-04
1.651277416385710239e-04
1.649916957831010222e-04
1.648695615585893393e-04
1.647455646889284253e-04
1.646398595767095685e-04
1.645630691200494766e-04
1.644563599256798625e-04
1.643791765673086047e-04
1.642694987822324038e-04
1.641812268644571304e-04
1.640314440010115504e-04
1.639762049308046699e-04
1.638813700992614031e-04
1.637822861084714532e-04
1.636843080632388592e-04
1.635383669054135680e-04
1.634651416679844260e-04
1.633638603379949927e-04
1.632539933780208230e-04
1.631581108085811138e-04
1.631032646400853992e-04
1.630324259167537093e-04
1.629531325306743383e-04
1.628860336495563388e-04
1.627417368581518531e-04
1.626738958293572068e-04
1.625506120035424829e-04
1.624659489607438445e-04
1.623636781005188823e-04
1.621722476556897163e-04
1.620380062377080321e-04
1.617387461010366678e-04
1.614863576833158731e-04
1.612432824913412333e-04
1.610804756637662649e-04
1.609020691830664873e-04
1.607104350114241242e-04
1.603422861080616713e-04
1.599514362169429660e-04
1.595520006958395243e-04
1.592286425875499845e-04
1.589642342878505588e-04
1.588626764714717865e-04
1.586271246196702123e-04
1.584668789291754365e-04
1.583886478329077363e-04
1.583041448611766100e-04
1.582748664077371359e-04
1.582320837769657373e-04
1.581629912834614515e-04
1.580850803293287754e-04
1.579919335199519992e-04
1.579106756253167987e-04
1.578064402565360069e-04
1.577408547746017575e-04
1.576492068124935031e-04
1.576243521412834525e-04
1.575592614244669676e-04
1.574922498548403382e-04
1.574189227540045977e-04
1.573202753206714988e-04
1.571932807564735413e-04
1.570535096107050776e-04
1.567284925840795040e-04
1.566457358421757817e-04
1.564686390338465571e-04
1.562068064231425524e-04
1.559397496748715639e-04
1.558270450914278626e-04
1.556273637106642127e-04
1.555250491946935654e-04
1.553797046653926373e-04
1.552520407130941749e-04
1.550473243696615100e-04
1.548807776998728514e-04
1.547497085994109511e-04
1.545970881124958396e-04
1.544212427688762546e-04
1.543752296129241586e-04
1.542014360893517733e-04
1.540970988571643829e-04
1.539316290291026235e-04
1.537510397611185908e-04
1.536962518002837896e-04
1.534445618744939566e-04
1.533496542833745480e-04
1.532262540422379971e-04
1.530716108391061425e-04
1.529240689706057310e-04
1.526879932498559356e-04
1.525390689494088292e-04
1.523617829661816359e-04
1.523222745163366199e-04
1.521499943919479847e-04
1.520435034763067961e-04
1.518680219305679202e-04
1.517039054306223989e-04
1.514882314950227737e-04
1.513267343398183584e-04
1.512161397840827703e-04
1.511339360149577260e-04
1.510553556727245450e-04
1.509747089585289359e-04
1.508824352640658617e-04
1.507320994278416038e-04
1.506359549239277840e-04
1.505385589553043246e-04
1.504727551946416497e-04
1.504227984696626663e-04
1.503082748968154192e-04
1.502133527537807822e-04
1.500620855949819088e-04
1.498972997069358826e-04
1.497846824349835515e-04
1.495305914431810379e-04
1.494735188316553831e-04
1.490519498474895954e-04
1.489221613155677915e-04
1.487904519308358431e-04
1.486846304032951593e-04
1.485605607740581036e-04
1.482729130657389760e-04
1.482252846471965313e-04
1.479908241890370846e-04
1.478809426771476865e-04
1.476753677707165480e-04
1.474415184929966927e-04
1.473351003369316459e-04
1.472121221013367176e-04
1.471556897740811110e-04
1.470873976359143853e-04
1.469719863962382078e-04
1.469149137847125530e-04
1.467318070353940129e-04
1.466001558583229780e-04
1.464607485104352236e-04
1.462895888835191727e-04
1.461775682400912046e-04
1.459495397284626961e-04
1.457108737668022513e-04
1.455188903491944075e-04
1.452780707040801644e-04
1.451662537874653935e-04
1.450000854674726725e-04
1.448017428629100323e-04
1.443995279259979725e-04
1.442691718693822622e-04
1.440426422050222754e-04
1.438941690139472485e-04
1.438022882211953402e-04
1.437230093870311975e-04
1.436488673789426684e-04
1.435665471944957972e-04
1.434114819858223200e-04
1.432293938705697656e-04
1.430652773706242442e-04
1.428202522220090032e-04
1.427266834070906043e-04
1.425405644113197923e-04
1.422786008333787322e-04
1.420412590960040689e-04
1.416831801179796457e-04
1.415076694684103131e-04
1.412455312674865127e-04
1.411637931596487761e-04
1.410732947988435626e-04
1.409166434314101934e-04
1.407239615218713880e-04
1.405806979164481163e-04
1.404804643243551254e-04
1.403766218572854996e-04
1.402894413331523538e-04
1.401884364895522594e-04
1.400997425662353635e-04
1.400128821842372417e-04
1.398970780428498983e-04
1.397503074258565903e-04
1.396724692313000560e-04
1.395367144141346216e-04
1.394827122567221522e-04
1.393801649101078510e-04
1.391638943459838629e-04
1.390140969306230545e-04
1.387791708111763000e-04
1.386158546665683389e-04
1.384403149131685495e-04
1.382355840178206563e-04
1.379782188450917602e-04
1.374277780996635556e-04
1.373059349134564400e-04
1.370789832435548306e-04
1.369340170640498400e-04
1.367312506772577763e-04
1.365557545796036720e-04
1.364026975352317095e-04
1.363176852464675903e-04
1.362576294923201203e-04
1.361786125926300883e-04
1.360068999929353595e-04
1.359449670417234302e-04
1.358420413453131914e-04
1.357409200863912702e-04
1.356521825073286891e-04
1.355374261038377881e-04
1.354014966636896133e-04
1.352011022390797734e-04
1.350200036540627480e-04
1.348497171420603991e-04
1.347107609035447240e-04
1.346051576547324657e-04
1.345132186543196440e-04
1.343859621556475759e-04
1.343389303656294942e-04
1.342628529528155923e-04
1.341955066891387105e-04
1.340432645520195365e-04
1.339530281256884336e-04
1.337969151791185141e-04
1.336867135250940919e-04
1.335566776106134057e-04
1.334575790679082274e-04
1.333074033027514815e-04
1.331732637481763959e-04
1.330978702753782272e-04
1.330045342911034822e-04
1.329420920228585601e-04
1.328445068793371320e-04
1.327294303337112069e-04
1.325769553659483790e-04
1.324847398791462183e-04
1.323296892223879695e-04
1.322157622780650854e-04
1.321757736150175333e-04
1.321016607107594609e-04
1.320582523476332426e-04
1.319599978160113096e-04
1.319469592999666929e-04
1.318506838288158178e-04
1.318090944550931454e-04
1.317676942562684417e-04
1.317011774517595768e-04
1.316598209086805582e-04
1.315803092438727617e-04
1.315136032644659281e-04
1.314422261202707887e-04
1.313339162152260542e-04
1.312777749262750149e-04
1.312170497840270400e-04
1.311621599597856402e-04
1.311144151259213686e-04
1.310406369157135487e-04
1.310068037128075957e-04
1.309444778598845005e-04
1.309000363107770681e-04
1.308183418586850166e-04
1.307247002841904759e-04
1.306430785916745663e-04
1.305639452766627073e-04
1.304810866713523865e-04
1.304187608184292912e-04
1.302610180573537946e-04
1.302019954891875386e-04
1.301339361816644669e-04
1.300978037761524320e-04
1.300510339206084609e-04
1.299913128605112433e-04
1.298664428759366274e-04
1.298264396609738469e-04
1.297737471759319305e-04
1.297534763580188155e-04
1.297097769565880299e-04
1.296836853725835681e-04
1.296523114433512092e-04
1.296137779718264937e-04
1.295805850531905890e-04
1.295559341087937355e-04
1.295176334679126740e-04
1.295039546675980091e-04
1.294662943109869957e-04
1.293954119319096208e-04
1.293769309995695949e-04
1.293183158850297332e-04
1.292673405259847641e-04
1.291888038394972682e-04
1.291590888286009431e-04
1.290735672228038311e-04
1.290126092499122024e-04
1.289277570322155952e-04
1.287940540350973606e-04
1.287036866415292025e-04
1.285290200030431151e-04
1.284472236875444651e-04
1.283847959712147713e-04
1.283441961277276278e-04
1.282940356759354472e-04
1.282541343243792653e-04
1.282279845327138901e-04
1.281619624933227897e-04
1.281290606129914522e-04
1.280795841012150049e-04
1.280561409657821059e-04
1.279970310861244798e-04
1.279325224459171295e-04
1.278289273614063859e-04
1.277229457627981901e-04
1.276202674489468336e-04
1.275553804589435458e-04
1.274370588362216949e-04
1.272853114642202854e-04
1.272497465834021568e-04
1.271425571758300066e-04
1.270746870432049036e-04
1.269755885004997253e-04
1.268516498384997249e-04
1.267987390747293830e-04
1.267126062884926796e-04
1.266566250706091523e-04
1.266093167942017317e-04
1.265480823349207640e-04
1.264843740500509739e-04
1.264462916878983378e-04
1.263544545508921146e-04
1.263006270164623857e-04
1.261932338820770383e-04
1.261119032278656960e-04
1.260123244719579816e-04
1.258782431250438094e-04
1.258086558664217591e-04
1.256880786968395114e-04
1.256187242688611150e-04
1.255419483641162515e-04
1.254714297829195857e-04
1.253957016160711646e-04
1.253361551789566875e-04
1.252825022675096989e-04
1.252202055184170604e-04
1.251086650881916285e-04
1.250514760613441467e-04
1.249856868525967002e-04
1.249194756383076310e-04
1.248638727702200413e-04
1.248228218173608184e-04
1.247811742359772325e-04
1.247702748514711857e-04
1.247378095285966992e-04
1.246767933480441570e-04
1.246443134732544422e-04
1.245918247150257230e-04
1.245476742042228580e-04
1.245008606929332018e-04
1.244353043148294091e-04
1.243857986992225051e-04
1.243089063791558146e-04
1.242671278305351734e-04
1.242088328581303358e-04
1.241004501935094595e-04
1.240512501681223512e-04
1.239878620253875852e-04
1.239536359207704663e-04
1.239113189512863755e-04
1.238595141330733895e-04
1.238098193425685167e-04
1.237637479789555073e-04
1.237264950759708881e-04
1.236826792592182755e-04
1.236360112670809031e-04
1.236021635122597218e-04
1.235625095432624221e-04
1.235264353454113007e-04
1.234732335433363914e-04
1.234482770087197423e-04
1.233977964147925377e-04
1.233720249729231000e-04
1.232949434779584408e-04
1.232047507073730230e-04
1.231814094353467226e-04
1.231362111866474152e-04
1.231173955602571368e-04
1.230884226970374584e-04
1.230425841640681028e-04
1.229715417139232159e-04
1.229453628184273839e-04
1.228713954333215952e-04
1.228318433277308941e-04
1.227919419761747122e-04
1.227614993695169687e-04
1.227286556968465447e-04
1.227041648235172033e-04
1.226971653522923589e-04
1.226493914145976305e-04
1.226291497005149722e-04
1.225968590006232262e-04
1.225840242113918066e-04
1.225655869347974658e-04
1.225413288921117783e-04
1.225278538186103106e-04
1.225002924911677837e-04
1.224806765094399452e-04
1.224227889906615019e-04
1.223619328811764717e-04
1.222806604346260428e-04
1.222112769028171897e-04
1.221920974785462022e-04
1.221361744683235884e-04
1.221020502271130681e-04
1.220579069922678173e-04
1.220134945469908416e-04
1.219241603394038975e-04
1.218996258103288710e-04
1.218344841618090868e-04
1.218077959492802620e-04
1.217662211274728179e-04
1.217090684804134071e-04
1.216604287037625909e-04
1.216084856423549354e-04
1.215670563396997750e-04
1.215299344039522111e-04
1.215071533806622028e-04
1.214861258631572127e-04
1.214726726175285876e-04
1.214565854752436280e-04
1.214275107486173511e-04
1.214244693983346224e-04
1.213920841109938920e-04
1.213561772601678967e-04
1.213223877130076289e-04
1.212972492794506252e-04
1.212720962939783931e-04
1.212539282278157771e-04
1.212253409903496504e-04
1.211791895912028849e-04
1.210822956636548042e-04
1.210102855111472309e-04
1.209777037729509175e-04
1.209442052640952170e-04
1.209261972690001130e-04
1.208777393912896514e-04
1.208154062624089420e-04
1.207755558425560594e-04
1.207083914778195322e-04
1.206591259688138962e-04
1.206045926664955914e-04
1.205834050779230893e-04
1.205175940413028002e-04
1.204875079565681517e-04
1.204527798108756542e-04
1.204252985189668834e-04
1.203833598992787302e-04
1.203440042445436120e-04
1.202790153911337256e-04
1.202105340780690312e-04
1.201728446176275611e-04
1.201352279167622328e-04
1.201162958750501275e-04
1.200869664899073541e-04
1.200539263663813472e-04
1.200441474793478847e-04
1.200039623654447496e-04
1.199972975882701576e-04
1.199851103592664003e-04
1.199531616293825209e-04
1.199116377392783761e-04
1.198764730361290276e-04
1.198212557937949896e-04
1.197954406961798668e-04
1.197538294945843518e-04
1.196767043438740075e-04
1.195764198200777173e-04
1.194758224301040173e-04
1.194236974697560072e-04
1.193513962789438665e-04
1.193039715872146189e-04
1.192583731608465314e-04
1.192116542370058596e-04
1.191847768495790660e-04
1.191274786833673716e-04
1.190984548884443939e-04
1.190474213217385113e-04
1.190183684229850769e-04
1.189812246593646705e-04
1.189192917081527412e-04
1.188876485684886575e-04
1.188319802167825401e-04
1.187938396469689906e-04
1.187694215332157910e-04
1.187428424600511789e-04
1.187146699521690607e-04
1.186767112812958658e-04
1.186404333566315472e-04
1.186020963359624147e-04
1.185599830932915211e-04
1.185096261906437576e-04
1.184697248390875757e-04
1.184491920867003500e-04
1.184308785013854504e-04
1.184095308417454362e-04
1.183769199997186661e-04
1.183536514872685075e-04
1.183023996418341994e-04
1.182788910227827728e-04
1.182384148705750704e-04
1.181839979835785925e-04
1.181430270662531257e-04
1.180590552394278347e-04
1.179912724182941020e-04
1.178941311081871390e-04
1.177934900624677539e-04
1.177173689939081669e-04
1.176933801616542041e-04
1.176202495116740465e-04
1.175847355625592172e-04
1.175281868199817836e-04
1.174773278762586415e-04
1.174133067252114415e-04
1.173427372123114765e-04
1.172576667158864439e-04
1.171806652564555407e-04
1.171041658381000161e-04
1.170025061583146453e-04
1.169413080788217485e-04
1.168822855106554925e-04
1.167894006357528269e-04
1.167401642305776477e-04
1.166533838841132820e-04
1.166007277788594365e-04
1.165499488706700504e-04
1.164861605502665043e-04
1.164359709946438670e-04
1.163954366347752512e-04
1.163747583632357419e-04
1.163447086582891643e-04
1.162993794423528016e-04
1.162212720373645425e-04
1.161552499979734421e-04
1.160486790467984974e-04
1.160297251772135496e-04
1.159656967502087355e-04
1.159240055130794644e-04
1.158596860477700830e-04
1.158173909061588347e-04
1.157336155301891267e-04
1.156488942797295749e-04
1.155683712568134069e-04
1.154605633928440511e-04
1.154189230874180794e-04
1.153243792941793799e-04
1.152888289652764797e-04
1.152361364802345634e-04
1.152170952991582453e-04
1.151929973275400698e-04
1.151695614680647850e-04
1.151332107838243246e-04
1.150803800555877388e-04
1.150367097579874098e-04
1.150078969658352435e-04
1.149741874542087317e-04
1.149586387327872217e-04
1.148949449998326600e-04
1.148498995462432504e-04
1.147582297562621534e-04
1.146386566688306630e-04
1.145471251220442355e-04
1.144505295087583363e-04
1.143668851000256836e-04
1.142281253123655915e-04
1.141419998020865023e-04
1.139838859671726823e-04
1.139100058935582638e-04
1.138210282078944147e-04
1.137531144195236266e-04
1.137119688792154193e-04
1.136464634328149259e-04
1.135914499172940850e-04
1.135540951509028673e-04
1.134857884608209133e-04
1.134642152464948595e-04
1.133475525421090424e-04
1.133007244789041579e-04
1.132508332375437021e-04
1.132290708483196795e-04
1.131860990426503122e-04
1.131543831434100866e-04
1.131308017647825181e-04
1.130886448663659394e-04
1.130619421019218862e-04
1.130071686930023134e-04
1.129621086874976754e-04
1.129104421124793589e-04
1.128908770624548197e-04
1.128386065829545259e-04
1.128118092310614884e-04
1.127771538449451327e-04
1.127094656112603843e-04
1.126247807405889034e-04
1.125955386669375002e-04
1.125172930187545717e-04
1.124815316870808601e-04
1.124305708799511194e-04
1.123749243561178446e-04
1.123167094192467630e-04
1.122683897847309709e-04
1.122429748647846282e-04
1.122054600273258984e-04
1.121339810197241604e-04
1.120958040701225400e-04
1.120757005992345512e-04
1.120384476962499321e-04
1.119914668379351497e-04
1.118965446949005127e-04
1.117765641538426280e-04
1.115920458687469363e-04
1.115294726332649589e-04
1.113744874601252377e-04
1.113222097046673298e-04
1.112717436626553535e-04
1.112312675104476511e-04
1.112010941142216325e-04
1.111658420995809138e-04
1.111547826440073550e-04
1.110831217374652624e-04
1.110118464566767216e-04
1.109187360270880163e-04
1.108671276597306132e-04
1.108237556763924658e-04
1.107687203329987824e-04
1.107093266909942031e-04
1.106261770473793149e-04
1.105610353988595307e-04
1.105028932215645909e-04
1.104227412724867463e-04
1.102995956898666918e-04
1.102077949326485395e-04
1.101215384551323950e-04
1.100706358556635678e-04
1.100331501220352948e-04
1.099436194635927677e-04
1.098782449844293296e-04
1.098289940273389220e-04
1.097950444091111422e-04
1.097641870728693902e-04
1.097128915716893971e-04
1.096870546462014318e-04
1.096477499231696129e-04
1.095966872526332736e-04
1.095313418773002923e-04
1.094593317247927189e-04
1.093951505026780069e-04
1.093469327315688133e-04
1.092997554223984480e-04
1.092552411137148738e-04
1.091936719603836536e-04
1.091188823920674622e-04
1.090600562747567892e-04
1.090148871298879385e-04
1.089833604055456817e-04
1.089373763534240425e-04
1.089053548639640212e-04
1.088460048777051270e-04
1.088206190615892410e-04
1.087881973944604397e-04
1.087460987037047744e-04
1.087338314391672611e-04
1.086520060198381543e-04
1.086092233890667558e-04
1.085842450265772641e-04
1.085615513147786260e-04
1.085292387870140374e-04
1.084894320229068398e-04
1.084368341253139079e-04
1.083840470528230071e-04
1.083189126802608371e-04
1.082610760931856930e-04
1.081946102203801274e-04
1.081124137272126973e-04
1.080408983398228884e-04
1.079780122381635010e-04
1.079330831998959184e-04
1.078739514923654497e-04
1.077704946510493755e-04
1.076455300790257752e-04
1.075133041013032198e-04
1.073360399459488690e-04
1.072438753908500075e-04
1.072039594873785973e-04
1.070261278073303401e-04
1.069864738383330405e-04
1.068707642843946815e-04
1.067807897925376892e-04
1.066591212293133140e-04
1.065866745193488896e-04
1.065144315361976624e-04
1.064164971467107534e-04
1.063275922206230462e-04
1.062503069988451898e-04
1.062144510797224939e-04
1.061532311723567545e-04
1.060810755006968975e-04
1.059990172507241368e-04
1.059567730408161879e-04
1.059207716025412083e-04
1.058915222529321909e-04
1.058557172655127943e-04
1.058077832567505538e-04
1.057734334608539939e-04
1.057501358445733786e-04
1.057251574820838869e-04
1.056974288076162338e-04
1.056494511431083083e-04
1.056121036526747048e-04
1.055865941452793777e-04
1.055615357472561300e-04
1.055350585374981165e-04
1.055153552442789078e-04
1.054749736795201898e-04
1.054171079886145890e-04
1.053589730872772634e-04
1.053161686286330223e-04
1.052662046276964247e-04
1.052231018547900021e-04
1.051540457410737872e-04
1.051177896442823112e-04
1.050616265274584293e-04
1.050244391080923378e-04
1.049826532835140824e-04
1.049482016242109239e-04
1.048398917191661894e-04
1.047848490998148918e-04
1.047111145453527570e-04
1.046599281835369766e-04
1.045723620336502790e-04
1.044814271153882146e-04
1.044471355271525681e-04
1.044245800585485995e-04
1.043946831487119198e-04
1.043442171066999435e-04
1.042564981617033482e-04
1.042140065692365170e-04
1.041401992551982403e-04
1.040777351590804756e-04
1.040085553540848196e-04
1.039579583448357880e-04
1.039090420817956328e-04
1.038525952026247978e-04
1.038182745105586946e-04
1.037525507854297757e-04
1.037351830746047199e-04
1.036891626426950097e-04
1.036428802763111889e-04
1.035991372191347182e-04
1.035239329212345183e-04
1.035073291859589517e-04
1.034235756378620863e-04
1.033980734064243734e-04
1.033454536809585989e-04
1.032658256008289754e-04
1.032076543197035789e-04
1.030788989737629890e-04
1.029770573950372636e-04
1.028575134114362299e-04
1.027616308419965208e-04
1.026226309477351606e-04
1.024795928969979286e-04
1.022268552333116531e-04
1.021371135720983148e-04
1.020158888422884047e-04
1.018969996948726475e-04
1.018351977108977735e-04
1.017379909171722829e-04
1.016290043480694294e-04
1.015377929434180260e-04
1.014584122458472848e-04
1.014072695397771895e-04
1.013448490994051099e-04
1.012291832012124360e-04
1.011648200801573694e-04
1.010879932437092066e-04
1.010397099889814854e-04
1.009958941722288728e-04
1.009341649478301406e-04
1.008883700706064701e-04
1.008034887490794063e-04
1.007486716844141483e-04
1.007138780551031232e-04
1.006955280900001526e-04
1.006544698611833155e-04
1.006285019684582949e-04
1.006005040835589170e-04
1.004550649668090045e-04
1.004308287519961596e-04
1.003579309326596558e-04
1.002891149255447090e-04
1.001816344796679914e-04
1.000824559014290571e-04
9.997579763876274228e-05
9.991086699301376939e-05
9.983056224882602692e-05
9.972274710889905691e-05
9.964830678654834628e-05
9.950328239938244224e-05
9.943032637238502502e-05
9.930846863426268101e-05
9.916372800944373012e-05
9.910787775879725814e-05
9.899864380713552237e-05
9.891360241454094648e-05
9.880099969450384378e-05
9.875944670056924224e-05
9.866265463642776012e-05
9.862412116490304470e-05
9.853815572569146752e-05
9.844222222454845905e-05
9.833306830842047930e-05
9.825959568843245506e-05
9.817680984269827604e-05
9.810898336581885815e-05
9.805042645893990993e-05
9.798553219297900796e-05
9.792256605578586459e-05
9.788219176698476076e-05
9.779129322851076722e-05
9.765053255250677466e-05
9.756425424711778760e-05
9.742347901919856668e-05
9.731488535180687904e-05
9.717788634588941932e-05
9.699608199298381805e-05
9.693392348708584905e-05
9.663870878284797072e-05
9.651555592427030206e-05
9.640218195272609591e-05
9.630521526560187340e-05
9.617766772862523794e-05
9.604512160876765847e-05
9.598111500963568687e-05
9.587763634044677019e-05
9.572614362696185708e-05
9.563979256199672818e-05
9.550909453537315130e-05
9.542935731587931514e-05
9.537709411233663559e-05
9.530863462714478374e-05
9.524099004920572042e-05
9.516643331153318286e-05
9.510485688224434853e-05
9.504512854618951678e-05
9.497110295342281461e-05
9.492120443610474467e-05
9.487171337241306901e-05
9.483068424742668867e-05
9.477041021455079317e-05
9.473924001213163137e-05
9.465773473493754864e-05
9.458027489017695189e-05
9.449694334762170911e-05
9.440345456823706627e-05
9.438858978683128953e-05
9.416228567715734243e-05
9.409312770003452897e-05
9.401015267940238118e-05
9.399028203915804625e-05
9.394703374709933996e-05
9.387915633851662278e-05
9.377981768921017647e-05
9.369340114062651992e-05
9.356361988466233015e-05
9.347106970380991697e-05
9.341281111119315028e-05
9.335720096714794636e-05
9.324555139755830169e-05
9.321398101747035980e-05
9.312840847996994853e-05
9.309532470069825649e-05
9.303618571721017361e-05
9.294021583627909422e-05
9.282454993808642030e-05
9.278669313061982393e-05
9.272863826481625438e-05
9.267999121220782399e-05
9.262205276172608137e-05
9.261006925953552127e-05
9.253233292838558555e-05
9.250256698578596115e-05
9.247141133528202772e-05
9.242361556971445680e-05
9.236350888386368752e-05
9.232200682163238525e-05
9.227673581335693598e-05
9.222845255862921476e-05
9.220006904797628522e-05
9.213478188030421734e-05
9.206055983668193221e-05
9.201267675962299109e-05
9.195930761052295566e-05
9.194111044052988291e-05
9.190712444251403213e-05
9.188361582346260548e-05
9.186552779283374548e-05
9.184919326798990369e-05
9.183013025904074311e-05
9.181231871480122209e-05
9.178846084978431463e-05
9.174927254207432270e-05
9.171161946142092347e-05
9.168074757326394320e-05
9.164328366750851274e-05
9.159275941783562303e-05
9.155701991403475404e-05
9.144756040768697858e-05
9.140084148384630680e-05
9.133906132774427533e-05
9.128469537245109677e-05
9.121040784521028399e-05
9.117055742535740137e-05
9.113532723858952522e-05
9.105794742936268449e-05
9.101921023102477193e-05
9.090003732126206160e-05
9.086636418942362070e-05
9.072753891814500093e-05
9.068406507140025496e-05
9.059728472493588924e-05
9.056654380401596427e-05
9.048974607139825821e-05
9.038410644279792905e-05
9.029723878484219313e-05
9.014054376166313887e-05
9.005884930957108736e-05
9.000831778394058347e-05
8.997936674859374762e-05
8.993935625767335296e-05
8.987724140752106905e-05
8.980712300399318337e-05
8.976421668194234371e-05
8.971686474978923798e-05
8.969708869699388742e-05
8.965109009295701981e-05
8.961730782175436616e-05
8.955992234405130148e-05
8.954022632678970695e-05
8.948632603278383613e-05
8.942573185777291656e-05
8.935941150411963463e-05
8.929368777899071574e-05
8.922113192966207862e-05
8.917196100810542703e-05
8.908145537134259939e-05
8.901637193048372865e-05
8.900287502910941839e-05
8.889164018910378218e-05
8.885745046427473426e-05
8.881691610440611839e-05
8.875936327967792749e-05
8.874013292370364070e-05
8.866589632816612720e-05
8.862460526870563626e-05
8.858933142619207501e-05
8.855370106175541878e-05
8.848863944876939058e-05
8.846630953485146165e-05
8.841626549838110805e-05
8.837779023451730609e-05
8.834874461172148585e-05
8.832306775730103254e-05
8.828664431348443031e-05
8.825516124488785863e-05
8.823628013487905264e-05
8.820313087198883295e-05
8.816775516606867313e-05
8.811702718958258629e-05
8.807693666312843561e-05
8.805261313682422042e-05
8.802283264230936766e-05
8.799400529824197292e-05
8.795298344921320677e-05
8.793016604613512754e-05
8.787873230176046491e-05
8.782649820204824209e-05
8.777773473411798477e-05
8.773941954132169485e-05
8.769488340476527810e-05
8.763001824263483286e-05
8.753608562983572483e-05
8.743474609218537807e-05
8.739086479181423783e-05
8.734381117392331362e-05
8.731109119253233075e-05
8.728942339075729251e-05
8.727300883037969470e-05
8.722150232642889023e-05
8.718408935237675905e-05
8.716298907529562712e-05
8.712540875421836972e-05
8.709188114153221250e-05
8.705203799763694406e-05
8.702977356733754277e-05
8.699050522409379482e-05
8.697097655385732651e-05
8.694654388818889856e-05
8.689004607731476426e-05
8.680578321218490601e-05
8.677129517309367657e-05
8.669325325172394514e-05
8.665885980008170009e-05
8.661881292937323451e-05
8.655397687107324600e-05
8.651072857901453972e-05
8.645129855722188950e-05
8.640053420094773173e-05
8.635536505607888103e-05
8.630691445432603359e-05
8.626011549495160580e-05
8.623302710475400090e-05
8.620171865914016962e-05
8.617070852778851986e-05
8.615543629275634885e-05
8.613413956481963396e-05
8.612760575488209724e-05
8.611294470028951764e-05
8.610392978880554438e-05
8.608550706412643194e-05
8.604972390457987785e-05
8.603820606367662549e-05
8.601014269515872002e-05
8.598567364970222116e-05
8.597012492828071117e-05
8.594548853579908609e-05
8.592109952587634325e-05
8.590295328758656979e-05
8.587702905060723424e-05
8.585648902226239443e-05
8.582109876442700624e-05
8.579534187447279692e-05
8.575964602641761303e-05
8.571054058847948909e-05
8.566793985664844513e-05
8.563212759327143431e-05
8.557910041417926550e-05
8.554333180654793978e-05
8.550583152100443840e-05
8.545773744117468596e-05
8.541783608961850405e-05
8.538705878891050816e-05
8.534129301551729441e-05
8.532915671821683645e-05
8.528565376764163375e-05
8.527464524377137423e-05
8.524864824721589684e-05
8.522768621332943439e-05
8.522622374584898353e-05
8.520124538335949183e-05
8.518760296283289790e-05
8.516922389389947057e-05
8.514523506164550781e-05
8.511741179972887039e-05
8.510766929248347878e-05
8.507725578965619206e-05
8.506866288371384144e-05
8.505192090524360538e-05
8.502704440616071224e-05
8.500402327626943588e-05
8.498295210301876068e-05
8.496658119838684797e-05
8.493004133924841881e-05
8.487632294418290257e-05
8.483720012009143829e-05
8.477895607938989997e-05
8.475251524941995740e-05
8.473073830828070641e-05
8.471503679174929857e-05
8.468233863823115826e-05
8.465507562505081296e-05
8.463038830086588860e-05
8.460684330202639103e-05
8.458882075501605868e-05
8.454367343802005053e-05
8.451550093013793230e-05
8.448760490864515305e-05
8.448105654679238796e-05
8.444278500974178314e-05
8.442354737780988216e-05
8.439452358288690448e-05
8.437531505478546023e-05
8.433559560216963291e-05
8.430730667896568775e-05
8.428259752690792084e-05
8.426285057794302702e-05
8.424903353443369269e-05
8.423115650657564402e-05
8.420958329224959016e-05
8.420035010203719139e-05
8.418176003033295274e-05
8.417412027483806014e-05
8.415681804763153195e-05
8.414496551267802715e-05
8.412962051806971431e-05
8.411640010308474302e-05
8.409541624132543802e-05
8.407700806856155396e-05
8.405114203924313188e-05
8.402149251196533442e-05
8.397750934818759561e-05
8.394596807193011045e-05
8.387988054892048240e-05
8.383393287658691406e-05
8.376414916710928082e-05
8.368548878934234381e-05
8.363799861399456859e-05
8.360092760995030403e-05
8.358310151379555464e-05
8.355861791642382741e-05
8.353229350177571177e-05
8.350263669854030013e-05
8.348969276994466782e-05
8.345766400452703238e-05
8.342263754457235336e-05
8.338975021615624428e-05
8.335431630257517099e-05
8.333158621098846197e-05
8.329952106578275561e-05
8.325516682816669345e-05
8.322959911311045289e-05
8.318612526636570692e-05
8.316829917021095753e-05
8.315415470860898495e-05
8.313090802403166890e-05
8.308525866596028209e-05
8.304181392304599285e-05
8.301009074784815311e-05
8.295509178424254060e-05
8.292758866446092725e-05
8.291141421068459749e-05
8.287858508992940187e-05
8.282161434181034565e-05
8.279809844680130482e-05
8.275778236566111445e-05
8.272935519926249981e-05
8.266101212939247489e-05
8.265102951554581523e-05
8.261681068688631058e-05
8.259223977802321315e-05
8.258224988821893930e-05
8.254605927504599094e-05
8.252984844148159027e-05
8.251119288615882397e-05
8.248134690802544355e-05
8.246998186223208904e-05
8.243235788540914655e-05
8.239059388870373368e-05
8.233248809119686484e-05
8.229179366026073694e-05
8.226647332776337862e-05
8.222800533985719085e-05
8.219340088544413447e-05
8.214204717660322785e-05
8.210696250898763537e-05
8.206827624235302210e-05
8.204355981433764100e-05
8.201070886570960283e-05
8.196796989068388939e-05
8.194577821996062994e-05
8.190179505618289113e-05
8.186903141904622316e-05
8.183983300114050508e-05
8.181115845218300819e-05
8.179452561307698488e-05
8.177098789019510150e-05
8.174712274922057986e-05
8.171035733539611101e-05
8.168989006662741303e-05
8.165530016412958503e-05
8.162996527971699834e-05
8.160999277606606483e-05
8.159258868545293808e-05
8.154784882208332419e-05
8.150233770720660686e-05
8.147469634423032403e-05
8.144388993969187140e-05
8.142554725054651499e-05
8.134025847539305687e-05
8.128121407935395837e-05
8.119819540297612548e-05
8.117171819321811199e-05
8.113459625747054815e-05
8.110694761853665113e-05
8.107211033347994089e-05
8.102924039121717215e-05
8.101196726784110069e-05
8.097144745988771319e-05
8.093001815723255277e-05
8.091119525488466024e-05
8.088636241154745221e-05
8.086922025540843606e-05
8.084312867140397429e-05
8.081302803475409746e-05
8.077282109297811985e-05
8.074678771663457155e-05
8.072263153735548258e-05
8.069084287853911519e-05
8.068028546404093504e-05
8.065503789111971855e-05
8.063494169618934393e-05
8.062164124567061663e-05
8.057775994529947639e-05
8.056477963691577315e-05
8.050736505538225174e-05
8.048795280046761036e-05
8.046172297326847911e-05
8.043366688070818782e-05
8.041330147534608841e-05
8.037514635361731052e-05
8.035502833081409335e-05
8.032696496229618788e-05
8.028921729419380426e-05
8.025002898648381233e-05
8.020344102988019586e-05
8.014839113457128406e-05
8.012618491193279624e-05
8.009142766240984201e-05
8.004077244549989700e-05
8.000491652637720108e-05
7.996390195330604911e-05
7.993042527232319117e-05
7.990100857568904757e-05
7.985354750417172909e-05
7.981429371284320951e-05
7.977692439453676343e-05
7.975353946676477790e-05
7.972569437697529793e-05
7.969140278873965144e-05
7.966865086928009987e-05
7.961479423101991415e-05
7.960243237903341651e-05
7.956939953146502376e-05
7.953146268846467137e-05
7.948295387905091047e-05
7.943871605675667524e-05
7.940698560560122132e-05
7.935622852528467774e-05
7.932326843729242682e-05
7.928013656055554748e-05
7.924808596726506948e-05
7.920069037936627865e-05
7.913314766483381391e-05
7.908631960162892938e-05
7.904614176368340850e-05
7.901978824520483613e-05
7.900592026999220252e-05
7.898941112216562033e-05
7.895495946286246181e-05
7.893646397860720754e-05
7.892045687185600400e-05
7.889914559200406075e-05
7.886574167059734464e-05
7.883209036663174629e-05
7.879983604652807117e-05
7.876450399635359645e-05
7.871961861383169889e-05
7.866865780670195818e-05
7.864448707550764084e-05
7.861236372264102101e-05
7.858913886593654752e-05
7.855954027036204934e-05
7.853548595448955894e-05
7.851039845263585448e-05
7.847310189390555024e-05
7.844530045986175537e-05
7.840677426429465413e-05
7.836006261641159654e-05
7.830194954294711351e-05
7.826918590581044555e-05
7.823631312930956483e-05
7.818636368028819561e-05
7.812978583388030529e-05
7.803094194969162345e-05
7.798446313245221972e-05
7.788661605445668101e-05
7.784325862303376198e-05
7.779295265208929777e-05
7.774552068440243602e-05
7.766977068968117237e-05
7.763330359011888504e-05
7.759479922242462635e-05
7.754697435302659869e-05
7.752505916869267821e-05
7.742397428955882788e-05
7.738769636489450932e-05
7.731666846666485071e-05
7.725026080152019858e-05
7.719120912952348590e-05
7.715731771895661950e-05
7.712535443715751171e-05
7.710242789471521974e-05
7.707760232733562589e-05
7.702298171352595091e-05
7.695400563534349203e-05
7.693246152484789491e-05
7.689402264077216387e-05
7.687776815146207809e-05
7.687300239922478795e-05
7.685394666623324156e-05
7.683186413487419486e-05
7.680999260628595948e-05
7.680010457988828421e-05
7.679396367166191339e-05
7.677727262489497662e-05
7.673515938222408295e-05
7.669553451705724001e-05
7.665302837267518044e-05
7.659250695724040270e-05
7.654488581465557218e-05
7.648481550859287381e-05
7.643370190635323524e-05
7.639487739652395248e-05
7.636345981154590845e-05
7.632583583472296596e-05
7.627394370501860976e-05
7.623021519975736737e-05
7.620754331583157182e-05
7.617990195285528898e-05
7.616404764121398330e-05
7.613617344759404659e-05
7.612572517246007919e-05
7.609646127093583345e-05
7.608167652506381273e-05
7.604728307342156768e-05
7.602472032885998487e-05
7.600481330882757902e-05
7.599152013426646590e-05
7.597386866109445691e-05
7.594792987219989300e-05
7.586798164993524551e-05
7.584890408907085657e-05
7.579502562293782830e-05
7.575091876788064837e-05
7.570881280116736889e-05
7.566645217593759298e-05
7.562684913864359260e-05
7.557048957096412778e-05
7.553790055681020021e-05
7.550923328381031752e-05
7.547493441961705685e-05
7.543632091255858541e-05
7.541351078543812037e-05
7.538653153460472822e-05
7.535923214163631201e-05
7.533335883636027575e-05
7.527093839598819613e-05
7.523764361394569278e-05
7.513387390645220876e-05
7.509778515668585896e-05
7.505219400627538562e-05
7.498821651097387075e-05
7.491476571885868907e-05
7.486703543690964580e-05
7.483644731109961867e-05
7.480721251340582967e-05
7.476814789697527885e-05
7.471283606719225645e-05
7.463865040335804224e-05
7.457833999069407582e-05
7.453142461599782109e-05
7.448586984537541866e-05
7.446032395819202065e-05
7.441317575285211205e-05
7.439447654178366065e-05
7.435471343342214823e-05
7.434267172357067466e-05
7.431291305692866445e-05
7.426872616633772850e-05
7.422488124575465918e-05
7.418915629386901855e-05
7.415887375827878714e-05
7.413159619318321347e-05
7.411219121422618628e-05
7.408688543364405632e-05
7.406967779388651252e-05
7.404782081721350551e-05
7.401216134894639254e-05
7.396836736006662250e-05
7.394290150841698050e-05
7.392012048512697220e-05
7.389575330307707191e-05
7.387764344457536936e-05
7.386241486528888345e-05
7.383363117696717381e-05
7.381718751275911927e-05
7.378582813544198871e-05
7.375264976872131228e-05
7.370566163444891572e-05
7.369618833763524890e-05
7.366797944996505976e-05
7.366105273831635714e-05
7.364440534729510546e-05
7.361982716247439384e-05
7.358674338320270181e-05
7.355309207923710346e-05
7.352751708822324872e-05
7.348157669184729457e-05
7.342231401707977057e-05
7.334703695960342884e-05
7.329033542191609740e-05
7.324621401494368911e-05
7.322098826989531517e-05
7.318764255614951253e-05
7.314991671591997147e-05
7.312207890208810568e-05
7.309226202778518200e-05
7.307081978069618344e-05
7.304627069970592856e-05
7.301010919036343694e-05
7.297043339349329472e-05
7.293753151316195726e-05
7.290179200936108828e-05
7.286978507181629539e-05
7.286293111974373460e-05
7.284451567102223635e-05
7.282666774699464440e-05
7.280638965312391520e-05
7.277374970726668835e-05
7.272143557202070951e-05
7.267668115673586726e-05
7.261553400894626975e-05
7.259653648361563683e-05
7.255718810483813286e-05
7.253486546687781811e-05
7.250690396176651120e-05
7.250214548548683524e-05
7.247864414239302278e-05
7.247011672006919980e-05
7.245495362440124154e-05
7.243250729516148567e-05
7.241642015287652612e-05
7.239102706080302596e-05
7.238602847792208195e-05
7.236473902594298124e-05
7.236356032080948353e-05
7.233973155962303281e-05
7.232557254610583186e-05
7.230727351270616055e-05
7.229940820252522826e-05
7.227658352348953485e-05
7.227653259178623557e-05
7.226761954370886087e-05
7.225811714306473732e-05
7.224496948765590787e-05
7.222880230983719230e-05
7.221318082883954048e-05
7.220132829388603568e-05
7.219058170448988676e-05
7.217854727059602737e-05
7.216933590825647116e-05
7.214846118586137891e-05
7.214317156467586756e-05
7.212043419713154435e-05
7.209734030766412616e-05
7.206192822195589542e-05
7.203447603387758136e-05
7.200319669209420681e-05
7.198017556220293045e-05
7.196583464974537492e-05
7.193038618424907327e-05
7.190397445810958743e-05
7.188075687736272812e-05
7.186804577941074967e-05
7.185652793850749731e-05
7.182430999819189310e-05
7.178604573709890246e-05
7.176009239628911018e-05
7.174235361162573099e-05
7.171658216975629330e-05
7.169823220465332270e-05
7.168003503466024995e-05
7.165414717746898532e-05
7.164234557421877980e-05
7.163084956118836999e-05
7.161157554946839809e-05
7.160327368183061481e-05
7.159607048379257321e-05
7.158552762120962143e-05
7.156925857998430729e-05
7.156395440688356757e-05
7.154652848839759827e-05
7.153799379011616111e-05
7.151775935199111700e-05
7.150536839617416263e-05
7.149010343709960580e-05
7.147634460125118494e-05
7.146228017518296838e-05
7.143345283111557364e-05
7.142227696022018790e-05
7.140392699511721730e-05
7.139731314964592457e-05
7.138626824598759413e-05
7.137170177884399891e-05
7.134959014365449548e-05
7.132003520382568240e-05
7.129604637157171965e-05
7.127010758267715573e-05
7.124544208636507392e-05
7.122299575712531805e-05
7.121779344743117690e-05
7.120332884369418025e-05
7.118798384908586740e-05
7.117206405382603407e-05
7.115137123037129641e-05
7.113900937838479877e-05
7.111905870260670781e-05
7.110361912054941058e-05
7.108061981853097677e-05
7.107136480044573545e-05
7.104269752744585276e-05
7.103146344888955355e-05
7.101565279299393296e-05
7.100612856447696686e-05
7.098819332895800471e-05
7.098255446180701256e-05
7.097880006767809391e-05
7.095761247910559177e-05
7.091680890880525112e-05
7.088165875757113099e-05
7.084904063958674669e-05
7.081330113578587770e-05
7.079879287630319595e-05
7.076612382661551237e-05
7.072900189086794853e-05
7.068645209074020386e-05
7.064185774652287364e-05
7.053520675981417298e-05
7.051847205730155110e-05
7.044743688311427832e-05
7.042943616397678852e-05
7.039504998829215765e-05
7.036338502075523138e-05
7.033334986772388220e-05
7.031585846561938524e-05
7.030496635707095265e-05
7.028336403891444206e-05
7.027178799035027623e-05
7.025265222182497382e-05
7.024426304269582033e-05
7.022910722298547626e-05
7.020543125690892339e-05
7.017749885562807322e-05
7.013280264800414443e-05
7.010117406025528908e-05
7.007193198660388589e-05
7.004196231719106436e-05
7.003133214311674237e-05
6.999575271038338542e-05
6.993576971581205726e-05
6.991127884248271585e-05
6.987790402490645647e-05
6.985145591897889972e-05
6.982395279919728637e-05
6.979345926083624363e-05
6.976495933486148715e-05
6.970176764298230410e-05
6.967507215449586511e-05
6.961447070352733135e-05
6.955293065402656794e-05
6.949698581593111157e-05
6.944558845134451985e-05
6.942665640963241458e-05
6.939207378309220076e-05
6.935923011042177677e-05
6.929596565896645188e-05
6.927404319867491722e-05
6.920935993548482656e-05
6.916996790096163750e-05
6.913526885909959674e-05
6.909573858138173819e-05
6.901555752847343683e-05
6.894897524034604430e-05
6.889487121952697635e-05
6.884960021125152707e-05
6.880694127175956964e-05
6.874686368973925710e-05
6.872899393783882260e-05
6.871139339637011290e-05
6.869896606076508760e-05
6.867432966828346252e-05
6.865182513138279319e-05
6.861214205855503678e-05
6.858187407488003373e-05
6.853829836472868919e-05
6.850559293525293469e-05
6.847205804660916328e-05
6.844094605185091496e-05
6.841123831691220403e-05
6.837867840658873320e-05
6.835233216406777501e-05
6.831481732660904527e-05
6.827807374065741897e-05
6.824279262218624353e-05
6.821276474511250854e-05
6.817404209868982434e-05
6.813059007981792092e-05
6.809195474488660693e-05
6.805825978517532349e-05
6.804314034525305033e-05
6.801095150876790285e-05
6.799746188335120678e-05
6.796936213504523039e-05
6.795189256081357598e-05
6.793406646465882659e-05
6.791698979213833809e-05
6.789433973608538508e-05
6.785844016121700406e-05
6.783018761780112982e-05
6.780080730095505714e-05
6.778514944016933441e-05
6.777822272852063179e-05
6.776220834581181407e-05
6.773248605895787477e-05
6.772647611796855927e-05
6.771138578187674284e-05
6.769930041627958417e-05
6.768119055777788162e-05
6.764826684957370162e-05
6.762678094673901796e-05
6.757855589967221022e-05
6.754605419700965285e-05
6.751307955710217357e-05
6.745511200278997421e-05
6.735292845405638218e-05
6.727674190187826753e-05
6.717217183904722333e-05
6.709226727252826095e-05
6.704159022774547338e-05
6.698395736748352647e-05
6.695412594126537442e-05
6.692929309792816639e-05
6.691169983241707087e-05
6.690171721857041121e-05
6.687133281957358122e-05
6.685995322186499834e-05
6.684390973532572389e-05
6.682036473648622632e-05
6.681383092654868960e-05
6.680638034595176578e-05
6.678776844637468457e-05
6.677404599031433463e-05
6.675551412627100945e-05
6.673271855106577277e-05
6.673271855106577277e-05
6.673271855106577277e-05
