1.925897216796875000e+01
1.925897407531738281e+01
1.924670982360839844e+01
1.924892044067382812e+01
1.924351119995117188e+01
1.923080825805664062e+01
1.921044731140136719e+01
1.917803382873535156e+01
1.914206314086914062e+01
1.910432624816894531e+01
1.907131004333496094e+01
1.903895759582519531e+01
1.900204467773437500e+01
1.896928215026855469e+01
1.893899536132812500e+01
1.891285896301269531e+01
1.888708305358886719e+01
1.885951614379882812e+01
1.882604598999023438e+01
1.877467346191406250e+01
1.869387245178222656e+01
1.858262062072753906e+01
1.842974281311035156e+01
1.815047264099121094e+01
1.764684486389160156e+01
1.693835449218750000e+01
1.605240821838378906e+01
1.511808872222900391e+01
1.472807788848876953e+01
1.549943161010742188e+01
1.558148479461669922e+01
1.465544033050537109e+01
1.450614547729492188e+01
1.413536834716796875e+01
1.414094543457031250e+01
1.419024753570556641e+01
1.384858512878417969e+01
1.371287727355957031e+01
1.321880722045898438e+01
1.312559795379638672e+01
1.273147487640380859e+01
1.281805896759033203e+01
1.258203697204589844e+01
1.283002376556396484e+01
1.270950031280517578e+01
1.267709445953369141e+01
1.246137237548828125e+01
1.244785594940185547e+01
1.239510250091552734e+01
1.248186016082763672e+01
1.239540767669677734e+01
1.238719272613525391e+01
1.232895660400390625e+01
1.227312088012695312e+01
1.223478412628173828e+01
1.217143440246582031e+01
1.217603683471679688e+01
1.216537952423095703e+01
1.213266944885253906e+01
1.209073543548583984e+01
1.205661773681640625e+01
1.203723526000976562e+01
1.200673961639404297e+01
1.198709392547607422e+01
1.196330451965332031e+01
1.193657112121582031e+01
1.190251922607421875e+01
1.188432502746582031e+01
1.184397888183593750e+01
1.181362247467041016e+01
1.176900768280029297e+01
1.173918437957763672e+01
1.169936084747314453e+01
1.165336513519287109e+01
1.160120105743408203e+01
1.154549503326416016e+01
1.149173164367675781e+01
1.144124794006347656e+01
1.137053012847900391e+01
1.130210304260253906e+01
1.124443817138671875e+01
1.119104766845703125e+01
1.112565040588378906e+01
1.105829906463623047e+01
1.098856830596923828e+01
1.093741226196289062e+01
1.089954090118408203e+01
1.085006523132324219e+01
1.073713111877441406e+01
1.059397792816162109e+01
1.043005084991455078e+01
1.029560947418212891e+01
1.019932460784912109e+01
1.013747310638427734e+01
1.013016986846923828e+01
1.022960758209228516e+01
1.043669414520263672e+01
1.035947513580322266e+01
9.958183288574218750e+00
9.899023056030273438e+00
1.014970111846923828e+01
1.005821323394775391e+01
9.738459587097167969e+00
9.923507690429687500e+00
9.976797103881835938e+00
9.708581924438476562e+00
9.783039093017578125e+00
9.878238677978515625e+00
9.676328659057617188e+00
9.686285018920898438e+00
9.796813964843750000e+00
9.616215705871582031e+00
9.638870239257812500e+00
9.695842742919921875e+00
9.589838981628417969e+00
9.574159622192382812e+00
9.627770423889160156e+00
9.554761886596679688e+00
9.524080276489257812e+00
9.574454307556152344e+00
9.517693519592285156e+00
9.486478805541992188e+00
9.518712997436523438e+00
9.496820449829101562e+00
9.457592010498046875e+00
9.470905303955078125e+00
9.476694107055664062e+00
9.440730094909667969e+00
9.433487892150878906e+00
9.448486328125000000e+00
9.433135032653808594e+00
9.412396430969238281e+00
9.413695335388183594e+00
9.420432090759277344e+00
9.404787063598632812e+00
9.387757301330566406e+00
9.392800331115722656e+00
9.392609596252441406e+00
9.380813598632812500e+00
9.368751525878906250e+00
9.365254402160644531e+00
9.368049621582031250e+00
9.361750602722167969e+00
9.350137710571289062e+00
9.343573570251464844e+00
9.342295646667480469e+00
9.341856956481933594e+00
9.337702751159667969e+00
9.330859184265136719e+00
9.323767662048339844e+00
9.319327354431152344e+00
9.318169593811035156e+00
9.316757202148437500e+00
9.314172744750976562e+00
9.310524940490722656e+00
9.305474281311035156e+00
9.300127983093261719e+00
9.295520782470703125e+00
9.291565895080566406e+00
9.288230895996093750e+00
9.285255432128906250e+00
9.282677650451660156e+00
9.280789375305175781e+00
9.279429435729980469e+00
9.279119491577148438e+00
9.281060218811035156e+00
9.288297653198242188e+00
9.304572105407714844e+00
9.342890739440917969e+00
9.409384727478027344e+00
9.529987335205078125e+00
9.600855827331542969e+00
9.591574668884277344e+00
9.392081260681152344e+00
9.262204170227050781e+00
9.303620338439941406e+00
9.418271064758300781e+00
9.465203285217285156e+00
9.362688064575195312e+00
9.255326271057128906e+00
9.272754669189453125e+00
9.355119705200195312e+00
9.353507995605468750e+00
9.262455940246582031e+00
9.228427886962890625e+00
9.280719757080078125e+00
9.307425498962402344e+00
9.263480186462402344e+00
9.223464012145996094e+00
9.236236572265625000e+00
9.261088371276855469e+00
9.255775451660156250e+00
9.232193946838378906e+00
9.215463638305664062e+00
9.218894958496093750e+00
9.232460975646972656e+00
9.233680725097656250e+00
9.217793464660644531e+00
9.199445724487304688e+00
9.198793411254882812e+00
9.211200714111328125e+00
9.196102142333984375e+00
9.192478179931640625e+00
9.191019058227539062e+00
9.190741539001464844e+00
9.190633773803710938e+00
9.190364837646484375e+00
9.190054893493652344e+00
9.189414024353027344e+00
9.188636779785156250e+00
9.187695503234863281e+00
9.185082435607910156e+00
9.182995796203613281e+00
9.176938056945800781e+00
9.166696548461914062e+00
9.158453941345214844e+00
9.148284912109375000e+00
9.141954421997070312e+00
9.131663322448730469e+00
9.119100570678710938e+00
9.094362258911132812e+00
9.062036514282226562e+00
9.043464660644531250e+00
9.038624763488769531e+00
9.027728080749511719e+00
9.010423660278320312e+00
8.980878829956054688e+00
8.959741592407226562e+00
8.925909996032714844e+00
8.907413482666015625e+00
8.868228912353515625e+00
8.837031364440917969e+00
8.805520057678222656e+00
8.775875091552734375e+00
8.699129104614257812e+00
8.588216781616210938e+00
8.495889663696289062e+00
8.276427268981933594e+00
8.084680557250976562e+00
7.924742698669433594e+00
7.822625160217285156e+00
7.619391918182373047e+00
7.563148021697998047e+00
7.494189262390136719e+00
7.394106388092041016e+00
7.223078250885009766e+00
7.069605827331542969e+00
6.923494338989257812e+00
6.767138481140136719e+00
6.595345020294189453e+00
6.325829029083251953e+00
6.192717075347900391e+00
6.119988918304443359e+00
6.037943840026855469e+00
5.910591125488281250e+00
5.811472892761230469e+00
5.750659942626953125e+00
5.698427200317382812e+00
5.659475803375244141e+00
5.547621250152587891e+00
5.387813568115234375e+00
5.223448753356933594e+00
5.127551555633544922e+00
5.021435260772705078e+00
4.833576679229736328e+00
4.761742115020751953e+00
4.705422401428222656e+00
4.644301414489746094e+00
4.561718940734863281e+00
4.469669342041015625e+00
4.397377014160156250e+00
4.349657058715820312e+00
4.302584648132324219e+00
4.249417781829833984e+00
4.184904098510742188e+00
4.118588924407958984e+00
4.070407867431640625e+00
4.035248279571533203e+00
3.990805625915527344e+00
3.945498228073120117e+00
3.912993431091308594e+00
3.872985839843750000e+00
3.853685855865478516e+00
3.843638181686401367e+00
3.824427843093872070e+00
3.799252271652221680e+00
3.756673097610473633e+00
3.713499069213867188e+00
3.663475513458251953e+00
3.613308191299438477e+00
3.555992126464843750e+00
3.493726015090942383e+00
3.410673856735229492e+00
3.382162570953369141e+00
3.360721588134765625e+00
3.341314554214477539e+00
3.328989744186401367e+00
3.314176559448242188e+00
3.285857677459716797e+00
3.252534866333007812e+00
3.229089498519897461e+00
3.199681758880615234e+00
3.187143564224243164e+00
3.177905559539794922e+00
3.171087741851806641e+00
3.160821676254272461e+00
3.133744239807128906e+00
3.102973222732543945e+00
3.064527988433837891e+00
3.040829896926879883e+00
3.016916275024414062e+00
2.998452663421630859e+00
2.980982542037963867e+00
2.964848756790161133e+00
2.942878246307373047e+00
2.906944751739501953e+00
2.878978013992309570e+00
2.834001779556274414e+00
2.825074672698974609e+00
2.818503856658935547e+00
2.814625740051269531e+00
2.805973768234252930e+00
2.791003704071044922e+00
2.766900777816772461e+00
2.718007564544677734e+00
2.665904998779296875e+00
2.574667215347290039e+00
2.519193410873413086e+00
2.472199440002441406e+00
2.411128759384155273e+00
2.315081119537353516e+00
2.267534017562866211e+00
2.199653625488281250e+00
2.135781764984130859e+00
2.082744121551513672e+00
2.022864341735839844e+00
1.959038853645324707e+00
1.877838611602783203e+00
1.789648771286010742e+00
1.735237002372741699e+00
1.675532579421997070e+00
1.630430221557617188e+00
1.585297107696533203e+00
1.536121964454650879e+00
1.456361055374145508e+00
1.364227056503295898e+00
1.309018492698669434e+00
1.244997262954711914e+00
1.206802487373352051e+00
1.175545096397399902e+00
1.147584915161132812e+00
1.119435906410217285e+00
1.094462871551513672e+00
1.078492999076843262e+00
1.070325374603271484e+00
1.057455062866210938e+00
1.045265436172485352e+00
1.034190416336059570e+00
1.022368550300598145e+00
1.005957007408142090e+00
9.870789051055908203e-01
9.780892729759216309e-01
9.668861627578735352e-01
9.549282789230346680e-01
9.426227211952209473e-01
9.299737215042114258e-01
9.133289456367492676e-01
9.024074077606201172e-01
8.903259634971618652e-01
8.759421110153198242e-01
8.612485527992248535e-01
8.402500748634338379e-01
8.207606673240661621e-01
8.110027313232421875e-01
8.037912249565124512e-01
7.875251770019531250e-01
7.674992084503173828e-01
7.612667679786682129e-01
7.356438040733337402e-01
7.319062948226928711e-01
7.237582206726074219e-01
7.118748426437377930e-01
6.996651887893676758e-01
6.865068078041076660e-01
6.704853773117065430e-01
6.646845340728759766e-01
6.475937366485595703e-01
6.362493634223937988e-01
6.132910847663879395e-01
5.998234152793884277e-01
5.812202095985412598e-01
5.702171921730041504e-01
5.567624568939208984e-01
5.411280393600463867e-01
5.291032195091247559e-01
5.176001787185668945e-01
5.069912672042846680e-01
4.911910593509674072e-01
4.723641276359558105e-01
4.595274031162261963e-01
4.466955363750457764e-01
4.352751374244689941e-01
4.257661700248718262e-01
4.143463671207427979e-01
4.063431024551391602e-01
3.972166180610656738e-01
3.918260931968688965e-01
3.852287828922271729e-01
3.821101486682891846e-01
3.765663504600524902e-01
3.669822812080383301e-01
3.569702506065368652e-01
3.450146913528442383e-01
3.319391310214996338e-01
3.281643986701965332e-01
3.235486745834350586e-01
3.217838108539581299e-01
3.197537064552307129e-01
3.160544931888580322e-01
3.131605386734008789e-01
3.107758462429046631e-01
3.078518807888031006e-01
3.051920533180236816e-01
3.023061454296112061e-01
2.994722723960876465e-01
2.963404357433319092e-01
2.945219576358795166e-01
2.920066714286804199e-01
2.894209325313568115e-01
2.878217995166778564e-01
2.843655347824096680e-01
2.810242176055908203e-01
2.777631282806396484e-01
2.763092815876007080e-01
2.753456234931945801e-01
2.744776904582977295e-01
2.729695439338684082e-01
2.692412137985229492e-01
2.644760906696319580e-01
2.628119289875030518e-01
2.561259269714355469e-01
2.523217201232910156e-01
2.500092685222625732e-01
2.483794987201690674e-01
2.466447353363037109e-01
2.454949617385864258e-01
2.445292770862579346e-01
2.434168010950088501e-01
2.415215820074081421e-01
2.385067045688629150e-01
2.363525331020355225e-01
2.318273186683654785e-01
2.288868427276611328e-01
2.273421734571456909e-01
2.264506518840789795e-01
2.255747020244598389e-01
2.247303724288940430e-01
2.236960530281066895e-01
2.218773066997528076e-01
2.197464704513549805e-01
2.162820398807525635e-01
2.116020321846008301e-01
2.095201313495635986e-01
2.037502229213714600e-01
2.018574923276901245e-01
2.007297873497009277e-01
2.000593692064285278e-01
1.996346712112426758e-01
1.991568207740783691e-01
1.983898133039474487e-01
1.978010535240173340e-01
1.966625005006790161e-01
1.947904378175735474e-01
1.933956742286682129e-01
1.913744211196899414e-01
1.896510720252990723e-01
1.884730905294418335e-01
1.871889531612396240e-01
1.860911995172500610e-01
1.856371313333511353e-01
1.851009577512741089e-01
1.848673522472381592e-01
1.845177412033081055e-01
1.840927749872207642e-01
1.834181547164916992e-01
1.824461221694946289e-01
1.812215000391006470e-01
1.793791949748992920e-01
1.777247041463851929e-01
1.756227612495422363e-01
1.733750849962234497e-01
1.721638739109039307e-01
1.709030717611312866e-01
1.697875857353210449e-01
1.692490726709365845e-01
1.684668064117431641e-01
1.679780036211013794e-01
1.675761789083480835e-01
1.670858561992645264e-01
1.666995733976364136e-01
1.662663966417312622e-01
1.658710986375808716e-01
1.654279530048370361e-01
1.650089919567108154e-01
1.641798019409179688e-01
1.628873646259307861e-01
1.613954156637191772e-01
1.593919098377227783e-01
1.568381041288375854e-01
1.536628156900405884e-01
1.509857773780822754e-01
1.482144594192504883e-01
1.470858454704284668e-01
1.458544433116912842e-01
1.450117975473403931e-01
1.441842764616012573e-01
1.437263190746307373e-01
1.432439684867858887e-01
1.424669176340103149e-01
1.416138559579849243e-01
1.408331394195556641e-01
1.404482275247573853e-01
1.398156583309173584e-01
1.381070762872695923e-01
1.360087990760803223e-01
1.326095759868621826e-01
1.303420215845108032e-01
1.271995157003402710e-01
1.239409223198890686e-01
1.215593516826629639e-01
1.198875457048416138e-01
1.169862225651741028e-01
1.149409860372543335e-01
1.133932992815971375e-01
1.118252426385879517e-01
1.112250462174415588e-01
1.101265326142311096e-01
1.093860939145088196e-01
1.089240610599517822e-01
1.085269674658775330e-01
1.081561818718910217e-01
1.079796329140663147e-01
1.077345982193946838e-01
1.073685735464096069e-01
1.071571707725524902e-01
1.069757044315338135e-01
1.067145764827728271e-01
1.064599379897117615e-01
1.060532331466674805e-01
1.055359542369842529e-01
1.048381924629211426e-01
1.040495634078979492e-01
1.030149459838867188e-01
1.015044152736663818e-01
1.000989377498626709e-01
9.921732544898986816e-02
9.865929186344146729e-02
9.836714714765548706e-02
9.783647954463958740e-02
9.728723764419555664e-02
9.696729481220245361e-02
9.630126506090164185e-02
9.584210067987442017e-02
9.533504396677017212e-02
9.479041397571563721e-02
9.392859786748886108e-02
9.325724840164184570e-02
9.282284229993820190e-02
9.250342100858688354e-02
9.201075881719589233e-02
9.165958315134048462e-02
9.139461815357208252e-02
9.107975661754608154e-02
9.078831970691680908e-02
9.057143330574035645e-02
9.027920663356781006e-02
8.971108496189117432e-02
8.896239846944808960e-02
8.770246058702468872e-02
8.644517511129379272e-02
8.543457090854644775e-02
8.492446690797805786e-02
8.457720279693603516e-02
8.422584086656570435e-02
8.390419185161590576e-02
8.363280445337295532e-02
8.323828130960464478e-02
8.244132250547409058e-02
8.195291459560394287e-02
8.078516274690628052e-02
7.935661822557449341e-02
7.863990962505340576e-02
7.795138657093048096e-02
7.726358622312545776e-02
7.669910043478012085e-02
7.600033283233642578e-02
7.518883794546127319e-02
7.455417513847351074e-02
7.397942990064620972e-02
7.333791255950927734e-02
7.270491868257522583e-02
7.212125509977340698e-02
7.138707488775253296e-02
7.051064074039459229e-02
7.010548561811447144e-02
6.977768987417221069e-02
6.949225813150405884e-02
6.902115792036056519e-02
6.867585331201553345e-02
6.833790987730026245e-02
6.801867485046386719e-02
6.770294904708862305e-02
6.731143593788146973e-02
6.723691523075103760e-02
6.668484210968017578e-02
6.636293977499008179e-02
6.603377312421798706e-02
6.553215533494949341e-02
6.474199891090393066e-02
6.393828988075256348e-02
6.311609596014022827e-02
6.191669404506683350e-02
6.114606559276580811e-02
6.014506146311759949e-02
5.947094410657882690e-02
5.903924256563186646e-02
5.882692709565162659e-02
5.858436971902847290e-02
5.799605324864387512e-02
5.750742554664611816e-02
5.715756118297576904e-02
5.670447275042533875e-02
5.644069239497184753e-02
5.584102869033813477e-02
5.527356639504432678e-02
5.475626513361930847e-02
5.443623661994934082e-02
5.412199348211288452e-02
5.365150049328804016e-02
5.307539924979209900e-02
5.245240032672882080e-02
5.197224020957946777e-02
5.130298063158988953e-02
5.018333345651626587e-02
4.926516488194465637e-02
4.871194437146186829e-02
4.827434569597244263e-02
4.772378504276275635e-02
4.732839390635490417e-02
4.710566252470016479e-02
4.694893956184387207e-02
4.665806144475936890e-02
4.641254618763923645e-02
4.590617865324020386e-02
4.555841162800788879e-02
4.507225379347801208e-02
4.491766914725303650e-02
4.476043209433555603e-02
4.442737996578216553e-02
4.425578564405441284e-02
4.403106495738029480e-02
4.380236566066741943e-02
4.367905855178833008e-02
4.350611194968223572e-02
4.339224845170974731e-02
4.319657012820243835e-02
4.304586723446846008e-02
4.292103275656700134e-02
4.281457141041755676e-02
4.268999025225639343e-02
4.255640506744384766e-02
4.229943081736564636e-02
4.214063286781311035e-02
4.164474830031394958e-02
4.098459705710411072e-02
4.037502780556678772e-02
3.974993899464607239e-02
3.938890993595123291e-02
3.906840831041336060e-02
3.884499520063400269e-02
3.863315284252166748e-02
3.837487846612930298e-02
3.804698213934898376e-02
3.770477324724197388e-02
3.742833063006401062e-02
3.710509091615676880e-02
3.669282421469688416e-02
3.560088574886322021e-02
3.429172188043594360e-02
3.297871723771095276e-02
3.230169042944908142e-02
3.147206082940101624e-02
3.121689334511756897e-02
3.092831745743751526e-02
3.038244508206844330e-02
3.026773035526275635e-02
2.976324409246444702e-02
2.956912666559219360e-02
2.932253107428550720e-02
2.904514595866203308e-02
2.896383777260780334e-02
2.859448641538619995e-02
2.840102091431617737e-02
2.821987867355346680e-02
2.802417427301406860e-02
2.770080417394638062e-02
2.735250815749168396e-02
2.722337283194065094e-02
2.690358459949493408e-02
2.667249552905559540e-02
2.648260444402694702e-02
2.632719278335571289e-02
2.616890333592891693e-02
2.613570541143417358e-02
2.588369324803352356e-02
2.573422156274318695e-02
2.552951499819755554e-02
2.535468153655529022e-02
2.507143467664718628e-02
2.476657927036285400e-02
2.461621351540088654e-02
2.444655634462833405e-02
2.423918247222900391e-02
2.402010746300220490e-02
2.378211915493011475e-02
2.361239492893218994e-02
2.342028170824050903e-02
2.321740239858627319e-02
2.288562804460525513e-02
2.278245612978935242e-02
2.256603911519050598e-02
2.241073362529277802e-02
2.219580113887786865e-02
2.201150171458721161e-02
2.182165347039699554e-02
2.151161618530750275e-02
2.125641144812107086e-02
2.104941941797733307e-02
2.089079469442367554e-02
2.078289911150932312e-02
2.058980800211429596e-02
2.033600956201553345e-02
2.021599747240543365e-02
1.995876803994178772e-02
1.983857899904251099e-02
1.971543394029140472e-02
1.959918066859245300e-02
1.951740682125091553e-02
1.945765316486358643e-02
1.941280253231525421e-02
1.933560520410537720e-02
1.918430998921394348e-02
1.903626322746276855e-02
1.882037892937660217e-02
1.860859617590904236e-02
1.844278909265995026e-02
1.831171847879886627e-02
1.812497153878211975e-02
1.788153685629367828e-02
1.756962575018405914e-02
1.742891594767570496e-02
1.725964620709419250e-02
1.713267341256141663e-02
1.705290377140045166e-02
1.698862947523593903e-02
1.686921343207359314e-02
1.679075509309768677e-02
1.667428202927112579e-02
1.660843566060066223e-02
1.656569167971611023e-02
1.652096398174762726e-02
1.648270711302757263e-02
1.641540788114070892e-02
1.635482162237167358e-02
1.624207198619842529e-02
1.616360247135162354e-02
1.610045135021209717e-02
1.603793352842330933e-02
1.596784964203834534e-02
1.588780246675014496e-02
1.581003516912460327e-02
1.575949788093566895e-02
1.567152328789234161e-02
1.557487715035676956e-02
1.548410765826702118e-02
1.539366971701383591e-02
1.535151340067386627e-02
1.520551182329654694e-02
1.510090939700603485e-02
1.489517744630575180e-02
1.471311505883932114e-02
1.456775795668363571e-02
1.441891398280858994e-02
1.432637125253677368e-02
1.423875894397497177e-02
1.415409706532955170e-02
1.402638386934995651e-02
1.393660437315702438e-02
1.382830925285816193e-02
1.376694068312644958e-02
1.370825804769992828e-02
1.366331521421670914e-02
1.360735762864351273e-02
1.357208751142024994e-02
1.353713776916265488e-02
1.346211414784193039e-02
1.337012276053428650e-02
1.322789303958415985e-02
1.310528349131345749e-02
1.290282327681779861e-02
1.268179714679718018e-02
1.245913561433553696e-02
1.233195979148149490e-02
1.224581245332956314e-02
1.219466421753168106e-02
1.208994444459676743e-02
1.198847964406013489e-02
1.186299696564674377e-02
1.176870893687009811e-02
1.167360506951808929e-02
1.160853914916515350e-02
1.153182238340377808e-02
1.147243008017539978e-02
1.138534676283597946e-02
1.129813585430383682e-02
1.126122567802667618e-02
1.112811826169490814e-02
1.108481921255588531e-02
1.104866620153188705e-02
1.101123914122581482e-02
1.095661427825689316e-02
1.087579503655433655e-02
1.077666506171226501e-02
1.073416508734226227e-02
1.070250570774078369e-02
1.060276757925748825e-02
1.053941249847412109e-02
1.049302704632282257e-02
1.042951084673404694e-02
1.039792317897081375e-02
1.034697517752647400e-02
1.025715842843055725e-02
1.022834703326225281e-02
1.012534648180007935e-02
1.007356029003858566e-02
1.001903507858514786e-02
9.960566647350788116e-03
9.872567839920520782e-03
9.777780622243881226e-03
9.719647467136383057e-03
9.680678136646747589e-03
9.649228304624557495e-03
9.599380195140838623e-03
9.536166675388813019e-03
9.487704373896121979e-03
9.442015551030635834e-03
9.408237412571907043e-03
9.375283494591712952e-03
9.333204478025436401e-03
9.285150095820426941e-03
9.245542809367179871e-03
9.208576753735542297e-03
9.171060286462306976e-03
9.121119976043701172e-03
9.088695980608463287e-03
9.029323235154151917e-03
8.972466923296451569e-03
8.895643055438995361e-03
8.864082396030426025e-03
8.841241709887981415e-03
8.815610781311988831e-03
8.780920878052711487e-03
8.755698800086975098e-03
8.735213428735733032e-03
8.702531456947326660e-03
8.674028329551219940e-03
8.635233156383037567e-03
8.601985871791839600e-03
8.577697910368442535e-03
8.552884683012962341e-03
8.523130789399147034e-03
8.473047055304050446e-03
8.428064174950122833e-03
8.367765694856643677e-03
8.323536254465579987e-03
8.257012814283370972e-03
8.218427188694477081e-03
8.150973357260227203e-03
8.084634318947792053e-03
8.017519488930702209e-03
7.967224344611167908e-03
7.940974086523056030e-03
7.889467291533946991e-03
7.857823744416236877e-03
7.821514271199703217e-03
7.789788767695426941e-03
7.757024839520454407e-03
7.728241384029388428e-03
7.701732218265533447e-03
7.660735864192247391e-03
7.641496602445840836e-03
7.600127253681421280e-03
7.544800173491239548e-03
7.478936109691858292e-03
7.431698031723499298e-03
7.396303117275238037e-03
7.362104952335357666e-03
7.333034183830022812e-03
7.311254739761352539e-03
7.278849836438894272e-03
7.256819400936365128e-03
7.218522951006889343e-03
7.181057706475257874e-03
7.150637451559305191e-03
7.123530842363834381e-03
7.085741031914949417e-03
7.056029979139566422e-03
7.008835673332214355e-03
6.986437365412712097e-03
6.932205054908990860e-03
6.921268999576568604e-03
6.897364277392625809e-03
6.882869638502597809e-03
6.854997482150793076e-03
6.813502870500087738e-03
6.798349320888519287e-03
6.763159297406673431e-03
6.735534872859716415e-03
6.695862859487533569e-03
6.657425314188003540e-03
6.607181858271360397e-03
6.583135575056076050e-03
6.558947265148162842e-03
6.540281232446432114e-03
6.470671389251947403e-03
6.405468098819255829e-03
6.395519245415925980e-03
6.334356497973203659e-03
6.289859768003225327e-03
6.250908598303794861e-03
6.226223893463611603e-03
6.200989242643117905e-03
6.186170037835836411e-03
6.165434606373310089e-03
6.135998759418725967e-03
6.099194753915071487e-03
6.076522171497344971e-03
6.048006471246480942e-03
6.020991131663322449e-03
5.998275708407163620e-03
5.964646581560373306e-03
5.917743314057588577e-03
5.892430897802114487e-03
5.842100363224744797e-03
5.820326972752809525e-03
5.745372734963893890e-03
5.670852027833461761e-03
5.631445441395044327e-03
5.595369264483451843e-03
5.569722503423690796e-03
5.552959628403186798e-03
5.532271694391965866e-03
5.521402694284915924e-03
5.514262709766626358e-03
5.502040963619947433e-03
5.486720707267522812e-03
5.464932415634393692e-03
5.445820745080709457e-03
5.419890861958265305e-03
5.399873945862054825e-03
5.385312717407941818e-03
5.372202489525079727e-03
5.360827781260013580e-03
5.347166210412979126e-03
5.336106289178133011e-03
5.312549881637096405e-03
5.301223602145910263e-03
5.285614170134067535e-03
5.267264787107706070e-03
5.256093572825193405e-03
5.237279925495386124e-03
5.228450056165456772e-03
5.214820150285959244e-03
5.204556044191122055e-03
5.193731281906366348e-03
5.172051023691892624e-03
5.143768154084682465e-03
5.120929796248674393e-03
5.100804381072521210e-03
5.086334887892007828e-03
5.074081942439079285e-03
5.055053159594535828e-03
5.043695215135812759e-03
5.036928225308656693e-03
5.030155181884765625e-03
5.016691051423549652e-03
5.006043240427970886e-03
4.993584938347339630e-03
4.980969708412885666e-03
4.973589908331632614e-03
4.959002602845430374e-03
4.946772940456867218e-03
4.927025176584720612e-03
4.911324940621852875e-03
4.898406565189361572e-03
4.885424394160509109e-03
4.872079007327556610e-03
4.860889166593551636e-03
4.843316506594419479e-03
4.817567765712738037e-03
4.790729377418756485e-03
4.763909149914979935e-03
4.738705232739448547e-03
4.712405148893594742e-03
4.695834126323461533e-03
4.675845149904489517e-03
4.649819806218147278e-03
4.611351992934942245e-03
4.602526314556598663e-03
4.575224127620458603e-03
4.561407957226037979e-03
4.551596939563751221e-03
4.542663693428039551e-03
4.533227067440748215e-03
4.517464898526668549e-03
4.508942365646362305e-03
4.497357644140720367e-03
4.479546565562486649e-03
4.473277367651462555e-03
4.465808160603046417e-03
4.458046052604913712e-03
4.449326079338788986e-03
4.438522271811962128e-03
4.430286586284637451e-03
4.418726079165935516e-03
4.410342313349246979e-03
4.400783684104681015e-03
4.389500245451927185e-03
4.385964013636112213e-03
4.381076432764530182e-03
4.375068470835685730e-03
4.365528933703899384e-03
4.351388663053512573e-03
4.332978744059801102e-03
4.311030730605125427e-03
4.296231549233198166e-03
4.285388160496950150e-03
4.276657477021217346e-03
4.260568879544734955e-03
4.249131772667169571e-03
4.240494221448898315e-03
4.233231768012046814e-03
4.225526005029678345e-03
4.213580396026372910e-03
4.198780748993158340e-03
4.183745011687278748e-03
4.171483218669891357e-03
4.160333424806594849e-03
4.149356391280889511e-03
4.130021203309297562e-03
4.117967095226049423e-03
4.097042605280876160e-03
4.079678095877170563e-03
4.057332407683134079e-03
4.042821470648050308e-03
4.031692631542682648e-03
4.017629195004701614e-03
4.002373665571212769e-03
3.975632600486278534e-03
3.940877970308065414e-03
3.920580726116895676e-03
3.892428707331418991e-03
3.880001837387681007e-03
3.872722620144486427e-03
3.861787263303995132e-03
3.847471438348293304e-03
3.836459713056683540e-03
3.829192603006958961e-03
3.817917080596089363e-03
3.802859224379062653e-03
3.770118346437811852e-03
3.757443279027938843e-03
3.706046380102634430e-03
3.674292238429188728e-03
3.646336495876312256e-03
3.618682967498898506e-03
3.583688056096434593e-03
3.540467936545610428e-03
3.515530144795775414e-03
3.491328097879886627e-03
3.473640652373433113e-03
3.466656431555747986e-03
3.454640042036771774e-03
3.438471117988228798e-03
3.422891721129417419e-03
3.408895106986165047e-03
3.396471962332725525e-03
3.384763840585947037e-03
3.380497451871633530e-03
3.377541201189160347e-03
3.373942337930202484e-03
3.368285018950700760e-03
3.367195138707756996e-03
3.361580194905400276e-03
3.357660723850131035e-03
3.350642975419759750e-03
3.343241987749934196e-03
3.337514819577336311e-03
3.330838866531848907e-03
3.325266297906637192e-03
3.319981507956981659e-03
3.312982851639389992e-03
3.311127889901399612e-03
3.306346479803323746e-03
3.303940407931804657e-03
3.299509175121784210e-03
3.293076297268271446e-03
3.291063476353883743e-03
3.283042460680007935e-03
3.277181647717952728e-03
3.273166250437498093e-03
3.269294044002890587e-03
3.264830214902758598e-03
3.261295845732092857e-03
3.256512805819511414e-03
3.251438727602362633e-03
3.247752552852034569e-03
3.240840975195169449e-03
3.236911958083510399e-03
3.227537730708718300e-03
3.215005155652761459e-03
3.203290281817317009e-03
3.193081822246313095e-03
3.184280125424265862e-03
3.178246086463332176e-03
3.169425064697861671e-03
3.158924169838428497e-03
3.149051219224929810e-03
3.132553305476903915e-03
3.119803965091705322e-03
3.106757299974560738e-03
3.093472216278314590e-03
3.079488873481750488e-03
3.064938355237245560e-03
3.047069301828742027e-03
3.038658294826745987e-03
3.028258215636014938e-03
3.022065619006752968e-03
3.015266964212059975e-03
3.009205451235175133e-03
3.001656383275985718e-03
2.989707980304956436e-03
2.980404300615191460e-03
2.964645158499479294e-03
2.951891394332051277e-03
2.932463306933641434e-03
2.907997928559780121e-03
2.892574062570929527e-03
2.872457727789878845e-03
2.856515813618898392e-03
2.832833211869001389e-03
2.803343348205089569e-03
2.790534403175115585e-03
2.764981472864747047e-03
2.752935979515314102e-03
2.734083449468016624e-03
2.716755261644721031e-03
2.697130665183067322e-03
2.682199236005544662e-03
2.672760514542460442e-03
2.664048224687576294e-03
2.653545001521706581e-03
2.639362821355462074e-03
2.627177163958549500e-03
2.607472008094191551e-03
2.597998362034559250e-03
2.591608325019478798e-03
2.586041344329714775e-03
2.581957960501313210e-03
2.575998893007636070e-03
2.566960873082280159e-03
2.556899795308709145e-03
2.543992362916469574e-03
2.525551011785864830e-03
2.515419386327266693e-03
2.507096854969859123e-03
2.502792514860630035e-03
2.499757101759314537e-03
2.496110042557120323e-03
2.491845050826668739e-03
2.488146536052227020e-03
2.484507858753204346e-03
2.481939271092414856e-03
2.479110145941376686e-03
2.476765075698494911e-03
2.474013948813080788e-03
2.472369233146309853e-03
2.470400882884860039e-03
2.465090248733758926e-03
2.460179151967167854e-03
2.455540932714939117e-03
2.451752079650759697e-03
2.444479381665587425e-03
2.441805321723222733e-03
2.437194809317588806e-03
2.432117238640785217e-03
2.426054794341325760e-03
2.421562792733311653e-03
2.414348535239696503e-03
2.405857201665639877e-03
2.393420320004224777e-03
2.384315244853496552e-03
2.374603878706693649e-03
2.362963277846574783e-03
2.353816060349345207e-03
2.350827446207404137e-03
2.345899119973182678e-03
2.340450650081038475e-03
2.336148638278245926e-03
2.330212388187646866e-03
2.323538763448596001e-03
2.322471700608730316e-03
2.318558748811483383e-03
2.316480269655585289e-03
2.313870703801512718e-03
2.310275565832853317e-03
2.304548164829611778e-03
2.301668748259544373e-03
2.295050537213683128e-03
2.289233729243278503e-03
2.281178021803498268e-03
2.266659634187817574e-03
2.243701135739684105e-03
2.225902397185564041e-03
2.206534380093216896e-03
2.186326077207922935e-03
2.168786479160189629e-03
2.140515949577093124e-03
2.113197697326540947e-03
2.085892483592033386e-03
2.071784809231758118e-03
2.052788622677326202e-03
2.041021827608346939e-03
2.025886205956339836e-03
2.011463046073913574e-03
1.997333718463778496e-03
1.977057196199893951e-03
1.966872252523899078e-03
1.956236781552433968e-03
1.947359647601842880e-03
1.936849905177950859e-03
1.925799995660781860e-03
1.917065354064106941e-03
1.910748193040490150e-03
1.901090145111083984e-03
1.886774552986025810e-03
1.874797162599861622e-03
1.867710496298968792e-03
1.862989854998886585e-03
1.857887953519821167e-03
1.852112589403986931e-03
1.847372157499194145e-03
1.840838347561657429e-03
1.836263807490468025e-03
1.831262605264782906e-03
1.825299579650163651e-03
1.817118027247488499e-03
1.808708882890641689e-03
1.800106372684240341e-03
1.796181313693523407e-03
1.790823764167726040e-03
1.785672735422849655e-03
1.781530794687569141e-03
1.776215154677629471e-03
1.773980096913874149e-03
1.769578084349632263e-03
1.765705761499702930e-03
1.761715859174728394e-03
1.755059580318629742e-03
1.752492156811058521e-03
1.740114414133131504e-03
1.732589676976203918e-03
1.720148720778524876e-03
1.708169584162533283e-03
1.688021351583302021e-03
1.674902508966624737e-03
1.660785055719316006e-03
1.650569494813680649e-03
1.641818322241306305e-03
1.636090921238064766e-03
1.626177690923213959e-03
1.621501171030104160e-03
1.617643982172012329e-03
1.614906708709895611e-03
1.613314962014555931e-03
1.611106214113533497e-03
1.608524704352021217e-03
1.606646925210952759e-03
1.604705583304166794e-03
1.602340023964643478e-03
1.600394025444984436e-03
1.598730916157364845e-03
1.597224618308246136e-03
1.595746842212975025e-03
1.594377565197646618e-03
1.592215616255998611e-03
1.590954954735934734e-03
1.589418505318462849e-03
1.588485669344663620e-03
1.587618375197052956e-03
1.585928257554769516e-03
1.582365366630256176e-03
1.579564413987100124e-03
1.577134476974606514e-03
1.574889640323817730e-03
1.573439105413854122e-03
1.571040134876966476e-03
1.567387487739324570e-03
1.564596779644489288e-03
1.562559278681874275e-03
1.559672062285244465e-03
1.556872506625950336e-03
1.552997506223618984e-03
1.549196313135325909e-03
1.544913393445312977e-03
1.541278325021266937e-03
1.538617420010268688e-03
1.536056865006685257e-03
1.534011680632829666e-03
1.530169975012540817e-03
1.525054802186787128e-03
1.519736950285732746e-03
1.511225360445678234e-03
1.507364679127931595e-03
1.499261008575558662e-03
1.494622323662042618e-03
1.490981550887227058e-03
1.489242305979132652e-03
1.487553818151354790e-03
1.485552173107862473e-03
1.484531559981405735e-03
1.482676132582128048e-03
1.481019193306565285e-03
1.480217208154499531e-03
1.479231636039912701e-03
1.478559686802327633e-03
1.477722078561782837e-03
1.476207282394170761e-03
1.475512748584151268e-03
1.472607487812638283e-03
1.470936462283134460e-03
1.468189177103340626e-03
1.464443514123558998e-03
1.462734537199139595e-03
1.459152903407812119e-03
1.457476755604147911e-03
1.455637044273316860e-03
1.454588957130908966e-03
1.453285338357090950e-03
1.451666932553052902e-03
1.449345378205180168e-03
1.448007649742066860e-03
1.445452217012643814e-03
1.442283857613801956e-03
1.440272084437310696e-03
1.437147613614797592e-03
1.434641075320541859e-03
1.431536627933382988e-03
1.427900861017405987e-03
1.425744267180562019e-03
1.421791501343250275e-03
1.419451436959207058e-03
1.416682731360197067e-03
1.413589227013289928e-03
1.406997558660805225e-03
1.399620436131954193e-03
1.394132850691676140e-03
1.385343610309064388e-03
1.377316424623131752e-03
1.373451319523155689e-03
1.370393205434083939e-03
1.362079638056457043e-03
1.356784487143158913e-03
1.351496437564492226e-03
1.344967749901115894e-03
1.337334979325532913e-03
1.333932159468531609e-03
1.328755402937531471e-03
1.326119410805404186e-03
1.322556403465569019e-03
1.317916437983512878e-03
1.309321378357708454e-03
1.306211343035101891e-03
1.298014074563980103e-03
1.291933702304959297e-03
1.287596882320940495e-03
1.285542850382626057e-03
1.281150849536061287e-03
1.278175855986773968e-03
1.274365349672734737e-03
1.269939471967518330e-03
1.265065395273268223e-03
1.258652890101075172e-03
1.254165661521255970e-03
1.246784464456140995e-03
1.242961385287344456e-03
1.237841206602752209e-03
1.235193456523120403e-03
1.233506598509848118e-03
1.231364440172910690e-03
1.229165238328278065e-03
1.227450324222445488e-03
1.226386404596269131e-03
1.225203042849898338e-03
1.222980674356222153e-03
1.221064012497663498e-03
1.219458063133060932e-03
1.218454330228269100e-03
1.217181095853447914e-03
1.216267235577106476e-03
1.214142423123121262e-03
1.212267205119132996e-03
1.211098278872668743e-03
1.209378242492675781e-03
1.208318630233407021e-03
1.207028515636920929e-03
1.205571228638291359e-03
1.203849329613149166e-03
1.202697400003671646e-03
1.201622188091278076e-03
1.200967235490679741e-03
1.200345344841480255e-03
1.199584570713341236e-03
1.198532991111278534e-03
1.197186415083706379e-03
1.196000725030899048e-03
1.194209791719913483e-03
1.193517120555043221e-03
1.192043186165392399e-03
1.191568211652338505e-03
1.190518843941390514e-03
1.188825583085417747e-03
1.187207642942667007e-03
1.186200417578220367e-03
1.185407512821257114e-03
1.184662804007530212e-03
1.183758140541613102e-03
1.182951615191996098e-03
1.182042993605136871e-03
1.180230407044291496e-03
1.177755417302250862e-03
1.177033875137567520e-03
1.172579010017216206e-03
1.171381212770938873e-03
1.170504488982260227e-03
1.169568393379449844e-03
1.168903196230530739e-03
1.166496658697724342e-03
1.165837165899574757e-03
1.164935179986059666e-03
1.163973473012447357e-03
1.163288019597530365e-03
1.161169609986245632e-03
1.160256564617156982e-03
1.158984610810875893e-03
1.157590304501354694e-03
1.155550358816981316e-03
1.153430202975869179e-03
1.151165575720369816e-03
1.149537856690585613e-03
1.146852155216038227e-03
1.143710920587182045e-03
1.139662577770650387e-03
1.137871993705630302e-03
1.136514591053128242e-03
1.135024358518421650e-03
1.134494319558143616e-03
1.133954850956797600e-03
1.133409794420003891e-03
1.132833422161638737e-03
1.131966477259993553e-03
1.131361234001815319e-03
1.130743185058236122e-03
1.130072865635156631e-03
1.128673786297440529e-03
1.127189956605434418e-03
1.126047456637024879e-03
1.124467118643224239e-03
1.123033813200891018e-03
1.121918088756501675e-03
1.119811087846755981e-03
1.118871383368968964e-03
1.117365551181137562e-03
1.116186496801674366e-03
1.115315477363765240e-03
1.114479498937726021e-03
1.113878213800489902e-03
1.113293576054275036e-03
1.112358411774039268e-03
1.110743964090943336e-03
1.108399825170636177e-03
1.106151030398905277e-03
1.103492570109665394e-03
1.102219801396131516e-03
1.098984270356595516e-03
1.097035012207925320e-03
1.095389132387936115e-03
1.093057100661098957e-03
1.090690144337713718e-03
1.086007338017225266e-03
1.083871116861701012e-03
1.081167836673557758e-03
1.077993190847337246e-03
1.075864303857088089e-03
1.072149840183556080e-03
1.070857746526598930e-03
1.067808363586664200e-03
1.067053410224616528e-03
1.065935357473790646e-03
1.065203105099499226e-03
1.063613803125917912e-03
1.062794122844934464e-03
1.061905291862785816e-03
1.061273156665265560e-03
1.060529379174113274e-03
1.059415633790194988e-03
1.059158938005566597e-03
1.058257417753338814e-03
1.057207817211747169e-03
1.056186039932072163e-03
1.055597444064915180e-03
1.055013039149343967e-03
1.054882886819541454e-03
1.054396154358983040e-03
1.054132939316332340e-03
1.053722342476248741e-03
1.052681822329759598e-03
1.051274826750159264e-03
1.050038379617035389e-03
1.048791804350912571e-03
1.048058154992759228e-03
1.046575373038649559e-03
1.046161400154232979e-03
1.045542885549366474e-03
1.045364770106971264e-03
1.044647884555160999e-03
1.043830416165292263e-03
1.043582218699157238e-03
1.042332383804023266e-03
1.041925046592950821e-03
1.041189301759004593e-03
1.040227827616035938e-03
1.039012451656162739e-03
1.037977868691086769e-03
1.037308829836547375e-03
1.036935602314770222e-03
1.036651898175477982e-03
1.036170171573758125e-03
1.035200082696974277e-03
1.034325803630053997e-03
1.033848151564598083e-03
1.032360480166971684e-03
1.031606690958142281e-03
1.030891435220837593e-03
1.030279789119958878e-03
1.029395731166005135e-03
1.028099562972784042e-03
1.026767771691083908e-03
1.024692784994840622e-03
1.023569609969854355e-03
1.021817675791680813e-03
1.020269352011382580e-03
1.019075163640081882e-03
1.018708571791648865e-03
1.017350470647215843e-03
1.016633119434118271e-03
1.015737885609269142e-03
1.014523091726005077e-03
1.012953347526490688e-03
1.011600834317505360e-03
1.009920495562255383e-03
1.008124789223074913e-03
1.004942576400935650e-03
1.002576085738837719e-03
1.001098775304853916e-03
9.999815374612808228e-04
9.986342629417777061e-04
9.974309941753745079e-04
9.956962894648313522e-04
9.949274826794862747e-04
9.940204909071326256e-04
9.930194355547428131e-04
9.921749588102102280e-04
9.914203546941280365e-04
9.903343161568045616e-04
9.898926364257931709e-04
9.882095037028193474e-04
9.874467505142092705e-04
9.863612940534949303e-04
9.849069174379110336e-04
9.846738539636135101e-04
9.835773380473256111e-04
9.834254160523414612e-04
9.832002688199281693e-04
9.828488109633326530e-04
9.821313433349132538e-04
9.814230725169181824e-04
9.805565932765603065e-04
9.799411054700613022e-04
9.793966310098767281e-04
9.791122283786535263e-04
9.785615839064121246e-04
9.779606480151414871e-04
9.772732155397534370e-04
9.766430594027042389e-04
9.760450921021401882e-04
9.758723899722099304e-04
9.748968877829611301e-04
9.745862334966659546e-04
9.739355882629752159e-04
9.733845363371074200e-04
9.723124676384031773e-04
9.719274239614605904e-04
9.709716541692614555e-04
9.699660586193203926e-04
9.691900922916829586e-04
9.681825758889317513e-04
9.667905978858470917e-04
9.655830217525362968e-04
9.651868022046983242e-04
9.639136260375380516e-04
9.633844601921737194e-04
9.628342813812196255e-04
9.617514442652463913e-04
9.606285602785646915e-04
9.601482888683676720e-04
9.591543930582702160e-04
9.585086372680962086e-04
9.574742289260029793e-04
9.560044854879379272e-04
9.557814337313175201e-04
9.541711769998073578e-04
9.534762939438223839e-04
9.527878137305378914e-04
9.518543956801295280e-04
9.509500814601778984e-04
9.499212028458714485e-04
9.490706725046038628e-04
9.486722992733120918e-04
9.480545995756983757e-04
9.471935918554663658e-04
9.468669304624199867e-04
9.462790912948548794e-04
9.457274572923779488e-04
9.451310615986585617e-04
9.441943839192390442e-04
9.435304091311991215e-04
9.431974613107740879e-04
9.426239412277936935e-04
9.424750460311770439e-04
9.419571142643690109e-04
9.412696235813200474e-04
9.408635087311267853e-04
9.401340503245592117e-04
9.393345098942518234e-04
9.386912570334970951e-04
9.379166294820606709e-04
9.372570784762501717e-04
9.367407765239477158e-04
9.362793061882257462e-04
9.359992109239101410e-04
9.357495000585913658e-04
9.356099762953817844e-04
9.350907057523727417e-04
9.349306346848607063e-04
9.347524610348045826e-04
9.344974532723426819e-04
9.342028643004596233e-04
9.334722417406737804e-04
9.332481422461569309e-04
9.328027372248470783e-04
9.323084959760308266e-04
9.319429518654942513e-04
9.314640774391591549e-04
9.307243744842708111e-04
9.303212864324450493e-04
9.300656383857131004e-04
9.298251243308186531e-04
9.294472984038293362e-04
9.292213362641632557e-04
9.288904257118701935e-04
9.285563719458878040e-04
9.279531659558415413e-04
9.274198673665523529e-04
9.269783040508627892e-04
9.263760293833911419e-04
9.256647317670285702e-04
9.249388822354376316e-04
9.241380612365901470e-04
9.230131399817764759e-04
9.220938081853091717e-04
9.215843747369945049e-04
9.203927475027740002e-04
9.200937347486615181e-04
9.195690508931875229e-04
9.193004807457327843e-04
9.188700933009386063e-04
9.180649649351835251e-04
9.176402236334979534e-04
9.172966238111257553e-04
9.167824173346161842e-04
9.162632049992680550e-04
9.147053351625800133e-04
9.129916434176266193e-04
9.113256819546222687e-04
9.095913846977055073e-04
9.090747917070984840e-04
9.080890449695289135e-04
9.076725109480321407e-04
9.066798957064747810e-04
9.055390837602317333e-04
9.049905929714441299e-04
9.036239935085177422e-04
9.028860367834568024e-04
9.019611752592027187e-04
9.014734532684087753e-04
9.011504007503390312e-04
9.010172798298299313e-04
9.008299675770103931e-04
9.005331667140126228e-04
9.001727448776364326e-04
8.993808296509087086e-04
8.987460169009864330e-04
8.973485673777759075e-04
8.960862178355455399e-04
8.958033286035060883e-04
8.947459282353520393e-04
8.944242727011442184e-04
8.938671671785414219e-04
8.930658805184066296e-04
8.928340976126492023e-04
8.919325191527605057e-04
8.914667414501309395e-04
8.909657481126487255e-04
8.903715643100440502e-04
8.891111938282847404e-04
8.873631013557314873e-04
8.854107582010328770e-04
8.842004463076591492e-04
8.835547487251460552e-04
8.832215680740773678e-04
8.830045117065310478e-04
8.826067205518484116e-04
8.825890254229307175e-04
8.822849486023187637e-04
8.821333758533000946e-04
8.819473441690206528e-04
8.817353518679738045e-04
8.815635810606181622e-04
8.813319145701825619e-04
8.810720755718648434e-04
8.808389538899064064e-04
8.805482648313045502e-04
8.804414537735283375e-04
8.802500087767839432e-04
8.799367351457476616e-04
8.794784080237150192e-04
8.788205450400710106e-04
8.778750780038535595e-04
8.766180253587663174e-04
8.754093432798981667e-04
8.738975739106535912e-04
8.730417466722428799e-04
8.721944177523255348e-04
8.713530260138213634e-04
8.708280511200428009e-04
8.703983039595186710e-04
8.702261839061975479e-04
8.699619211256504059e-04
8.698201854713261127e-04
8.695264114066958427e-04
8.690883405506610870e-04
8.684237836860120296e-04
8.677967707626521587e-04
8.674610289745032787e-04
8.669312228448688984e-04
8.664779597893357277e-04
8.660294115543365479e-04
8.656923309899866581e-04
8.652863907627761364e-04
8.650207892060279846e-04
8.643646724522113800e-04
8.637267164885997772e-04
8.635091362521052361e-04
8.630934171378612518e-04
8.627530187368392944e-04
8.622560999356210232e-04
8.616450941190123558e-04
8.605917100794613361e-04
8.601881563663482666e-04
8.593861712142825127e-04
8.588504279032349586e-04
8.585037430748343468e-04
8.580650901421904564e-04
8.577366825193166733e-04
8.574006496928632259e-04
8.570427889935672283e-04
8.566859760321676731e-04
8.561363792978227139e-04
8.557074470445513725e-04
8.554191445000469685e-04
8.553693769499659538e-04
8.551686187274754047e-04
8.549594786018133163e-04
8.546107565052807331e-04
8.541896240785717964e-04
8.540097624063491821e-04
8.535942179150879383e-04
8.533584186807274818e-04
8.531006751582026482e-04
8.526919409632682800e-04
8.518152171745896339e-04
8.514138171449303627e-04
8.505604346282780170e-04
8.499696850776672363e-04
8.495559450238943100e-04
8.490314357914030552e-04
8.485798025503754616e-04
8.477217052131891251e-04
8.471973123960196972e-04
8.471190230920910835e-04
8.466853178106248379e-04
8.464990532957017422e-04
8.462112164124846458e-04
8.460049866698682308e-04
8.453924092464148998e-04
8.448864682577550411e-04
8.442692342214286327e-04
8.437942597083747387e-04
8.435749332420527935e-04
8.433786570094525814e-04
8.431395981460809708e-04
8.430383168160915375e-04
8.429131121374666691e-04
8.427478605881333351e-04
8.426307467743754387e-04
8.423448889516294003e-04
8.419792866334319115e-04
8.416263735853135586e-04
8.405359112657606602e-04
8.398091304115951061e-04
8.392466697841882706e-04
8.382112137041985989e-04
8.374872850254178047e-04
8.366890833713114262e-04
8.358578197658061981e-04
8.348537958227097988e-04
8.335022139362990856e-04
8.324966765940189362e-04
8.316831081174314022e-04
8.314403821714222431e-04
8.311108103953301907e-04
8.308190153911709785e-04
8.304099319502711296e-04
8.297575986944139004e-04
8.294887375086545944e-04
8.288936223834753036e-04
8.282079943455755711e-04
8.278525783680379391e-04
8.273168932646512985e-04
8.269701502285897732e-04
8.263669442385435104e-04
8.257221779786050320e-04
8.248146623373031616e-04
8.238707087002694607e-04
8.231959072872996330e-04
8.226330974139273167e-04
8.221099851652979851e-04
8.210683008655905724e-04
8.196065318770706654e-04
8.188288775272667408e-04
8.174984250217676163e-04
8.161071455106139183e-04
8.154762326739728451e-04
8.147305343300104141e-04
8.139846031554043293e-04
8.134137606248259544e-04
8.126781322062015533e-04
8.110437192954123020e-04
8.094748482108116150e-04
8.074636571109294891e-04
8.062265114858746529e-04
8.046532748267054558e-04
8.030623430386185646e-04
8.013805490918457508e-04
8.003036491572856903e-04
7.987383287400007248e-04
7.972028106451034546e-04
7.952816085889935493e-04
7.948911515995860100e-04
7.939557544887065887e-04
7.935500470921397209e-04
7.929091807454824448e-04
7.924004457890987396e-04
7.919084746390581131e-04
7.917127804830670357e-04
7.914286106824874878e-04
7.911929278634488583e-04
7.908741827122867107e-04
7.903338409960269928e-04
7.895046728663146496e-04
7.887593819759786129e-04
7.885541417635977268e-04
7.877856260165572166e-04
7.874410366639494896e-04
7.868364918977022171e-04
7.859746692702174187e-04
7.843988714739680290e-04
7.836326258257031441e-04
7.819139282219111919e-04
7.807223591953516006e-04
7.795356214046478271e-04
7.786130299791693687e-04
7.771043456159532070e-04
7.754757534712553024e-04
7.742012385278940201e-04
7.727344054728746414e-04
7.717776461504399776e-04
7.708813645876944065e-04
7.699836860410869122e-04
7.694586529396474361e-04
7.687742472626268864e-04
7.677896646782755852e-04
7.672506617382168770e-04
7.665931480005383492e-04
7.658383110538125038e-04
7.653718348592519760e-04
7.647537277080118656e-04
7.639377727173268795e-04
7.632374763488769531e-04
7.620935793966054916e-04
7.613273919560015202e-04
7.593433838337659836e-04
7.584647391922771931e-04
7.573982584290206432e-04
7.563530234619975090e-04
7.547830464318394661e-04
7.538609206676483154e-04
7.531265146099030972e-04
7.525604451075196266e-04
7.521348888985812664e-04
7.505111861974000931e-04
7.502876105718314648e-04
7.491426658816635609e-04
7.483271765522658825e-04
7.477762410417199135e-04
7.470646523870527744e-04
7.463548099622130394e-04
7.458418258465826511e-04
7.454004953615367413e-04
7.447216776199638844e-04
7.441500783897936344e-04
7.431308622471988201e-04
7.414034334942698479e-04
7.405074429698288441e-04
7.394057465717196465e-04
7.388795493170619011e-04
7.385203498415648937e-04
7.377205183729529381e-04
7.370117818936705589e-04
7.361478055827319622e-04
7.356979185715317726e-04
7.348973886109888554e-04
7.341505843214690685e-04
7.336291018873453140e-04
7.333224057219922543e-04
7.328503997996449471e-04
7.320967852137982845e-04
7.311980589292943478e-04
7.298631826415657997e-04
7.293033413589000702e-04
7.277542026713490486e-04
7.266579195857048035e-04
7.248653564602136612e-04
7.234959630295634270e-04
7.225652807392179966e-04
7.218685932457447052e-04
7.213635253719985485e-04
7.209089817479252815e-04
7.206717855297029018e-04
7.199030951596796513e-04
7.193635101430118084e-04
7.189137977547943592e-04
7.184850983321666718e-04
7.179176318459212780e-04
7.173507474362850189e-04
7.164729759097099304e-04
7.156850188039243221e-04
7.147858268581330776e-04
7.140642846934497356e-04
7.132517057470977306e-04
7.122766110114753246e-04
7.117051281966269016e-04
7.110668811947107315e-04
7.103747338987886906e-04
7.098146015778183937e-04
7.082558004185557365e-04
7.071749423630535603e-04
7.061426294967532158e-04
7.057724869810044765e-04
7.053010631352663040e-04
7.049421546980738640e-04
7.044165395200252533e-04
7.035813760012388229e-04
7.029826520010828972e-04
7.020070333965122700e-04
7.012870628386735916e-04
7.008201209828257561e-04
7.003864739090204239e-04
6.999874021857976913e-04
6.995199946686625481e-04
6.988621898926794529e-04
6.979439640417695045e-04
6.970174144953489304e-04
6.962099578231573105e-04
6.957876612432301044e-04
6.952533149160444736e-04
6.949080270715057850e-04
6.944801425561308861e-04
6.940659950487315655e-04
6.936491117812693119e-04
6.931737298145890236e-04
6.926025962457060814e-04
6.924541085027158260e-04
6.922922329977154732e-04
6.921319873072206974e-04
6.919606821611523628e-04
6.917283753864467144e-04
6.916734855622053146e-04
6.912943790666759014e-04
6.911167874932289124e-04
6.908727227710187435e-04
6.907819770276546478e-04
6.905371556058526039e-04
6.903930916450917721e-04
6.901406450197100639e-04
6.898723077028989792e-04
6.891046650707721710e-04
6.887085619382560253e-04
6.881127483211457729e-04
6.876893457956612110e-04
6.871519144624471664e-04
6.864030729047954082e-04
6.860888097435235977e-04
6.853696540929377079e-04
6.848881603218615055e-04
6.844199961051344872e-04
6.840421701781451702e-04
6.838637636974453926e-04
6.837553228251636028e-04
6.836455431766808033e-04
6.834599189460277557e-04
6.833961815573275089e-04
6.832429789938032627e-04
6.830819183960556984e-04
6.828295299783349037e-04
6.825358723290264606e-04
6.822739378549158573e-04
6.819604896008968353e-04
6.816836539655923843e-04
6.814916850998997688e-04
6.811809143982827663e-04
6.807830068282783031e-04
6.801778799854218960e-04
6.793672218918800354e-04
6.789267063140869141e-04
6.785119185224175453e-04
6.780661642551422119e-04
6.770252948626875877e-04
6.764568388462066650e-04
6.760170799680054188e-04
6.748409941792488098e-04
6.743893027305603027e-04
6.729004671797156334e-04
6.717226933687925339e-04
6.704353727400302887e-04
6.694613839499652386e-04
6.682544481009244919e-04
6.673446623608469963e-04
6.663098465651273727e-04
6.655281176790595055e-04
6.645404500886797905e-04
6.634876481257379055e-04
6.631110445596277714e-04
6.625482346862554550e-04
6.622379296459257603e-04
6.615577731281518936e-04
6.609735428355634212e-04
6.599263870157301426e-04
6.592192221432924271e-04
6.583697977475821972e-04
6.574856233783066273e-04
6.563132046721875668e-04
6.544738425873219967e-04
6.530693499371409416e-04
6.521811010316014290e-04
6.515176501125097275e-04
6.507555954158306122e-04
6.500576855614781380e-04
6.497199647128582001e-04
6.491041276603937149e-04
6.484836922027170658e-04
6.479540606960654259e-04
6.476616254076361656e-04
6.471506785601377487e-04
6.465273909270763397e-04
6.457821000367403030e-04
6.450660875998437405e-04
6.443710881285369396e-04
6.430492503568530083e-04
6.422625738196074963e-04
6.408321205526590347e-04
6.404611049219965935e-04
6.395186064764857292e-04
6.392700597643852234e-04
6.388890324160456657e-04
6.384215084835886955e-04
6.381721468642354012e-04
6.377272075042128563e-04
6.370499031618237495e-04
6.366715533658862114e-04
6.360867992043495178e-04
6.347059388644993305e-04
6.333474884741008282e-04
6.324341520667076111e-04
6.314647616818547249e-04
6.310338503681123257e-04
6.307010189630091190e-04
6.304074195213615894e-04
6.296328501775860786e-04
6.291648023761808872e-04
6.286214920692145824e-04
6.283379625529050827e-04
6.279257941059768200e-04
6.272273603826761246e-04
6.268579163588583469e-04
6.263978430069983006e-04
6.260067457333207130e-04
6.256680353544652462e-04
6.254145409911870956e-04
6.249469588510692120e-04
6.247202982194721699e-04
6.243220996111631393e-04
6.239127833396196365e-04
6.232527084648609161e-04
6.222734227776527405e-04
6.214043824002146721e-04
6.203484954312443733e-04
6.196346366778016090e-04
6.191484862938523293e-04
6.186286336742341518e-04
6.179928896017372608e-04
6.174233276396989822e-04
6.167141837067902088e-04
6.165527738630771637e-04
6.161002675071358681e-04
6.156796007417142391e-04
6.152484565973281860e-04
6.147617241367697716e-04
6.137331365607678890e-04
6.134466966614127159e-04
6.125055951997637749e-04
6.117923185229301453e-04
6.111325928941369057e-04
6.108579109422862530e-04
6.103476625867187977e-04
6.098067387938499451e-04
6.093225674703717232e-04
6.091062678024172783e-04
6.087634246796369553e-04
6.085218628868460655e-04
6.083859479986131191e-04
6.079758750274777412e-04
6.072871037758886814e-04
6.065675988793373108e-04
6.052890676073729992e-04
6.043420871719717979e-04
6.040037842467427254e-04
6.035538972355425358e-04
6.030504009686410427e-04
6.024076137691736221e-04
6.017514970153570175e-04
6.012713420204818249e-04
6.009383359923958778e-04
6.007023621350526810e-04
6.005048635415732861e-04
6.002667360007762909e-04
5.997912376187741756e-04
5.993206868879497051e-04
5.991693469695746899e-04
5.988182383589446545e-04
5.983172450214624405e-04
5.979439592920243740e-04
5.974798696115612984e-04
5.965780583210289478e-04
5.962130380794405937e-04
5.953267100267112255e-04
5.941247218288481236e-04
5.934101645834743977e-04
5.925867008045315742e-04
5.917604430578649044e-04
5.912308115512132645e-04
5.905991420149803162e-04
5.898221861571073532e-04
5.892874905839562416e-04
5.885136779397726059e-04
5.883156554773449898e-04
5.878005176782608032e-04
5.870483582839369774e-04
5.863429396413266659e-04
5.861126701347529888e-04
5.852062022313475609e-04
5.848655127920210361e-04
5.843158578500151634e-04
5.837055505253374577e-04
5.828962312079966068e-04
5.818444769829511642e-04
5.805326509289443493e-04
5.794637836515903473e-04
5.787938134744763374e-04
5.777135374955832958e-04
5.769768031314015388e-04
5.757368635386228561e-04
5.748484400101006031e-04
5.736645543947815895e-04
5.728018004447221756e-04
5.723912618122994900e-04
5.720122135244309902e-04
5.717034218832850456e-04
5.713907303288578987e-04
5.709477118216454983e-04
5.709083052352070808e-04
5.703148199245333672e-04
5.701310001313686371e-04
5.697280867025256157e-04
5.694876308552920818e-04
5.690291291102766991e-04
5.683496128767728806e-04
5.681170150637626648e-04
5.677922745235264301e-04
5.674738786183297634e-04
5.670674145221710205e-04
5.664539057761430740e-04
5.661103641614317894e-04
5.655604181811213493e-04
5.651365499943494797e-04
5.644080811180174351e-04
5.638063885271549225e-04
5.631782696582376957e-04
5.621918826363980770e-04
5.618224386125802994e-04
5.615580594167113304e-04
5.613205139525234699e-04
5.608404171653091908e-04
5.604095058515667915e-04
5.598955322057008743e-04
5.594020476564764977e-04
5.591398221440613270e-04
5.587925552390515804e-04
5.585372564382851124e-04
5.583331803791224957e-04
5.578162963502109051e-04
5.574602400884032249e-04
5.567410262301564217e-04
5.564955063164234161e-04
5.556792602874338627e-04
5.553610390052199364e-04
5.549022462218999863e-04
5.544378655031323433e-04
5.542614962905645370e-04
5.539532867260277271e-04
5.538979894481599331e-04
5.537013057619333267e-04
5.534806405194103718e-04
5.529972258955240250e-04
5.527405883185565472e-04
5.522161372937262058e-04
5.520198028534650803e-04
5.517825484275817871e-04
5.514300428330898285e-04
5.512459320016205311e-04
5.509919137693941593e-04
5.507533787749707699e-04
5.506294546648859978e-04
5.503606516867876053e-04
5.497451638802886009e-04
5.494300858117640018e-04
5.486277514137327671e-04
5.480805411934852600e-04
5.476967198774218559e-04
5.472559132613241673e-04
5.468691233545541763e-04
5.462709232233464718e-04
5.460324464365839958e-04
5.458709201775491238e-04
5.455528153106570244e-04
5.453309277072548866e-04
5.449744639918208122e-04
5.446841823868453503e-04
5.445609567686915398e-04
5.441965186037123203e-04
5.439935484901070595e-04
5.438437801785767078e-04
5.435468046925961971e-04
5.431406316347420216e-04
5.425552953965961933e-04
5.421411478891968727e-04
5.416051135398447514e-04
5.412881728261709213e-04
5.409425939433276653e-04
5.407525459304451942e-04
5.404914263635873795e-04
5.400469526648521423e-04
5.397329223342239857e-04
5.391540471464395523e-04
5.389791913330554962e-04
5.386109696701169014e-04
5.383215029723942280e-04
5.380524089559912682e-04
5.377171910367906094e-04
5.373749299906194210e-04
5.371334264054894447e-04
5.367410485632717609e-04
5.364853423088788986e-04
5.360140930861234665e-04
5.354635650292038918e-04
5.350538413040339947e-04
5.345954559743404388e-04
5.343749653548002243e-04
5.339964991435408592e-04
5.337561597116291523e-04
5.333553999662399292e-04
5.329275154508650303e-04
5.325609236024320126e-04
5.322482902556657791e-04
5.317335599102079868e-04
5.310164415277540684e-04
5.300638731569051743e-04
5.291507695801556110e-04
5.285333609208464622e-04
5.281478515826165676e-04
5.278315511532127857e-04
5.275423172861337662e-04
5.272226408123970032e-04
5.268207169137895107e-04
5.266017979010939598e-04
5.260812467895448208e-04
5.259182071313261986e-04
5.254828720353543758e-04
5.252062110230326653e-04
5.248321103863418102e-04
5.245556822046637535e-04
5.243901396170258522e-04
5.242453771643340588e-04
5.238962476141750813e-04
5.236989818513393402e-04
5.234957206994295120e-04
5.232663243077695370e-04
5.230450769886374474e-04
5.225209752097725868e-04
5.222294712439179420e-04
5.220467573963105679e-04
5.213549593463540077e-04
5.210699164308607578e-04
5.207367939874529839e-04
5.205390043556690216e-04
5.204152548685669899e-04
5.203033797442913055e-04
5.201643216423690319e-04
5.198916769586503506e-04
5.195356206968426704e-04
5.194036639295518398e-04
5.191343370825052261e-04
5.189995863474905491e-04
5.188783397898077965e-04
5.187634378671646118e-04
5.186984781175851822e-04
5.186263006180524826e-04
5.185374757274985313e-04
5.184503388591110706e-04
5.181042943149805069e-04
5.176561535336077213e-04
5.175627884455025196e-04
5.173792596906423569e-04
5.173382814973592758e-04
5.172594683244824409e-04
5.171739030629396439e-04
5.170897347852587700e-04
5.169342039152979851e-04
5.167950293980538845e-04
5.166024202480912209e-04
5.163357709534466267e-04
5.162324523553252220e-04
5.161103908903896809e-04
5.159667343832552433e-04
5.158690619282424450e-04
5.157426348887383938e-04
5.155244725756347179e-04
5.153818638063967228e-04
5.151810473762452602e-04
5.150472861714661121e-04
5.148106138221919537e-04
5.146210314705967903e-04
5.144360475242137909e-04
5.143118323758244514e-04
5.142206791788339615e-04
5.140968714840710163e-04
5.138938431628048420e-04
5.138118285685777664e-04
5.136065883561968803e-04
5.133727099746465683e-04
5.131973302923142910e-04
5.130080971866846085e-04
5.126009345985949039e-04
5.122565198689699173e-04
5.118707194924354553e-04
5.114870145916938782e-04
5.112348590046167374e-04
5.109496414661407471e-04
5.106905009597539902e-04
5.106171010993421078e-04
5.104801966808736324e-04
5.104360752739012241e-04
5.103159346617758274e-04
5.100864218547940254e-04
5.098622641526162624e-04
5.094903754070401192e-04
5.090055055916309357e-04
5.085904849693179131e-04
5.082057323306798935e-04
5.078046815469861031e-04
5.074685905128717422e-04
5.070827901363372803e-04
5.069259786978363991e-04
5.067049060016870499e-04
5.064902361482381821e-04
5.062398267909884453e-04
5.059819086454808712e-04
5.058508832007646561e-04
5.055453511886298656e-04
5.053672357462346554e-04
5.050790496170520782e-04
5.047573358751833439e-04
5.045045400038361549e-04
5.043591372668743134e-04
5.042946431785821915e-04
5.041363183408975601e-04
5.040639080107212067e-04
5.038890521973371506e-04
5.035930662415921688e-04
5.033742054365575314e-04
5.030416068620979786e-04
5.027167499065399170e-04
5.022789118811488152e-04
5.019461968913674355e-04
5.017613293603062630e-04
5.012371111661195755e-04
5.010765162296593189e-04
5.009284941479563713e-04
5.006912397220730782e-04
5.005261627957224846e-04
5.003205733373761177e-04
5.001758108846843243e-04
4.998625954613089561e-04
4.995543276891112328e-04
4.991869791410863400e-04
4.989712033420801163e-04
4.986013518646359444e-04
4.983774269931018353e-04
4.982035607099533081e-04
4.978264914825558662e-04
4.973536706529557705e-04
4.972961032763123512e-04
4.968749708496034145e-04
4.965981352142989635e-04
4.962941748090088367e-04
4.958757199347019196e-04
4.956303164362907410e-04
4.950039437972009182e-04
4.946385743096470833e-04
4.944007378071546555e-04
4.941130173392593861e-04
4.937626654282212257e-04
4.932524752803146839e-04
4.930798895657062531e-04
4.927586996927857399e-04
4.925863468088209629e-04
4.924266249872744083e-04
4.922874504700303078e-04
4.921383224427700043e-04
4.918890772387385368e-04
4.915853496640920639e-04
4.913956508971750736e-04
4.912192816846072674e-04
4.908720729872584343e-04
4.904596135020256042e-04
4.896633909083902836e-04
4.892576835118234158e-04
4.889054107479751110e-04
4.887712420895695686e-04
4.886163515038788319e-04
4.883691435679793358e-04
4.879232728853821754e-04
4.873920406680554152e-04
4.870121483691036701e-04
4.866338276769965887e-04
4.863887734245508909e-04
4.862232017330825329e-04
4.860335611738264561e-04
4.856020095758140087e-04
4.852169367950409651e-04
4.846397787332534790e-04
4.842879716306924820e-04
4.839607281610369682e-04
4.833557177335023880e-04
4.829609533771872520e-04
4.823671770282089710e-04
4.817911249119788408e-04
4.812683619093149900e-04
4.806705110240727663e-04
4.797989386133849621e-04
4.787999205291271210e-04
4.778970032930374146e-04
4.774633562192320824e-04
4.770851228386163712e-04
4.768811631947755814e-04
4.764073819387704134e-04
4.761292075272649527e-04
4.758349386975169182e-04
4.754973342642188072e-04
4.750239022541791201e-04
4.745867336168885231e-04
4.743082390632480383e-04
4.738976713269948959e-04
4.735924012493342161e-04
4.732740635517984629e-04
4.730696673505008221e-04
4.729680658783763647e-04
4.728895146399736404e-04
4.728085768874734640e-04
4.726664919871836901e-04
4.726530460175126791e-04
4.725624457933008671e-04
4.724792379420250654e-04
4.722891317214816809e-04
4.721193690784275532e-04
4.719448625110089779e-04
4.716561816167086363e-04
4.715256509371101856e-04
4.713667149189859629e-04
4.712594090960919857e-04
4.710848734248429537e-04
4.708314954768866301e-04
4.707182524725794792e-04
4.703977610915899277e-04
4.700081190094351768e-04
4.694891977123916149e-04
4.688792105298489332e-04
4.684437590185552835e-04
4.681593854911625385e-04
4.679513222072273493e-04
4.675730888266116381e-04
4.671720962505787611e-04
4.669630725402384996e-04
4.665200249291956425e-04
4.662986320909112692e-04
4.659481055568903685e-04
4.656004603020846844e-04
4.647472815122455359e-04
4.638807731680572033e-04
4.631106858141720295e-04
4.623975837603211403e-04
4.618949315045028925e-04
4.611324402503669262e-04
4.606418951880186796e-04
4.603469860740005970e-04
4.601564723998308182e-04
4.600073443725705147e-04
4.598140367306768894e-04
4.596215730998665094e-04
4.595109203364700079e-04
4.593544581439346075e-04
4.591555043589323759e-04
4.588764277286827564e-04
4.585831775330007076e-04
4.584095440804958344e-04
4.578896332532167435e-04
4.575894854497164488e-04
4.570181481540203094e-04
4.567569703795015812e-04
4.559859517030417919e-04
4.556617932394146919e-04
4.550320445559918880e-04
4.545333504211157560e-04
4.532671009656041861e-04
4.526107513811439276e-04
4.515097243711352348e-04
4.507623380050063133e-04
4.496933834161609411e-04
4.493498126976191998e-04
4.486629622988402843e-04
4.482665681280195713e-04
4.477412148844450712e-04
4.474603629205375910e-04
4.470557905733585358e-04
4.468878614716231823e-04
4.467222897801548243e-04
4.465496167540550232e-04
4.463860241230577230e-04
4.457451868802309036e-04
4.454360459931194782e-04
4.451612185221165419e-04
4.449384869076311588e-04
4.448088584467768669e-04
4.445472732186317444e-04
4.442323115654289722e-04
4.437658062670379877e-04
4.434761940501630306e-04
4.432403948158025742e-04
4.430949047673493624e-04
4.429473192431032658e-04
4.425808438099920750e-04
4.421533958520740271e-04
4.418019379954785109e-04
4.414863069541752338e-04
4.410314722917973995e-04
4.407368251122534275e-04
4.405452054925262928e-04
4.404321080073714256e-04
4.402607155498117208e-04
4.401074838824570179e-04
4.399417957756668329e-04
4.397587035782635212e-04
4.394588468130677938e-04
4.392224946059286594e-04
4.388710367493331432e-04
4.385584616102278233e-04
4.380974278319627047e-04
4.376952419988811016e-04
4.374150012154132128e-04
4.371400573290884495e-04
4.367866786196827888e-04
4.364255582913756371e-04
4.360594321042299271e-04
4.355043638497591019e-04
4.350697272457182407e-04
4.347112553659826517e-04
4.338225407991558313e-04
4.335368867032229900e-04
4.329473013058304787e-04
4.326830094214528799e-04
4.324124602135270834e-04
4.321357700973749161e-04
4.316822451073676348e-04
4.313464160077273846e-04
4.309628857299685478e-04
4.302957677282392979e-04
4.294226528145372868e-04
4.285886243451386690e-04
4.282052104827016592e-04
4.275865503586828709e-04
4.269653582014143467e-04
4.267486510798335075e-04
4.264986491762101650e-04
4.262425645720213652e-04
4.258734988979995251e-04
4.254452360328286886e-04
4.249343473929911852e-04
4.241690621711313725e-04
4.239255795255303383e-04
4.228236794006079435e-04
4.223573487251996994e-04
4.216977104078978300e-04
4.208913887850940228e-04
4.199194372631609440e-04
4.189340979792177677e-04
4.178503586445003748e-04
4.171844338998198509e-04
4.167392908129841089e-04
4.163228149991482496e-04
4.158223164267838001e-04
4.157713556196540594e-04
4.154340713284909725e-04
4.152893670834600925e-04
4.150875902269035578e-04
4.148866864852607250e-04
4.147129075136035681e-04
4.145030106883496046e-04
4.142677062191069126e-04
4.140245728194713593e-04
4.135282360948622227e-04
4.129544831812381744e-04
4.122491518501192331e-04
4.117615753784775734e-04
4.115952760912477970e-04
4.113154718652367592e-04
4.109618894290179014e-04
4.106373526155948639e-04
4.104253021068871021e-04
4.103257670067250729e-04
4.101543163415044546e-04
4.100056830793619156e-04
4.097496857866644859e-04
4.096167394891381264e-04
4.094458709005266428e-04
4.091087321285158396e-04
4.086549161002039909e-04
4.080391954630613327e-04
4.072789452038705349e-04
4.066771944053471088e-04
4.060497740283608437e-04
4.054105957038700581e-04
4.044440574944019318e-04
4.034022567793726921e-04
4.029146512039005756e-04
4.019566404167562723e-04
4.010222037322819233e-04
4.001825000159442425e-04
3.996140439994633198e-04
3.991976846009492874e-04
3.989215183537453413e-04
3.986784722656011581e-04
3.985031798947602510e-04
3.982537891715764999e-04
3.979557659476995468e-04
3.973713610321283340e-04
3.968144301325082779e-04
3.965092473663389683e-04
3.962705959565937519e-04
3.961151815019547939e-04
3.958547313231974840e-04
3.953206469304859638e-04
3.948953817598521709e-04
3.944335330743342638e-04
3.940211609005928040e-04
3.936721477657556534e-04
3.933600091841071844e-04
3.930981911253184080e-04
3.929079102817922831e-04
3.927576181013137102e-04
3.926590725313872099e-04
3.924465854652225971e-04
3.923166077584028244e-04
3.920780436601489782e-04
3.919282462447881699e-04
3.916911082342267036e-04
3.914083645213395357e-04
3.911907551810145378e-04
3.908746293745934963e-04
3.906245110556483269e-04
3.903455217368900776e-04
3.901382442563772202e-04
3.898154245689511299e-04
3.895768604706972837e-04
3.893942048307508230e-04
3.892444074153900146e-04
3.890326188411563635e-04
3.888147475663572550e-04
3.885313053615391254e-04
3.882588644046336412e-04
3.880355507135391235e-04
3.878371499013155699e-04
3.876808914355933666e-04
3.875009133480489254e-04
3.871918306685984135e-04
3.869479987770318985e-04
3.865580947604030371e-04
3.863058227580040693e-04
3.861542791128158569e-04
3.859296557493507862e-04
3.856433904729783535e-04
3.853289817925542593e-04
3.850941138807684183e-04
3.848561609629541636e-04
3.846997569780796766e-04
3.845144237857311964e-04
3.843586891889572144e-04
3.841817378997802734e-04
3.840351419057697058e-04
3.838855482172220945e-04
3.836878750007599592e-04
3.835073439404368401e-04
3.833460796158760786e-04
3.831240464933216572e-04
3.829029737971723080e-04
3.826910105999559164e-04
3.825800667982548475e-04
3.824878949671983719e-04
3.823077713605016470e-04
3.820628335233777761e-04
3.818309924099594355e-04
3.816550888586789370e-04
3.815738891717046499e-04
3.814390511251986027e-04
3.813466173596680164e-04
3.813035436905920506e-04
3.811641072388738394e-04
3.810653579421341419e-04
3.809720510616898537e-04
3.809148911386728287e-04
3.808433248195797205e-04
3.808027540799230337e-04
3.807911707554012537e-04
3.807531320489943027e-04
3.806868626270443201e-04
3.806610475294291973e-04
3.805742890108376741e-04
3.805363958235830069e-04
3.805038577411323786e-04
3.804597072303295135e-04
3.803837171290069818e-04
3.803597937803715467e-04
3.801951243076473475e-04
3.801313578151166439e-04
3.800028352998197079e-04
3.797638346441090107e-04
3.796678793150931597e-04
3.794217773247510195e-04
3.792966017499566078e-04
3.791775088757276535e-04
3.790393820963799953e-04
3.788410394918173552e-04
3.787665336858481169e-04
3.786403103731572628e-04
3.785825974773615599e-04
3.785108856391161680e-04
3.783430438488721848e-04
3.779991820920258760e-04
3.777926613111048937e-04
3.776084340643137693e-04
3.774013021029531956e-04
3.772721684072166681e-04
3.769300237763673067e-04
3.767630259972065687e-04
3.764917491935193539e-04
3.762360720429569483e-04
3.760440158657729626e-04
3.759384271688759327e-04
3.757488739211112261e-04
3.756499500013887882e-04
3.755995712708681822e-04
3.755105426535010338e-04
3.752596676349639893e-04
3.751033218577504158e-04
3.750238392967730761e-04
3.749184834305197001e-04
3.748671151697635651e-04
3.747722075786441565e-04
3.746033762581646442e-04
3.744977002497762442e-04
3.743174893315881491e-04
3.742077678907662630e-04
3.741321270354092121e-04
3.740036045201122761e-04
3.739143139682710171e-04
3.737983934115618467e-04
3.736334329005330801e-04
3.735767095349729061e-04
3.734547353815287352e-04
3.734007768798619509e-04
3.732742043212056160e-04
3.729191375896334648e-04
3.727504226844757795e-04
3.726984723471105099e-04
3.723496920429170132e-04
3.722456749528646469e-04
3.720612148754298687e-04
3.718284715432673693e-04
3.716761420946568251e-04
3.715451748576015234e-04
3.713621990755200386e-04
3.711619356181472540e-04
3.709383599925786257e-04
3.706432762555778027e-04
3.702907124534249306e-04
3.699534281622618437e-04
3.693082544486969709e-04
3.690359881147742271e-04
3.684083931148052216e-04
3.678551292978227139e-04
3.674910694826394320e-04
3.672579769045114517e-04
3.670411242637783289e-04
3.668877470772713423e-04
3.666865522973239422e-04
3.665048861876130104e-04
3.662703384179621935e-04
3.659919893834739923e-04
3.657261258922517300e-04
3.654702741187065840e-04
3.651958249974995852e-04
3.647964331321418285e-04
3.644723328761756420e-04
3.641706716734915972e-04
3.639953501988202333e-04
3.638030029833316803e-04
3.635726170614361763e-04
3.634208114817738533e-04
3.632710431702435017e-04
3.632102743722498417e-04
3.631247673183679581e-04
3.630700230132788420e-04
3.630092833191156387e-04
3.629502898547798395e-04
3.629333223216235638e-04
3.628870181273669004e-04
3.628458362072706223e-04
3.627752303145825863e-04
3.626409161370247602e-04
3.625052631832659245e-04
3.623475495260208845e-04
3.622097137849777937e-04
3.621127980295568705e-04
3.618844493757933378e-04
3.616400645114481449e-04
3.613884036894887686e-04
3.612165746744722128e-04
3.611429710872471333e-04
3.610332787502557039e-04
3.609199775382876396e-04
3.608212573453783989e-04
3.606725658755749464e-04
3.605089732445776463e-04
3.603570221457630396e-04
3.601434291340410709e-04
3.600254131015390158e-04
3.598980256356298923e-04
3.598315233830362558e-04
3.597606555558741093e-04
3.595934831537306309e-04
3.593484580051153898e-04
3.591183340176939964e-04
3.588228719308972359e-04
3.586119273677468300e-04
3.583832294680178165e-04
3.581433848012238741e-04
3.577479801606386900e-04
3.575128212105482817e-04
3.573245485313236713e-04
3.571541456039994955e-04
3.569665714167058468e-04
3.566445084288716316e-04
3.563034988474100828e-04
3.561495686881244183e-04
3.556759911589324474e-04
3.555067523848265409e-04
3.551295376382768154e-04
3.546845400705933571e-04
3.538890450727194548e-04
3.535998403094708920e-04
3.531004767864942551e-04
3.527207591105252504e-04
3.525257343426346779e-04
3.519433084875345230e-04
3.515339922159910202e-04
3.509626258164644241e-04
3.507157380226999521e-04
3.504355263430625200e-04
3.502293548081070185e-04
3.501238534227013588e-04
3.498979494906961918e-04
3.495720739010721445e-04
3.494697157293558121e-04
3.492344112601131201e-04
3.491261741146445274e-04
3.489726805128157139e-04
3.488867660053074360e-04
3.488332149572670460e-04
3.487104841042309999e-04
3.484656917862594128e-04
3.483102482277899981e-04
3.481886815279722214e-04
3.481362364254891872e-04
3.479824517853558064e-04
3.477618447504937649e-04
3.474021505098789930e-04
3.472488606348633766e-04
3.469504299573600292e-04
3.466590424068272114e-04
3.464087494648993015e-04
3.459747822489589453e-04
3.458808641880750656e-04
3.455526893958449364e-04
3.453863319009542465e-04
3.452020464465022087e-04
3.449716023169457912e-04
3.447754133958369493e-04
3.444707253947854042e-04
3.443739260546863079e-04
3.441418230067938566e-04
3.439098945818841457e-04
3.436561382841318846e-04
3.433186211623251438e-04
3.432855883147567511e-04
3.430028154980391264e-04
3.429512144066393375e-04
3.427945484872907400e-04
3.424895403441041708e-04
3.421921283006668091e-04
3.418624983169138432e-04
3.416516992729157209e-04
3.414627863094210625e-04
3.413676167838275433e-04
3.411847865208983421e-04
3.411413053981959820e-04
3.410588833503425121e-04
3.408989578019827604e-04
3.407351905480027199e-04
3.405710740480571985e-04
3.404789313208311796e-04
3.403305308893322945e-04
3.401950525585561991e-04
3.400703135412186384e-04
3.399532579351216555e-04
3.398739208932965994e-04
3.397877153474837542e-04
3.396632382646203041e-04
3.396172251086682081e-04
3.395537787582725286e-04
3.394762752577662468e-04
3.393880324438214302e-04
3.393700462765991688e-04
3.392908547539263964e-04
3.392304060980677605e-04
3.390888450667262077e-04
3.390237106941640377e-04
3.388775512576103210e-04
3.387591568753123283e-04
3.386871539987623692e-04
3.386339813005179167e-04
3.386021126061677933e-04
3.385066229384392500e-04
3.384833107702434063e-04
3.383540606591850519e-04
3.381899732630699873e-04
3.380848793312907219e-04
3.378359542693942785e-04
3.376695676706731319e-04
3.374429943505674601e-04
3.373315848875790834e-04
3.372311184648424387e-04
3.371404891368001699e-04
3.370279155205935240e-04
3.369067562744021416e-04
3.367707249708473682e-04
3.366433375049382448e-04
3.364796284586191177e-04
3.364069270901381969e-04
3.361330018378794193e-04
3.359326219651848078e-04
3.356837551109492779e-04
3.354325599502772093e-04
3.351946361362934113e-04
3.349545004311949015e-04
3.346680896356701851e-04
3.343435819260776043e-04
3.340945695526897907e-04
3.339766408316791058e-04
3.337989037390798330e-04
3.336065856274217367e-04
3.335375804454088211e-04
3.333553031552582979e-04
3.332126943860203028e-04
3.330795443616807461e-04
3.330233157612383366e-04
3.329328028485178947e-04
3.329186874907463789e-04
3.328785824123769999e-04
3.328120510559529066e-04
3.327440936118364334e-04
3.325582074467092752e-04
3.324883873574435711e-04
3.324012795928865671e-04
3.323335549794137478e-04
3.322686534374952316e-04
3.321869298815727234e-04
3.320788673590868711e-04
3.319157403893768787e-04
3.317618684377521276e-04
3.316349757369607687e-04
3.315155336167663336e-04
3.313132619950920343e-04
3.311874461360275745e-04
3.310271713417023420e-04
3.308093873783946037e-04
3.305243735667318106e-04
3.297913353890180588e-04
3.296540817245841026e-04
3.293177578598260880e-04
3.286905994173139334e-04
3.282983961980789900e-04
3.279973170720040798e-04
3.276607312727719545e-04
3.273588954471051693e-04
3.271400928497314453e-04
3.267724532634019852e-04
3.266421845182776451e-04
3.265165141783654690e-04
3.263873222749680281e-04
3.262480604462325573e-04
3.261586243752390146e-04
3.260107187088578939e-04
3.257906355429440737e-04
3.256770432926714420e-04
3.255595511291176081e-04
3.254940966144204140e-04
3.254467446822673082e-04
3.254451730754226446e-04
3.253783506806939840e-04
3.253534960094839334e-04
3.253308241255581379e-04
3.253075410611927509e-04
3.252077149227261543e-04
3.251530870329588652e-04
3.250300360377877951e-04
3.249052388127893209e-04
3.248346329201012850e-04
3.247916174586862326e-04
3.247663844376802444e-04
3.246570122428238392e-04
3.246439737267792225e-04
3.246174019295722246e-04
3.245877451263368130e-04
3.245024709030985832e-04
3.244971449021250010e-04
3.243964747525751591e-04
3.243363462388515472e-04
3.242571256123483181e-04
3.241855010855942965e-04
3.240397491026669741e-04
3.239021170884370804e-04
3.236349439248442650e-04
3.234027826692909002e-04
3.231751907151192427e-04
3.230575530324131250e-04
3.229538851883262396e-04
3.229141293559223413e-04
3.228740824852138758e-04
3.227517008781433105e-04
3.226759436074644327e-04
3.225233231205493212e-04
3.224084211979061365e-04
3.221413935534656048e-04
3.220313810743391514e-04
3.218651399947702885e-04
3.217924968339502811e-04
3.217317571397870779e-04
3.216420591343194246e-04
3.215164761058986187e-04
3.213853633496910334e-04
3.213068994227796793e-04
3.212347219232469797e-04
3.211877192370593548e-04
3.210926661267876625e-04
3.209669957868754864e-04
3.208754351362586021e-04
3.207700210623443127e-04
3.207237459719181061e-04
3.206396941095590591e-04
3.205662651453167200e-04
3.204571548849344254e-04
3.204302338417619467e-04
3.203563101124018431e-04
3.202899533789604902e-04
3.202267980668693781e-04
3.201335493940860033e-04
3.201040090061724186e-04
3.200569772161543369e-04
3.199621569365262985e-04
3.198892227374017239e-04
3.198501071892678738e-04
3.197327896486967802e-04
3.196739999111741781e-04
3.196250763721764088e-04
3.195874160155653954e-04
3.195198660250753164e-04
3.194794408045709133e-04
3.193551092408597469e-04
3.192143049091100693e-04
3.191442810930311680e-04
3.190408460795879364e-04
3.189490525983273983e-04
3.188357513863593340e-04
3.187365364283323288e-04
3.186279209330677986e-04
3.185386012773960829e-04
3.184145025443285704e-04
3.182892687618732452e-04
3.182071086484938860e-04
3.181149077136069536e-04
3.180560597684234381e-04
3.179820778314024210e-04
3.179456398356705904e-04
3.178766346536576748e-04
3.177469770889729261e-04
3.176928439643234015e-04
3.175856836605817080e-04
3.175143210683017969e-04
3.174703742843121290e-04
3.174204612150788307e-04
3.173647855874150991e-04
3.173151635564863682e-04
3.172362921759486198e-04
3.171798016410320997e-04
3.170944110024720430e-04
3.169237461406737566e-04
3.167871327605098486e-04
3.166057576891034842e-04
3.165199595969170332e-04
3.164311056025326252e-04
3.163579967804253101e-04
3.163502551615238190e-04
3.162432403769344091e-04
3.160892229061573744e-04
3.159422194585204124e-04
3.158381732646375895e-04
3.157123574055731297e-04
3.157123574055731297e-04
3.157123574055731297e-04
