1.907595252990722656e+01
1.907595252990722656e+01
1.906150436401367188e+01
1.904541587829589844e+01
1.901827239990234375e+01
1.897782325744628906e+01
1.892859649658203125e+01
1.888080787658691406e+01
1.884353446960449219e+01
1.882123947143554688e+01
1.881080818176269531e+01
1.880327033996582031e+01
1.878738594055175781e+01
1.876192855834960938e+01
1.873247528076171875e+01
1.870076179504394531e+01
1.866552162170410156e+01
1.861956214904785156e+01
1.854730033874511719e+01
1.843187332153320312e+01
1.826429748535156250e+01
1.804786109924316406e+01
1.776999282836914062e+01
1.739040756225585938e+01
1.695370864868164062e+01
1.643595504760742188e+01
1.576566123962402344e+01
1.506786251068115234e+01
1.433202457427978516e+01
1.377860450744628906e+01
1.355350494384765625e+01
1.380428218841552734e+01
1.378717708587646484e+01
1.345276451110839844e+01
1.302952671051025391e+01
1.273891925811767578e+01
1.275909996032714844e+01
1.286253261566162109e+01
1.294839096069335938e+01
1.299081897735595703e+01
1.293055915832519531e+01
1.280579757690429688e+01
1.269363117218017578e+01
1.259419345855712891e+01
1.253687763214111328e+01
1.257729530334472656e+01
1.262518215179443359e+01
1.262670135498046875e+01
1.257225036621093750e+01
1.248685836791992188e+01
1.242152118682861328e+01
1.240118408203125000e+01
1.239121437072753906e+01
1.238740730285644531e+01
1.237408542633056641e+01
1.234397315979003906e+01
1.230823612213134766e+01
1.228097152709960938e+01
1.225324916839599609e+01
1.223116016387939453e+01
1.220341205596923828e+01
1.216684150695800781e+01
1.212946605682373047e+01
1.209649372100830078e+01
1.206745052337646484e+01
1.203999710083007812e+01
1.199545764923095703e+01
1.192992210388183594e+01
1.185436153411865234e+01
1.178063678741455078e+01
1.171314811706542969e+01
1.163610172271728516e+01
1.154592037200927734e+01
1.145814895629882812e+01
1.137735843658447266e+01
1.129159164428710938e+01
1.119767951965332031e+01
1.110585212707519531e+01
1.101353454589843750e+01
1.092304706573486328e+01
1.085015487670898438e+01
1.077669334411621094e+01
1.070048904418945312e+01
1.063325500488281250e+01
1.056323909759521484e+01
1.049367427825927734e+01
1.042206764221191406e+01
1.034618091583251953e+01
1.029045772552490234e+01
1.027172946929931641e+01
1.032175922393798828e+01
1.030083656311035156e+01
1.012322711944580078e+01
1.013187885284423828e+01
1.012316703796386719e+01
9.990344047546386719e+00
1.001865291595458984e+01
9.931768417358398438e+00
9.866361618041992188e+00
9.880931854248046875e+00
9.784793853759765625e+00
9.775735855102539062e+00
9.760404586791992188e+00
9.684443473815917969e+00
9.687662124633789062e+00
9.641761779785156250e+00
9.593545913696289062e+00
9.590506553649902344e+00
9.535593986511230469e+00
9.512182235717773438e+00
9.488442420959472656e+00
9.434637069702148438e+00
9.413188934326171875e+00
9.367725372314453125e+00
9.315421104431152344e+00
9.280779838562011719e+00
9.219110488891601562e+00
9.156399726867675781e+00
9.097823143005371094e+00
9.012209892272949219e+00
8.919536590576171875e+00
8.823107719421386719e+00
8.700414657592773438e+00
8.562008857727050781e+00
8.417158126831054688e+00
8.256160736083984375e+00
8.084424972534179688e+00
7.920391559600830078e+00
7.773881912231445312e+00
7.647688388824462891e+00
7.549574851989746094e+00
7.489275932312011719e+00
7.496474742889404297e+00
7.533147811889648438e+00
7.416053295135498047e+00
7.144432544708251953e+00
7.095176219940185547e+00
7.131816387176513672e+00
6.966520786285400391e+00
6.908757686614990234e+00
6.962992668151855469e+00
6.855357170104980469e+00
6.835217475891113281e+00
6.858569622039794922e+00
6.758317470550537109e+00
6.763647079467773438e+00
6.744085311889648438e+00
6.670040130615234375e+00
6.688861846923828125e+00
6.658715724945068359e+00
6.612633228302001953e+00
6.627006530761718750e+00
6.603001117706298828e+00
6.564185142517089844e+00
6.569308757781982422e+00
6.548583507537841797e+00
6.510255813598632812e+00
6.510015010833740234e+00
6.492321491241455078e+00
6.457909107208251953e+00
6.448269367218017578e+00
6.431740760803222656e+00
6.402606010437011719e+00
6.380097866058349609e+00
6.359943866729736328e+00
6.339296817779541016e+00
6.315665721893310547e+00
6.285935401916503906e+00
6.260290622711181641e+00
6.240909576416015625e+00
6.215898513793945312e+00
6.180048942565917969e+00
6.144481658935546875e+00
6.114919662475585938e+00
6.086766719818115234e+00
6.056374073028564453e+00
6.020824909210205078e+00
5.979334354400634766e+00
5.933737277984619141e+00
5.887414455413818359e+00
5.842828273773193359e+00
5.803018093109130859e+00
5.779605388641357422e+00
5.781429290771484375e+00
5.781375408172607422e+00
5.789050579071044922e+00
5.887403964996337891e+00
5.795788764953613281e+00
5.567835330963134766e+00
5.468157768249511719e+00
5.432004928588867188e+00
5.457444667816162109e+00
5.447401523590087891e+00
5.358622550964355469e+00
5.197221755981445312e+00
5.135294437408447266e+00
5.159553050994873047e+00
5.110787868499755859e+00
5.113185882568359375e+00
5.010295867919921875e+00
4.897284030914306641e+00
4.798975944519042969e+00
4.795825004577636719e+00
4.793031692504882812e+00
4.792173862457275391e+00
4.788770198822021484e+00
4.785141468048095703e+00
4.774407863616943359e+00
4.749316215515136719e+00
4.725486278533935547e+00
4.682732105255126953e+00
4.622412681579589844e+00
4.589945316314697266e+00
4.529381752014160156e+00
4.433124065399169922e+00
4.373809337615966797e+00
4.284664154052734375e+00
4.245068550109863281e+00
4.194670677185058594e+00
4.124763965606689453e+00
4.076342105865478516e+00
4.030495166778564453e+00
3.950789213180541992e+00
3.911076545715332031e+00
3.870711565017700195e+00
3.840827703475952148e+00
3.808631896972656250e+00
3.799562454223632812e+00
3.767564296722412109e+00
3.746111869812011719e+00
3.708743095397949219e+00
3.670676946640014648e+00
3.644279241561889648e+00
3.627372741699218750e+00
3.611568689346313477e+00
3.586380004882812500e+00
3.533699989318847656e+00
3.497356653213500977e+00
3.482084751129150391e+00
3.451120376586914062e+00
3.432362794876098633e+00
3.408846855163574219e+00
3.383502006530761719e+00
3.366117954254150391e+00
3.361292123794555664e+00
3.354940652847290039e+00
3.334714412689208984e+00
3.310040712356567383e+00
3.284256696701049805e+00
3.273616552352905273e+00
3.268293857574462891e+00
3.263537645339965820e+00
3.257352113723754883e+00
3.247773647308349609e+00
3.237837553024291992e+00
3.227234840393066406e+00
3.216900587081909180e+00
3.209066867828369141e+00
3.200427770614624023e+00
3.190564393997192383e+00
3.179306745529174805e+00
3.163892030715942383e+00
3.154499530792236328e+00
3.145047187805175781e+00
3.140673398971557617e+00
3.134197711944580078e+00
3.119333982467651367e+00
3.113189697265625000e+00
3.102157115936279297e+00
3.099414110183715820e+00
3.095457315444946289e+00
3.089099884033203125e+00
3.080879688262939453e+00
3.073631763458251953e+00
3.068451642990112305e+00
3.063624858856201172e+00
3.058807611465454102e+00
3.048679828643798828e+00
3.033354043960571289e+00
3.018034219741821289e+00
3.006078243255615234e+00
2.997388124465942383e+00
2.986654758453369141e+00
2.968194723129272461e+00
2.947048425674438477e+00
2.935537099838256836e+00
2.920764446258544922e+00
2.915735006332397461e+00
2.909311294555664062e+00
2.903842926025390625e+00
2.889223337173461914e+00
2.875115871429443359e+00
2.856460094451904297e+00
2.835241794586181641e+00
2.821548700332641602e+00
2.815521001815795898e+00
2.812760591506958008e+00
2.807644605636596680e+00
2.802960395812988281e+00
2.797205924987792969e+00
2.790102243423461914e+00
2.775955915451049805e+00
2.755150079727172852e+00
2.745297908782958984e+00
2.738401889801025391e+00
2.737117528915405273e+00
2.733692884445190430e+00
2.731068372726440430e+00
2.727458715438842773e+00
2.720488786697387695e+00
2.711253643035888672e+00
2.697070360183715820e+00
2.681722640991210938e+00
2.658306360244750977e+00
2.647142887115478516e+00
2.636321783065795898e+00
2.630385637283325195e+00
2.625604391098022461e+00
2.618057966232299805e+00
2.606620550155639648e+00
2.592805624008178711e+00
2.577675819396972656e+00
2.563944578170776367e+00
2.555376529693603516e+00
2.543143749237060547e+00
2.533178806304931641e+00
2.520337581634521484e+00
2.508833885192871094e+00
2.494071722030639648e+00
2.467622756958007812e+00
2.446449279785156250e+00
2.393452405929565430e+00
2.355707883834838867e+00
2.319127082824707031e+00
2.301473140716552734e+00
2.257517814636230469e+00
2.235166549682617188e+00
2.206180334091186523e+00
2.162671327590942383e+00
2.129553794860839844e+00
2.105754852294921875e+00
2.077958345413208008e+00
2.043492317199707031e+00
2.015264749526977539e+00
1.951583504676818848e+00
1.882920026779174805e+00
1.841506600379943848e+00
1.810367703437805176e+00
1.784355282783508301e+00
1.764782905578613281e+00
1.747679352760314941e+00
1.736523509025573730e+00
1.709247231483459473e+00
1.654934048652648926e+00
1.554173707962036133e+00
1.463806033134460449e+00
1.397733688354492188e+00
1.349566817283630371e+00
1.317089557647705078e+00
1.286432147026062012e+00
1.254366993904113770e+00
1.225840926170349121e+00
1.200263619422912598e+00
1.189121127128601074e+00
1.169864416122436523e+00
1.154381036758422852e+00
1.133544921875000000e+00
1.098094701766967773e+00
1.064918160438537598e+00
1.047136783599853516e+00
1.039470195770263672e+00
1.036486387252807617e+00
1.029929399490356445e+00
1.019754171371459961e+00
1.000344038009643555e+00
9.645330905914306641e-01
9.224484562873840332e-01
9.013375043869018555e-01
8.769735097885131836e-01
8.626331090927124023e-01
8.419859409332275391e-01
8.301018476486206055e-01
8.206662535667419434e-01
8.171148896217346191e-01
8.105766773223876953e-01
8.081444501876831055e-01
8.049761056900024414e-01
8.013657331466674805e-01
7.998242378234863281e-01
7.973313927650451660e-01
7.944557666778564453e-01
7.877271175384521484e-01
7.775824069976806641e-01
7.626821994781494141e-01
7.516169548034667969e-01
7.425074577331542969e-01
7.335282564163208008e-01
7.227512598037719727e-01
7.173339128494262695e-01
7.149643898010253906e-01
7.123270034790039062e-01
7.087675929069519043e-01
7.045439481735229492e-01
6.969596743583679199e-01
6.906580924987792969e-01
6.866835355758666992e-01
6.834545731544494629e-01
6.800442337989807129e-01
6.734236478805541992e-01
6.667864322662353516e-01
6.616215109825134277e-01
6.586682796478271484e-01
6.564152240753173828e-01
6.526069641113281250e-01
6.435288190841674805e-01
6.345902681350708008e-01
6.193190217018127441e-01
6.050037145614624023e-01
5.954225063323974609e-01
5.871227979660034180e-01
5.823190212249755859e-01
5.754249095916748047e-01
5.714277029037475586e-01
5.695583224296569824e-01
5.665131211280822754e-01
5.630570054054260254e-01
5.585893392562866211e-01
5.525261163711547852e-01
5.502673387527465820e-01
5.450811982154846191e-01
5.392710566520690918e-01
5.308098793029785156e-01
5.219701528549194336e-01
5.164902210235595703e-01
5.121616125106811523e-01
5.087317824363708496e-01
5.046162605285644531e-01
5.002349019050598145e-01
4.982398152351379395e-01
4.965892136096954346e-01
4.955087304115295410e-01
4.939294159412384033e-01
4.924075305461883545e-01
4.905075728893280029e-01
4.883252084255218506e-01
4.861296713352203369e-01
4.836189746856689453e-01
4.812011420726776123e-01
4.798207581043243408e-01
4.786801636219024658e-01
4.775203466415405273e-01
4.762227833271026611e-01
4.743481278419494629e-01
4.726188778877258301e-01
4.720532596111297607e-01
4.687696695327758789e-01
4.666426181793212891e-01
4.631935358047485352e-01
4.602313637733459473e-01
4.557801485061645508e-01
4.546357989311218262e-01
4.496813714504241943e-01
4.467619359493255615e-01
4.431614279747009277e-01
4.383403062820434570e-01
4.363171458244323730e-01
4.332483708858489990e-01
4.304451942443847656e-01
4.285615384578704834e-01
4.253403842449188232e-01
4.222178161144256592e-01
4.204605817794799805e-01
4.184861481189727783e-01
4.178317487239837646e-01
4.165764749050140381e-01
4.156372845172882080e-01
4.144552052021026611e-01
4.124428033828735352e-01
4.089658856391906738e-01
4.040374457836151123e-01
3.972710072994232178e-01
3.929114639759063721e-01
3.899457454681396484e-01
3.851663470268249512e-01
3.826637864112854004e-01
3.795025646686553955e-01
3.761186301708221436e-01
3.744049966335296631e-01
3.725396990776062012e-01
3.712386786937713623e-01
3.705026805400848389e-01
3.693420290946960449e-01
3.680246472358703613e-01
3.668465018272399902e-01
3.659855723381042480e-01
3.651016652584075928e-01
3.635061681270599365e-01
3.623964786529541016e-01
3.609534204006195068e-01
3.575126230716705322e-01
3.531825244426727295e-01
3.445792794227600098e-01
3.356993198394775391e-01
3.314185440540313721e-01
3.273674547672271729e-01
3.257465064525604248e-01
3.233822882175445557e-01
3.220075070858001709e-01
3.198866546154022217e-01
3.187990188598632812e-01
3.174693882465362549e-01
3.168767690658569336e-01
3.159717321395874023e-01
3.151957094669342041e-01
3.143556118011474609e-01
3.134439885616302490e-01
3.123752474784851074e-01
3.109341263771057129e-01
3.090325891971588135e-01
3.074522614479064941e-01
3.050710260868072510e-01
3.018926084041595459e-01
2.987614870071411133e-01
2.958089113235473633e-01
2.938273847103118896e-01
2.919710278511047363e-01
2.907313108444213867e-01
2.884093821048736572e-01
2.870638072490692139e-01
2.859026193618774414e-01
2.854858934879302979e-01
2.848056852817535400e-01
2.844260036945343018e-01
2.838530242443084717e-01
2.833288013935089111e-01
2.829550802707672119e-01
2.823179960250854492e-01
2.815443873405456543e-01
2.808549702167510986e-01
2.799618840217590332e-01
2.791433930397033691e-01
2.779967784881591797e-01
2.767560780048370361e-01
2.756565511226654053e-01
2.743042707443237305e-01
2.726576924324035645e-01
2.706685662269592285e-01
2.681772112846374512e-01
2.654345333576202393e-01
2.635468542575836182e-01
2.622101306915283203e-01
2.614622414112091064e-01
2.609229683876037598e-01
2.604743838310241699e-01
2.600210309028625488e-01
2.593084275722503662e-01
2.588126659393310547e-01
2.584479451179504395e-01
2.583055198192596436e-01
2.572034597396850586e-01
2.565791904926300049e-01
2.557916641235351562e-01
2.549835145473480225e-01
2.539304196834564209e-01
2.526940703392028809e-01
2.520787417888641357e-01
2.504357993602752686e-01
2.493172585964202881e-01
2.479118406772613525e-01
2.462477087974548340e-01
2.449069470167160034e-01
2.424850314855575562e-01
2.382654994726181030e-01
2.328438460826873779e-01
2.281653583049774170e-01
2.272881865501403809e-01
2.222334742546081543e-01
2.201747596263885498e-01
2.173780649900436401e-01
2.167243361473083496e-01
2.140416502952575684e-01
2.131768912076950073e-01
2.124035209417343140e-01
2.111746519804000854e-01
2.099157869815826416e-01
2.083709388971328735e-01
2.071437239646911621e-01
2.063088566064834595e-01
2.054805457592010498e-01
2.047504782676696777e-01
2.037687897682189941e-01
2.028267681598663330e-01
2.015403807163238525e-01
2.009337097406387329e-01
1.995687037706375122e-01
1.986633837223052979e-01
1.981188058853149414e-01
1.975106149911880493e-01
1.964311599731445312e-01
1.949743330478668213e-01
1.922757327556610107e-01
1.904147714376449585e-01
1.892893165349960327e-01
1.887591779232025146e-01
1.881544291973114014e-01
1.874614655971527100e-01
1.867316663265228271e-01
1.860661506652832031e-01
1.855956614017486572e-01
1.852462440729141235e-01
1.846824586391448975e-01
1.838615685701370239e-01
1.826049983501434326e-01
1.805478036403656006e-01
1.796430349349975586e-01
1.788479685783386230e-01
1.780233383178710938e-01
1.776109486818313599e-01
1.771288961172103882e-01
1.763650923967361450e-01
1.752186119556427002e-01
1.737386286258697510e-01
1.716683655977249146e-01
1.687178164720535278e-01
1.670336574316024780e-01
1.653404831886291504e-01
1.646661907434463501e-01
1.636795401573181152e-01
1.630589663982391357e-01
1.621783226728439331e-01
1.609775125980377197e-01
1.594679057598114014e-01
1.575407236814498901e-01
1.557870060205459595e-01
1.545555591583251953e-01
1.531369537115097046e-01
1.520110070705413818e-01
1.515597105026245117e-01
1.508571505546569824e-01
1.505009829998016357e-01
1.497783064842224121e-01
1.489269882440567017e-01
1.485828012228012085e-01
1.481519639492034912e-01
1.472803503274917603e-01
1.460762917995452881e-01
1.452238708734512329e-01
1.445295512676239014e-01
1.441673934459686279e-01
1.439465284347534180e-01
1.436425447463989258e-01
1.433173418045043945e-01
1.427697688341140747e-01
1.421056091785430908e-01
1.411062926054000854e-01
1.395823508501052856e-01
1.389910429716110229e-01
1.385610550642013550e-01
1.381565928459167480e-01
1.376343965530395508e-01
1.370269507169723511e-01
1.364562064409255981e-01
1.358772516250610352e-01
1.354520320892333984e-01
1.345710754394531250e-01
1.334790438413619995e-01
1.322933286428451538e-01
1.316029280424118042e-01
1.311692893505096436e-01
1.306618303060531616e-01
1.301450133323669434e-01
1.290463060140609741e-01
1.280075013637542725e-01
1.273834407329559326e-01
1.269066631793975830e-01
1.265275180339813232e-01
1.262413412332534790e-01
1.258025914430618286e-01
1.255435198545455933e-01
1.254244297742843628e-01
1.253051161766052246e-01
1.251422166824340820e-01
1.248420402407646179e-01
1.245274618268013000e-01
1.241447851061820984e-01
1.235903948545455933e-01
1.231220811605453491e-01
1.226753443479537964e-01
1.223376989364624023e-01
1.216655522584915161e-01
1.210578680038452148e-01
1.204958632588386536e-01
1.201940029859542847e-01
1.199977397918701172e-01
1.198884993791580200e-01
1.197191625833511353e-01
1.195145994424819946e-01
1.192878484725952148e-01
1.190274506807327271e-01
1.188278794288635254e-01
1.185463219881057739e-01
1.182160228490829468e-01
1.179088652133941650e-01
1.173265799880027771e-01
1.171601414680480957e-01
1.163692250847816467e-01
1.160307377576828003e-01
1.156049817800521851e-01
1.152412369847297668e-01
1.151454970240592957e-01
1.149778515100479126e-01
1.148539036512374878e-01
1.145773679018020630e-01
1.142895966768264771e-01
1.140048578381538391e-01
1.135924309492111206e-01
1.130250543355941772e-01
1.126726865768432617e-01
1.122143864631652832e-01
1.118522733449935913e-01
1.115540117025375366e-01
1.110895425081253052e-01
1.103889644145965576e-01
1.096053719520568848e-01
1.090472191572189331e-01
1.082878112792968750e-01
1.075192987918853760e-01
1.071706488728523254e-01
1.066535264253616333e-01
1.064281314611434937e-01
1.060935109853744507e-01
1.057390645146369934e-01
1.053058728575706482e-01
1.048796847462654114e-01
1.043848395347595215e-01
1.040829494595527649e-01
1.037007272243499756e-01
1.034515798091888428e-01
1.032293438911437988e-01
1.030820235610008240e-01
1.029968932271003723e-01
1.029257923364639282e-01
1.028156131505966187e-01
1.027159467339515686e-01
1.026148274540901184e-01
1.024669557809829712e-01
1.022882536053657532e-01
1.021570712327957153e-01
1.018659919500350952e-01
1.016413494944572449e-01
1.014337316155433655e-01
1.012413799762725830e-01
1.011596173048019409e-01
1.010049954056739807e-01
1.008563116192817688e-01
1.007032543420791626e-01
1.005969643592834473e-01
1.004621982574462891e-01
1.003832519054412842e-01
1.002709493041038513e-01
1.002028435468673706e-01
1.001399010419845581e-01
1.000710651278495789e-01
1.000263243913650513e-01
9.991916269063949585e-02
9.981699287891387939e-02
9.966573119163513184e-02
9.951674938201904297e-02
9.930850565433502197e-02
9.898863732814788818e-02
9.845067560672760010e-02
9.794318675994873047e-02
9.755031764507293701e-02
9.697812795639038086e-02
9.675935655832290649e-02
9.647853672504425049e-02
9.593963623046875000e-02
9.556809812784194946e-02
9.502921998500823975e-02
9.409396350383758545e-02
9.371710568666458130e-02
9.337179362773895264e-02
9.308214485645294189e-02
9.267143905162811279e-02
9.234182536602020264e-02
9.188462048768997192e-02
9.149825572967529297e-02
9.119062125682830811e-02
9.058038890361785889e-02
9.035220742225646973e-02
9.004228562116622925e-02
8.981855213642120361e-02
8.953542262315750122e-02
8.899966627359390259e-02
8.822594583034515381e-02
8.729829639196395874e-02
8.673686534166336060e-02
8.624161779880523682e-02
8.583112061023712158e-02
8.548624813556671143e-02
8.470331132411956787e-02
8.375468105077743530e-02
8.326405286788940430e-02
8.284093439579010010e-02
8.164331316947937012e-02
8.090614527463912964e-02
8.059471845626831055e-02
8.016276359558105469e-02
7.961459457874298096e-02
7.935103774070739746e-02
7.895493507385253906e-02
7.871708273887634277e-02
7.837264239788055420e-02
7.798450440168380737e-02
7.747387886047363281e-02
7.713553309440612793e-02
7.689908146858215332e-02
7.666909694671630859e-02
7.635493576526641846e-02
7.622194290161132812e-02
7.583177089691162109e-02
7.575263082981109619e-02
7.552953809499740601e-02
7.541476190090179443e-02
7.529009133577346802e-02
7.516342401504516602e-02
7.497957348823547363e-02
7.482803612947463989e-02
7.468014955520629883e-02
7.445754855871200562e-02
7.415381073951721191e-02
7.402000576257705688e-02
7.378781586885452271e-02
7.360166311264038086e-02
7.346190512180328369e-02
7.333195209503173828e-02
7.323154062032699585e-02
7.315984368324279785e-02
7.308457046747207642e-02
7.298747450113296509e-02
7.288648188114166260e-02
7.277664542198181152e-02
7.262259721755981445e-02
7.246610522270202637e-02
7.227729260921478271e-02
7.200941443443298340e-02
7.189093530178070068e-02
7.157552242279052734e-02
7.140157371759414673e-02
7.123501598834991455e-02
7.102809846401214600e-02
7.079492509365081787e-02
7.069620490074157715e-02
7.049264758825302124e-02
7.032185792922973633e-02
7.005175948143005371e-02
6.961522996425628662e-02
6.945174932479858398e-02
6.908600032329559326e-02
6.898382306098937988e-02
6.888622045516967773e-02
6.878657639026641846e-02
6.859427690505981445e-02
6.850172579288482666e-02
6.841970235109329224e-02
6.831396371126174927e-02
6.816338002681732178e-02
6.800429522991180420e-02
6.786486506462097168e-02
6.777318567037582397e-02
6.771128624677658081e-02
6.766815483570098877e-02
6.762438267469406128e-02
6.752561032772064209e-02
6.743593513965606689e-02
6.732787936925888062e-02
6.717945635318756104e-02
6.709656119346618652e-02
6.677442044019699097e-02
6.642644852399826050e-02
6.617657840251922607e-02
6.600362062454223633e-02
6.585299968719482422e-02
6.574603915214538574e-02
6.561283767223358154e-02
6.547816097736358643e-02
6.531625986099243164e-02
6.520658731460571289e-02
6.508967280387878418e-02
6.497964262962341309e-02
6.486951559782028198e-02
6.480193138122558594e-02
6.476080417633056641e-02
6.471054255962371826e-02
6.464554369449615479e-02
6.455309689044952393e-02
6.446754187345504761e-02
6.436301022768020630e-02
6.427096575498580933e-02
6.423933058977127075e-02
6.418035924434661865e-02
6.412103027105331421e-02
6.405735015869140625e-02
6.402301043272018433e-02
6.397344172000885010e-02
6.393141299486160278e-02
6.387376785278320312e-02
6.381219625473022461e-02
6.370961666107177734e-02
6.362715363502502441e-02
6.346541643142700195e-02
6.327200680971145630e-02
6.306844204664230347e-02
6.301321089267730713e-02
6.293797492980957031e-02
6.282535940408706665e-02
6.274158507585525513e-02
6.263442337512969971e-02
6.250406801700592041e-02
6.241421774029731750e-02
6.230712682008743286e-02
6.218774616718292236e-02
6.209581717848777771e-02
6.200600415468215942e-02
6.190279871225357056e-02
6.173299998044967651e-02
6.167550384998321533e-02
6.150589138269424438e-02
6.135897338390350342e-02
6.119350343942642212e-02
6.096780300140380859e-02
6.082122400403022766e-02
6.065511703491210938e-02
6.044440716505050659e-02
6.017187982797622681e-02
5.976900085806846619e-02
5.959338694810867310e-02
5.948256701231002808e-02
5.942631885409355164e-02
5.937787517905235291e-02
5.932210013270378113e-02
5.926657095551490784e-02
5.923524498939514160e-02
5.919492244720458984e-02
5.916126817464828491e-02
5.914666131138801575e-02
5.908926576375961304e-02
5.903739109635353088e-02
5.898696184158325195e-02
5.895971134305000305e-02
5.892768129706382751e-02
5.890985578298568726e-02
5.888275429606437683e-02
5.884718149900436401e-02
5.881011113524436951e-02
5.877983570098876953e-02
5.872744321823120117e-02
5.869546905159950256e-02
5.865923315286636353e-02
5.854767933487892151e-02
5.843765288591384888e-02
5.835031718015670776e-02
5.823773145675659180e-02
5.800109356641769409e-02
5.770586431026458740e-02
5.737706273794174194e-02
5.714295059442520142e-02
5.700070783495903015e-02
5.682006850838661194e-02
5.653489008545875549e-02
5.607128515839576721e-02
5.570090562105178833e-02
5.534922331571578979e-02
5.510461330413818359e-02
5.493402481079101562e-02
5.480094999074935913e-02
5.469701439142227173e-02
5.459924414753913879e-02
5.447328090667724609e-02
5.435563623905181885e-02
5.429271608591079712e-02
5.421809852123260498e-02
5.416046455502510071e-02
5.407387763261795044e-02
5.392933636903762817e-02
5.386602506041526794e-02
5.375455319881439209e-02
5.369045585393905640e-02
5.363687500357627869e-02
5.358167737722396851e-02
5.351364612579345703e-02
5.343802645802497864e-02
5.336600542068481445e-02
5.332063138484954834e-02
5.326012521982192993e-02
5.315665900707244873e-02
5.304910242557525635e-02
5.295148491859436035e-02
5.280105024576187134e-02
5.268498510122299194e-02
5.253315344452857971e-02
5.234367772936820984e-02
5.220895260572433472e-02
5.201219767332077026e-02
5.178746581077575684e-02
5.163474008440971375e-02
5.142901837825775146e-02
5.094850063323974609e-02
5.082153156399726868e-02
5.068009346723556519e-02
5.049275234341621399e-02
5.025789514183998108e-02
5.003889650106430054e-02
4.979118704795837402e-02
4.965205863118171692e-02
4.951142147183418274e-02
4.943470284342765808e-02
4.933097958564758301e-02
4.919876158237457275e-02
4.906129837036132812e-02
4.892159625887870789e-02
4.884091764688491821e-02
4.875331372022628784e-02
4.858504980802536011e-02
4.851160943508148193e-02
4.834165796637535095e-02
4.830527305603027344e-02
4.815836623311042786e-02
4.812500625848770142e-02
4.804237931966781616e-02
4.798751696944236755e-02
4.793658852577209473e-02
4.789306223392486572e-02
4.786249250173568726e-02
4.783392697572708130e-02
4.780794680118560791e-02
4.778026044368743896e-02
4.773377627134323120e-02
4.767985641956329346e-02
4.761281982064247131e-02
4.756851494312286377e-02
4.753698036074638367e-02
4.749623686075210571e-02
4.745740443468093872e-02
4.743365198373794556e-02
4.740319773554801941e-02
4.736322164535522461e-02
4.732638224959373474e-02
4.730167239904403687e-02
4.726972803473472595e-02
4.724679142236709595e-02
4.722129181027412415e-02
4.719285666942596436e-02
4.714686423540115356e-02
4.710565507411956787e-02
4.705293476581573486e-02
4.699691385030746460e-02
4.690833762288093567e-02
4.681989923119544983e-02
4.672399908304214478e-02
4.665327817201614380e-02
4.660207778215408325e-02
4.653998464345932007e-02
4.648662731051445007e-02
4.641460999846458435e-02
4.629638418555259705e-02
4.624626040458679199e-02
4.614277556538581848e-02
4.601396620273590088e-02
4.594511538743972778e-02
4.583946615457534790e-02
4.576930776238441467e-02
4.570874199271202087e-02
4.564051330089569092e-02
4.558686167001724243e-02
4.552733153104782104e-02
4.546655341982841492e-02
4.538888484239578247e-02
4.521925374865531921e-02
4.513845220208168030e-02
4.494456946849822998e-02
4.481943696737289429e-02
4.472733289003372192e-02
4.459792003035545349e-02
4.445123299956321716e-02
4.435751214623451233e-02
4.423806071281433105e-02
4.417470470070838928e-02
4.410656169056892395e-02
4.402244463562965393e-02
4.389072582125663757e-02
4.382511600852012634e-02
4.365270212292671204e-02
4.356653243303298950e-02
4.346036538481712341e-02
4.336877912282943726e-02
4.323995113372802734e-02
4.315295070409774780e-02
4.303520545363426208e-02
4.296189919114112854e-02
4.286110401153564453e-02
4.271383211016654968e-02
4.257685691118240356e-02
4.247243329882621765e-02
4.236783459782600403e-02
4.223084449768066406e-02
4.210465401411056519e-02
4.197692126035690308e-02
4.183922335505485535e-02
4.170116037130355835e-02
4.161785542964935303e-02
4.152824729681015015e-02
4.145783931016921997e-02
4.137787595391273499e-02
4.123460873961448669e-02
4.109605401754379272e-02
4.098816961050033569e-02
4.088196530938148499e-02
4.075144976377487183e-02
4.065570235252380371e-02
4.059388116002082825e-02
4.053147509694099426e-02
4.046180099248886108e-02
4.037628322839736938e-02
4.020627588033676147e-02
4.009258747100830078e-02
4.000713303685188293e-02
3.993739560246467590e-02
3.987171128392219543e-02
3.980229049921035767e-02
3.972794860601425171e-02
3.966899588704109192e-02
3.962682560086250305e-02
3.955373540520668030e-02
3.947044909000396729e-02
3.937600180506706238e-02
3.924772143363952637e-02
3.913889825344085693e-02
3.905216231942176819e-02
3.898058831691741943e-02
3.893100842833518982e-02
3.885651379823684692e-02
3.878770396113395691e-02
3.873068839311599731e-02
3.868705034255981445e-02
3.860852867364883423e-02
3.855495527386665344e-02
3.846086561679840088e-02
3.840788453817367554e-02
3.834476321935653687e-02
3.827698901295661926e-02
3.817279636859893799e-02
3.805000707507133484e-02
3.799309581518173218e-02
3.787739574909210205e-02
3.781370073556900024e-02
3.769447281956672668e-02
3.750535473227500916e-02
3.722825646400451660e-02
3.697990626096725464e-02
3.677352517843246460e-02
3.661356866359710693e-02
3.657956421375274658e-02
3.630016371607780457e-02
3.615549206733703613e-02
3.596825525164604187e-02
3.579763695597648621e-02
3.563323244452476501e-02
3.556403145194053650e-02
3.552424162626266479e-02
3.550236299633979797e-02
3.548060357570648193e-02
3.544631227850914001e-02
3.539772704243659973e-02
3.534029424190521240e-02
3.528411313891410828e-02
3.522424772381782532e-02
3.517617657780647278e-02
3.513754904270172119e-02
3.510966897010803223e-02
3.506735339760780334e-02
3.500189632177352905e-02
3.494794666767120361e-02
3.488754108548164368e-02
3.478833660483360291e-02
3.475033491849899292e-02
3.464035317301750183e-02
3.454531356692314148e-02
3.440539166331291199e-02
3.421755507588386536e-02
3.399218246340751648e-02
3.376636654138565063e-02
3.367744758725166321e-02
3.361785784363746643e-02
3.357084095478057861e-02
3.350719437003135681e-02
3.342911973595619202e-02
3.335799276828765869e-02
3.326958417892456055e-02
3.318426012992858887e-02
3.309153765439987183e-02
3.301028534770011902e-02
3.293834254145622253e-02
3.287972882390022278e-02
3.287480399012565613e-02
3.282739967107772827e-02
3.281141817569732666e-02
3.278571739792823792e-02
3.275074809789657593e-02
3.272599726915359497e-02
3.270234540104866028e-02
3.268877044320106506e-02
3.267261758446693420e-02
3.265183791518211365e-02
3.262931108474731445e-02
3.258923441171646118e-02
3.255692124366760254e-02
3.253605216741561890e-02
3.250430524349212646e-02
3.248354420065879822e-02
3.246628120541572571e-02
3.245683759450912476e-02
3.244145214557647705e-02
3.242694213986396790e-02
3.241101279854774475e-02
3.238544613122940063e-02
3.235082700848579407e-02
3.230939805507659912e-02
3.229350969195365906e-02
3.227628767490386963e-02
3.226338326930999756e-02
3.224806860089302063e-02
3.221172839403152466e-02
3.218589723110198975e-02
3.214671462774276733e-02
3.212043270468711853e-02
3.208216279745101929e-02
3.205077722668647766e-02
3.200960531830787659e-02
3.196825832128524780e-02
3.194139152765274048e-02
3.192219510674476624e-02
3.190395236015319824e-02
3.187124431133270264e-02
3.184337913990020752e-02
3.181030601263046265e-02
3.176169842481613159e-02
3.175368905067443848e-02
3.172071650624275208e-02
3.170281648635864258e-02
3.167833387851715088e-02
3.164435178041458130e-02
3.158007934689521790e-02
3.155472129583358765e-02
3.149097412824630737e-02
3.144568949937820435e-02
3.140556812286376953e-02
3.137898072600364685e-02
3.135228902101516724e-02
3.133032843470573425e-02
3.130577132105827332e-02
3.128119930624961853e-02
3.125514090061187744e-02
3.122315928339958191e-02
3.119905292987823486e-02
3.116350620985031128e-02
3.114256262779235840e-02
3.112573362886905670e-02
3.110105730593204498e-02
3.107357397675514221e-02
3.104392066597938538e-02
3.100010007619857788e-02
3.093019500374794006e-02
3.077173978090286255e-02
3.070159815251827240e-02
3.061607107520103455e-02
3.059652447700500488e-02
3.057689219713211060e-02
3.056256659328937531e-02
3.054085373878479004e-02
3.050864115357398987e-02
3.047481924295425415e-02
3.046333976089954376e-02
3.040088340640068054e-02
3.037040121853351593e-02
3.033202886581420898e-02
3.030681423842906952e-02
3.028681501746177673e-02
3.025418519973754883e-02
3.022255748510360718e-02
3.020292334258556366e-02
3.016834706068038940e-02
3.011884726583957672e-02
3.006144426763057709e-02
2.999635785818099976e-02
2.997343242168426514e-02
2.987654879689216614e-02
2.983518317341804504e-02
2.979970350861549377e-02
2.974944002926349640e-02
2.970036119222640991e-02
2.962271124124526978e-02
2.956727147102355957e-02
2.953908033668994904e-02
2.946497499942779541e-02
2.939824759960174561e-02
2.930711209774017334e-02
2.923408523201942444e-02
2.914619632065296173e-02
2.908299118280410767e-02
2.900322154164314270e-02
2.891511842608451843e-02
2.887297794222831726e-02
2.883780002593994141e-02
2.880631759762763977e-02
2.875781990587711334e-02
2.871987223625183105e-02
2.868956886231899261e-02
2.866607345640659332e-02
2.864026650786399841e-02
2.860655263066291809e-02
2.856773696839809418e-02
2.852889522910118103e-02
2.849956415593624115e-02
2.846946381032466888e-02
2.843378111720085144e-02
2.841011062264442444e-02
2.838176675140857697e-02
2.836568094789981842e-02
2.834584750235080719e-02
2.831964753568172455e-02
2.829742617905139923e-02
2.822984755039215088e-02
2.818289026618003845e-02
2.812501415610313416e-02
2.810978889465332031e-02
2.806178480386734009e-02
2.804178372025489807e-02
2.801015414297580719e-02
2.797428704798221588e-02
2.794149890542030334e-02
2.790710702538490295e-02
2.787940576672554016e-02
2.785587683320045471e-02
2.783644758164882660e-02
2.778746001422405243e-02
2.773606032133102417e-02
2.768228016793727875e-02
2.764406427741050720e-02
2.760746330022811890e-02
2.756168693304061890e-02
2.750556357204914093e-02
2.745444327592849731e-02
2.737384475767612457e-02
2.731138467788696289e-02
2.727406285703182220e-02
2.724719792604446411e-02
2.722051367163658142e-02
2.719337679445743561e-02
2.715073898434638977e-02
2.708902209997177124e-02
2.702805027365684509e-02
2.697047591209411621e-02
2.692553214728832245e-02
2.688671648502349854e-02
2.685234509408473969e-02
2.682739309966564178e-02
2.680487930774688721e-02
2.679083496332168579e-02
2.677363529801368713e-02
2.674958668649196625e-02
2.672428265213966370e-02
2.668526768684387207e-02
2.664552070200443268e-02
2.661024220287799835e-02
2.655121311545372009e-02
2.649682387709617615e-02
2.642788738012313843e-02
2.639388479292392731e-02
2.636102959513664246e-02
2.633481286466121674e-02
2.630588412284851074e-02
2.627209573984146118e-02
2.625309862196445465e-02
2.623192034661769867e-02
2.620568498969078064e-02
2.617391943931579590e-02
2.614876255393028259e-02
2.611777558922767639e-02
2.608473226428031921e-02
2.606851980090141296e-02
2.604801580309867859e-02
2.603419870138168335e-02
2.601852640509605408e-02
2.599730901420116425e-02
2.597469836473464966e-02
2.595453336834907532e-02
2.593313716351985931e-02
2.590995840728282928e-02
2.588982693850994110e-02
2.587415464222431183e-02
2.585822157561779022e-02
2.584117092192173004e-02
2.581392973661422729e-02
2.579894661903381348e-02
2.577405422925949097e-02
2.573801204562187195e-02
2.570920437574386597e-02
2.564417384564876556e-02
2.556630223989486694e-02
2.549799345433712006e-02
2.545925974845886230e-02
2.543566375970840454e-02
2.541081979870796204e-02
2.537484280765056610e-02
2.534726262092590332e-02
2.532771229743957520e-02
2.531225979328155518e-02
2.530491724610328674e-02
2.529276534914970398e-02
2.527838200330734253e-02
2.526647970080375671e-02
2.524362131953239441e-02
2.522382512688636780e-02
2.519991807639598846e-02
2.517805621027946472e-02
2.516810968518257141e-02
2.515172027051448822e-02
2.513609826564788818e-02
2.511588297784328461e-02
2.510919794440269470e-02
2.510068379342556000e-02
2.509155496954917908e-02
2.507986687123775482e-02
2.506515756249427795e-02
2.504760399460792542e-02
2.502841129899024963e-02
2.501182258129119873e-02
2.499046549201011658e-02
2.496600709855556488e-02
2.493384107947349548e-02
2.489674091339111328e-02
2.488898485898971558e-02
2.483545616269111633e-02
2.482375502586364746e-02
2.480953745543956757e-02
2.479493245482444763e-02
2.477642893791198730e-02
2.475366741418838501e-02
2.473042346537113190e-02
2.468775957822799683e-02
2.462400496006011963e-02
2.455527707934379578e-02
2.448734082281589508e-02
2.442963980138301849e-02
2.438714541494846344e-02
2.433187887072563171e-02
2.429422736167907715e-02
2.426359616219997406e-02
2.424372360110282898e-02
2.422443777322769165e-02
2.419821918010711670e-02
2.417295984923839569e-02
2.416439354419708252e-02
2.412435598671436310e-02
2.409971691668033600e-02
2.407764829695224762e-02
2.405265718698501587e-02
2.402359619736671448e-02
2.397703751921653748e-02
2.393816784024238586e-02
2.392013557255268097e-02
2.388279512524604797e-02
2.384728007018566132e-02
2.381067723035812378e-02
2.378484606742858887e-02
2.376527339220046997e-02
2.374716103076934814e-02
2.372903190553188324e-02
2.371569722890853882e-02
2.369433082640171051e-02
2.366583049297332764e-02
2.363653294742107391e-02
2.361067011952400208e-02
2.358502522110939026e-02
2.357314527034759521e-02
2.355172485113143921e-02
2.353722974658012390e-02
2.352318167686462402e-02
2.351608127355575562e-02
2.350800856947898865e-02
2.350432239472866058e-02
2.349971234798431396e-02
2.349544689059257507e-02
2.348726242780685425e-02
2.347979880869388580e-02
2.347240224480628967e-02
2.346310019493103027e-02
2.345622517168521881e-02
2.344142273068428040e-02
2.343185432255268097e-02
2.342204749584197998e-02
2.341158129274845123e-02
2.340248972177505493e-02
2.339428663253784180e-02
2.338935434818267822e-02
2.338558807969093323e-02
2.338216081261634827e-02
2.337903715670108795e-02
2.337674237787723541e-02
2.337357774376869202e-02
2.336892671883106232e-02
2.336404658854007721e-02
2.335779368877410889e-02
2.334909886121749878e-02
2.334658056497573853e-02
2.333885058760643005e-02
2.333057112991809845e-02
2.332235872745513916e-02
2.331142127513885498e-02
2.330250106751918793e-02
2.329283207654953003e-02
2.328797243535518646e-02
2.327736280858516693e-02
2.326932176947593689e-02
2.326082997024059296e-02
2.325350604951381683e-02
2.324557676911354065e-02
2.323931641876697540e-02
2.323308587074279785e-02
2.322805672883987427e-02
2.322638779878616333e-02
2.322192303836345673e-02
2.321562543511390686e-02
2.320699021220207214e-02
2.319785021245479584e-02
2.319003641605377197e-02
2.317986264824867249e-02
2.317445352673530579e-02
2.316056005656719208e-02
2.315105311572551727e-02
2.314255759119987488e-02
2.313233911991119385e-02
2.311946637928485870e-02
2.310090512037277222e-02
2.308776043355464935e-02
2.306251227855682373e-02
2.305604889988899231e-02
2.304057404398918152e-02
2.302593737840652466e-02
2.301440015435218811e-02
2.299889922142028809e-02
2.298015728592872620e-02
2.296408638358116150e-02
2.292010188102722168e-02
2.287565357983112335e-02
2.285674586892127991e-02
2.282961457967758179e-02
2.282148227095603943e-02
2.281171455979347229e-02
2.280329540371894836e-02
2.279191091656684875e-02
2.278065681457519531e-02
2.277367189526557922e-02
2.276404574513435364e-02
2.275970578193664551e-02
2.275460213422775269e-02
2.275175787508487701e-02
2.274926006793975830e-02
2.274513617157936096e-02
2.274199761450290680e-02
2.273617312312126160e-02
2.272927574813365936e-02
2.272249013185501099e-02
2.271300740540027618e-02
2.269775420427322388e-02
2.268782816827297211e-02
2.267586998641490936e-02
2.266762964427471161e-02
2.265850827097892761e-02
2.264599502086639404e-02
2.263356000185012817e-02
2.262593060731887817e-02
2.261830121278762817e-02
2.260887809097766876e-02
2.259906381368637085e-02
2.258109115064144135e-02
2.257799729704856873e-02
2.256600931286811829e-02
2.255893684923648834e-02
2.255510166287422180e-02
2.255244553089141846e-02
2.254777960479259491e-02
2.254487015306949615e-02
2.253717184066772461e-02
2.252829447388648987e-02
2.252455800771713257e-02
2.251656353473663330e-02
2.251273207366466522e-02
2.250590547919273376e-02
2.249539643526077271e-02
2.248347550630569458e-02
2.247309684753417969e-02
2.246582135558128357e-02
2.246052399277687073e-02
2.245344594120979309e-02
2.244547754526138306e-02
2.243717387318611145e-02
2.242907136678695679e-02
2.242467552423477173e-02
2.241269871592521667e-02
2.240535989403724670e-02
2.239679172635078430e-02
2.238843776285648346e-02
2.238094061613082886e-02
2.237237617373466492e-02
2.236781083047389984e-02
2.236136421561241150e-02
2.235034853219985962e-02
2.234467305243015289e-02
2.233554050326347351e-02
2.231751382350921631e-02
2.230540663003921509e-02
2.229287475347518921e-02
2.228238992393016815e-02
2.226882800459861755e-02
2.224589698016643524e-02
2.223007939755916595e-02
2.222155779600143433e-02
2.221018075942993164e-02
2.219403162598609924e-02
2.216941490769386292e-02
2.215234562754631042e-02
2.213909290730953217e-02
2.212600409984588623e-02
2.211233228445053101e-02
2.209737524390220642e-02
2.207886427640914917e-02
2.205964177846908569e-02
2.204147353768348694e-02
2.201800979673862457e-02
2.200323715806007385e-02
2.197126112878322601e-02
2.193561196327209473e-02
2.191838622093200684e-02
2.189907804131507874e-02
2.189239114522933960e-02
2.188766747713088989e-02
2.188372984528541565e-02
2.188004553318023682e-02
2.187253907322883606e-02
2.186549082398414612e-02
2.185551635921001434e-02
2.184720337390899658e-02
2.184417471289634705e-02
2.183608151972293854e-02
2.183184027671813965e-02
2.182787843048572540e-02
2.182247303426265717e-02
2.181678637862205505e-02
2.180834114551544189e-02
2.180404216051101685e-02
2.179726772010326385e-02
2.179243043065071106e-02
2.178595587611198425e-02
2.177909947931766510e-02
2.177254669368267059e-02
2.176449075341224670e-02
2.175262942910194397e-02
2.174431458115577698e-02
2.173532918095588684e-02
2.173083275556564331e-02
2.172607928514480591e-02
2.171360701322555542e-02
2.170941419899463654e-02
2.168596722185611725e-02
2.167708054184913635e-02
2.167038992047309875e-02
2.166729606688022614e-02
2.166089043021202087e-02
2.165130339562892914e-02
2.163865789771080017e-02
2.161519974470138550e-02
2.159179188311100006e-02
2.156382054090499878e-02
2.154081687331199646e-02
2.150714024901390076e-02
2.148469351232051849e-02
2.143987268209457397e-02
2.141586877405643463e-02
2.139853313565254211e-02
2.138613723218441010e-02
2.136418037116527557e-02
2.132755890488624573e-02
2.128474041819572449e-02
2.121238783001899719e-02
2.115309983491897583e-02
2.111711725592613220e-02
2.106241881847381592e-02
2.103861793875694275e-02
2.101199328899383545e-02
2.098359540104866028e-02
2.093625441193580627e-02
2.090417966246604919e-02
2.087705954909324646e-02
2.085839211940765381e-02
2.081813663244247437e-02
2.078511565923690796e-02
2.075761556625366211e-02
2.073435485363006592e-02
2.071264199912548065e-02
2.069054543972015381e-02
2.067831344902515411e-02
2.066758647561073303e-02
2.065889909863471985e-02
2.064783498644828796e-02
2.064137160778045654e-02
2.063579112291336060e-02
2.062981948256492615e-02
2.062435634434223175e-02
2.061595022678375244e-02
2.060694620013237000e-02
2.059562504291534424e-02
2.057975716888904572e-02
2.056344598531723022e-02
2.054727077484130859e-02
2.051907777786254883e-02
2.048861235380172729e-02
2.046079933643341064e-02
2.044370025396347046e-02
2.043558843433856964e-02
2.042564563453197479e-02
2.041113749146461487e-02
2.039690315723419189e-02
2.038067206740379333e-02
2.036641910672187805e-02
2.035068534314632416e-02
2.032265067100524902e-02
2.028766646981239319e-02
2.026139944791793823e-02
2.021012455224990845e-02
2.016547508537769318e-02
2.014750428497791290e-02
2.013437077403068542e-02
2.012138068675994873e-02
2.011084184050559998e-02
2.010206691920757294e-02
2.009553276002407074e-02
2.008888497948646545e-02
2.008213289082050323e-02
2.007273398339748383e-02
2.006654068827629089e-02
2.005720138549804688e-02
2.004520036280155182e-02
2.003803662955760956e-02
2.003481425344944000e-02
2.003270946443080902e-02
2.002969384193420410e-02
2.002616971731185913e-02
2.001901715993881226e-02
2.001126855611801147e-02
2.000207267701625824e-02
1.999743469059467316e-02
1.999064907431602478e-02
1.998340897262096405e-02
1.997655257582664490e-02
1.997040212154388428e-02
1.996475830674171448e-02
1.996116340160369873e-02
1.995439454913139343e-02
1.994957216084003448e-02
1.993860304355621338e-02
1.992865651845932007e-02
1.991958729922771454e-02
1.991184800863265991e-02
1.990838348865509033e-02
1.989905536174774170e-02
1.989125460386276245e-02
1.988330855965614319e-02
1.987727358937263489e-02
1.987384259700775146e-02
1.986890658736228943e-02
1.986465975642204285e-02
1.986080408096313477e-02
1.985679753124713898e-02
1.985587924718856812e-02
1.985075697302818298e-02
1.984659582376480103e-02
1.984318345785140991e-02
1.983931846916675568e-02
1.983111351728439331e-02
1.982205361127853394e-02
1.980666629970073700e-02
1.978841796517372131e-02
1.977039873600006104e-02
1.976031996309757233e-02
1.974665373563766479e-02
1.973463222384452820e-02
1.971465721726417542e-02
1.969978585839271545e-02
1.968314498662948608e-02
1.965954340994358063e-02
1.963662728667259216e-02
1.961246132850646973e-02
1.960419118404388428e-02
1.959585770964622498e-02
1.958089321851730347e-02
1.956968195736408234e-02
1.955762878060340881e-02
1.955027878284454346e-02
1.954298466444015503e-02
1.953732222318649292e-02
1.952971890568733215e-02
1.952546834945678711e-02
1.951679587364196777e-02
1.950871199369430542e-02
1.950068026781082153e-02
1.949435472488403320e-02
1.949119009077548981e-02
1.948418840765953064e-02
1.947407238185405731e-02
1.946477778255939484e-02
1.945246942341327667e-02
1.943782903254032135e-02
1.941794902086257935e-02
1.939343847334384918e-02
1.937978155910968781e-02
1.936802640557289124e-02
1.935911923646926880e-02
1.934958994388580322e-02
1.934034749865531921e-02
1.933519728481769562e-02
1.932662352919578552e-02
1.932300440967082977e-02
1.931645721197128296e-02
1.930823549628257751e-02
1.930204965174198151e-02
1.929561235010623932e-02
1.928502880036830902e-02
1.927234418690204620e-02
1.926037855446338654e-02
1.925018243491649628e-02
1.923988014459609985e-02
1.922604441642761230e-02
1.920777559280395508e-02
1.920055411756038666e-02
1.918759942054748535e-02
1.918228901922702789e-02
1.917475648224353790e-02
1.916354522109031677e-02
1.915830746293067932e-02
1.914683543145656586e-02
1.914041861891746521e-02
1.913190446794033051e-02
1.912103593349456787e-02
1.911816000938415527e-02
1.909881271421909332e-02
1.909115165472030640e-02
1.908489130437374115e-02
1.907946728169918060e-02
1.906897686421871185e-02
1.906361989676952362e-02
1.905820891261100769e-02
1.905531249940395355e-02
1.905115693807601929e-02
1.904815435409545898e-02
1.904550008475780487e-02
1.904200203716754913e-02
1.903628185391426086e-02
1.903133280575275421e-02
1.902803406119346619e-02
1.902418024837970734e-02
1.902031153440475464e-02
1.901531219482421875e-02
1.901122741401195526e-02
1.900444924831390381e-02
1.899912208318710327e-02
1.899667643010616302e-02
1.899343542754650116e-02
1.899216324090957642e-02
1.899088546633720398e-02
1.898843795061111450e-02
1.898596063256263733e-02
1.898354105651378632e-02
1.898108050227165222e-02
1.897929236292839050e-02
1.897689141333103180e-02
1.897496916353702545e-02
1.897293142974376678e-02
1.897111907601356506e-02
1.896846294403076172e-02
1.896556653082370758e-02
1.896343380212783813e-02
1.896057091653347015e-02
1.895798183977603912e-02
1.895415782928466797e-02
1.895042136311531067e-02
1.894390210509300232e-02
1.893757842481136322e-02
1.893072947859764099e-02
1.892518810927867889e-02
1.892150565981864929e-02
1.891753263771533966e-02
1.891368255019187927e-02
1.890663616359233856e-02
1.890102215111255646e-02
1.889299787580966949e-02
1.888381130993366241e-02
1.887969113886356354e-02
1.887453161180019379e-02
1.887016370892524719e-02
1.886349171400070190e-02
1.885651797056198120e-02
1.884808763861656189e-02
1.884275488555431366e-02
1.883585192263126373e-02
1.882975362241268158e-02
1.882115378975868225e-02
1.881666108965873718e-02
1.881330646574497223e-02
1.880848780274391174e-02
1.880726218223571777e-02
1.880019344389438629e-02
1.879542693495750427e-02
1.878857985138893127e-02
1.878261566162109375e-02
1.877919957041740417e-02
1.877162046730518341e-02
1.876452192664146423e-02
1.875977776944637299e-02
1.875506713986396790e-02
1.875208504498004913e-02
1.874642632901668549e-02
1.874179579317569733e-02
1.873224042356014252e-02
1.872768998146057129e-02
1.871783845126628876e-02
1.871137693524360657e-02
1.870395988225936890e-02
1.870179176330566406e-02
1.869263313710689545e-02
1.868646964430809021e-02
1.868316717445850372e-02
1.867801882326602936e-02
1.867462322115898132e-02
1.866967603564262390e-02
1.866606250405311584e-02
1.865747570991516113e-02
1.864702068269252777e-02
1.863403990864753723e-02
1.862183213233947754e-02
1.861576363444328308e-02
1.861057803034782410e-02
1.860502921044826508e-02
1.859843730926513672e-02
1.859486103057861328e-02
1.859019510447978973e-02
1.858354173600673676e-02
1.857640594244003296e-02
1.856945641338825226e-02
1.856146939098834991e-02
1.855899766087532043e-02
1.855225116014480591e-02
1.854822412133216858e-02
1.854111067950725555e-02
1.853203400969505310e-02
1.852121390402317047e-02
1.851037330925464630e-02
1.848839968442916870e-02
1.846711523830890656e-02
1.844500564038753510e-02
1.840107329189777374e-02
1.837835833430290222e-02
1.836274750530719757e-02
1.835671626031398773e-02
1.835070922970771790e-02
1.833952963352203369e-02
1.832946576178073883e-02
1.832038536667823792e-02
1.831117644906044006e-02
1.829519122838973999e-02
1.828614994883537292e-02
1.827554404735565186e-02
1.826487295329570770e-02
1.825317740440368652e-02
1.823520474135875702e-02
1.820617355406284332e-02
1.819881796836853027e-02
1.817574165761470795e-02
1.816467568278312683e-02
1.815040037035942078e-02
1.813627220690250397e-02
1.812510937452316284e-02
1.811466738581657410e-02
1.810217648744583130e-02
1.808704808354377747e-02
1.807395368814468384e-02
1.806671731173992157e-02
1.806074008345603943e-02
1.805606111884117126e-02
1.804831996560096741e-02
1.803866401314735413e-02
1.802963763475418091e-02
1.802284643054008484e-02
1.801652088761329651e-02
1.800664514303207397e-02
1.799640245735645294e-02
1.799015142023563385e-02
1.798433065414428711e-02
1.797999069094657898e-02
1.797380298376083374e-02
1.797005161643028259e-02
1.796475611627101898e-02
1.796106249094009399e-02
1.795808225870132446e-02
1.795602962374687195e-02
1.795135065913200378e-02
1.794366538524627686e-02
1.794038899242877960e-02
1.792932115495204926e-02
1.792282983660697937e-02
1.791891083121299744e-02
1.791550219058990479e-02
1.791161857545375824e-02
1.790424250066280365e-02
1.789383776485919952e-02
1.788714155554771423e-02
1.787749305367469788e-02
1.787600293755531311e-02
1.786890812218189240e-02
1.786635443568229675e-02
1.786307804286479950e-02
1.785875111818313599e-02
1.785773411393165588e-02
1.785424537956714630e-02
1.785262487828731537e-02
1.785084977746009827e-02
1.784837432205677032e-02
1.784341968595981598e-02
1.783599890768527985e-02
1.783111505210399628e-02
1.782297529280185699e-02
1.782021857798099518e-02
1.781820319592952728e-02
1.781758852303028107e-02
1.781308837234973907e-02
1.780939847230911255e-02
1.780483871698379517e-02
1.780123636126518250e-02
1.779770664870738983e-02
1.779253594577312469e-02
1.778721436858177185e-02
1.778066903352737427e-02
1.777327433228492737e-02
1.776488870382308960e-02
1.775611378252506256e-02
1.774957589805126190e-02
1.773963123559951782e-02
1.773368194699287415e-02
1.772459223866462708e-02
1.771786436438560486e-02
1.771450974047183990e-02
1.770873554050922394e-02
1.770272850990295410e-02
1.769715175032615662e-02
1.768670231103897095e-02
1.767526194453239441e-02
1.766266301274299622e-02
1.765483245253562927e-02
1.764644682407379150e-02
1.763944141566753387e-02
1.763452962040901184e-02
1.762903109192848206e-02
1.762061007320880890e-02
1.761696301400661469e-02
1.760821789503097534e-02
1.759634912014007568e-02
1.758410781621932983e-02
1.757491193711757660e-02
1.756534911692142487e-02
1.756040379405021667e-02
1.755304634571075439e-02
1.754464209079742432e-02
1.753796264529228210e-02
1.752293482422828674e-02
1.750208623707294464e-02
1.748290471732616425e-02
1.745990291237831116e-02
1.742937229573726654e-02
1.740574091672897339e-02
1.738043501973152161e-02
1.736606471240520477e-02
1.735701784491539001e-02
1.734984666109085083e-02
1.733318343758583069e-02
1.731423661112785339e-02
1.729135215282440186e-02
1.727564632892608643e-02
1.726428046822547913e-02
1.725227013230323792e-02
1.723832637071609497e-02
1.722291670739650726e-02
1.720556057989597321e-02
1.719232462346553802e-02
1.718463003635406494e-02
1.717184856534004211e-02
1.715143583714962006e-02
1.712073944509029388e-02
1.707753352820873260e-02
1.704456657171249390e-02
1.701896637678146362e-02
1.699735969305038452e-02
1.696679368615150452e-02
1.695290021598339081e-02
1.693652570247650146e-02
1.691366732120513916e-02
1.688457280397415161e-02
1.685865782201290131e-02
1.684196852147579193e-02
1.682984456419944763e-02
1.681780442595481873e-02
1.680274680256843567e-02
1.679345779120922089e-02
1.677903346717357635e-02
1.676976680755615234e-02
1.675376296043395996e-02
1.674558408558368683e-02
1.673752069473266602e-02
1.672955229878425598e-02
1.672429218888282776e-02
1.671852357685565948e-02
1.671222224831581116e-02
1.670465059578418732e-02
1.669674739241600037e-02
1.668502762913703918e-02
1.666324399411678314e-02
1.663368195295333862e-02
1.661311089992523193e-02
1.660541072487831116e-02
1.659197360277175903e-02
1.658197492361068726e-02
1.656615361571311951e-02
1.653912849724292755e-02
1.651597768068313599e-02
1.650560460984706879e-02
1.648619957268238068e-02
1.647855341434478760e-02
1.646772213280200958e-02
1.645562425255775452e-02
1.643817499279975891e-02
1.643585786223411560e-02
1.640928909182548523e-02
1.639715209603309631e-02
1.638760417699813843e-02
1.637515425682067871e-02
1.636530086398124695e-02
1.635199040174484253e-02
1.634197682142257690e-02
1.633335836231708527e-02
1.632193103432655334e-02
1.631099730730056763e-02
1.629564911127090454e-02
1.628358848392963409e-02
1.626949757337570190e-02
1.625850610435009003e-02
1.623135991394519806e-02
1.622588187456130981e-02
1.620952226221561432e-02
1.619146764278411865e-02
1.617529802024364471e-02
1.615903526544570923e-02
1.614617742598056793e-02
1.613785885274410248e-02
1.613071747124195099e-02
1.611995138227939606e-02
1.611037738621234894e-02
1.609044335782527924e-02
1.606008410453796387e-02
1.604407466948032379e-02
1.602409593760967255e-02
1.600463502109050751e-02
1.598805002868175507e-02
1.597249880433082581e-02
1.595909707248210907e-02
1.594936847686767578e-02
1.594327390193939209e-02
1.593520864844322205e-02
1.592718251049518585e-02
1.592268981039524078e-02
1.591664738953113556e-02
1.591059751808643341e-02
1.590202376246452332e-02
1.589572057127952576e-02
1.589111424982547760e-02
1.588289812207221985e-02
1.587538421154022217e-02
1.586599647998809814e-02
1.585386879742145538e-02
1.583588868379592896e-02
1.581362262368202209e-02
1.578984223306179047e-02
1.576308161020278931e-02
1.574207842350006104e-02
1.572072505950927734e-02
1.569581776857376099e-02
1.567229256033897400e-02
1.564949192106723785e-02
1.562702283263206482e-02
1.561872567981481552e-02
1.561147533357143402e-02
1.560363639146089554e-02
1.559695787727832794e-02
1.558538712561130524e-02
1.558097824454307556e-02
1.557480171322822571e-02
1.557097304612398148e-02
1.556618604809045792e-02
1.555797923356294632e-02
1.555471215397119522e-02
1.554687321186065674e-02
1.554246526211500168e-02
1.553679630160331726e-02
1.552351191639900208e-02
1.551316119730472565e-02
1.549581997096538544e-02
1.548326388001441956e-02
1.547317486256361008e-02
1.545432768762111664e-02
1.543414779007434845e-02
1.542799361050128937e-02
1.541683170944452286e-02
1.540886610746383667e-02
1.539936475455760956e-02
1.538228429853916168e-02
1.537682488560676575e-02
1.536218449473381042e-02
1.535687688738107681e-02
1.534459646791219711e-02
1.533017307519912720e-02
1.532247662544250488e-02
1.530694775283336639e-02
1.529318466782569885e-02
1.528300531208515167e-02
1.527462434023618698e-02
1.526482868939638138e-02
1.524969004094600677e-02
1.523252762854099274e-02
1.521545648574829102e-02
1.520527526736259460e-02
1.519046537578105927e-02
1.518000662326812744e-02
1.516838464885950089e-02
1.515627466142177582e-02
1.514485199004411697e-02
1.513342745602130890e-02
1.512707397341728210e-02
1.512276753783226013e-02
1.511528436094522476e-02
1.510355062782764435e-02
1.508976705372333527e-02
1.507229357957839966e-02
1.505338307470083237e-02
1.504701003432273865e-02
1.503618713468313217e-02
1.503118406981229782e-02
1.502762921154499054e-02
1.502366270869970322e-02
1.501568779349327087e-02
1.501129847019910812e-02
1.500791870057582855e-02
1.500425115227699280e-02
1.500108931213617325e-02
1.499693468213081360e-02
1.497449353337287903e-02
1.496153976768255234e-02
1.495060883462429047e-02
1.494344137609004974e-02
1.493846159428358078e-02
1.493386551737785339e-02
1.492786873131990433e-02
1.491716317832469940e-02
1.490874215960502625e-02
1.490071788430213928e-02
1.489257439970970154e-02
1.487916894257068634e-02
1.486663985997438431e-02
1.485745422542095184e-02
1.485159434378147125e-02
1.484473235905170441e-02
1.483629923313856125e-02
1.482924167066812515e-02
1.482483558356761932e-02
1.482060272246599197e-02
1.481097005307674408e-02
1.480105891823768616e-02
1.478974334895610809e-02
1.478160172700881958e-02
1.477797701954841614e-02
1.477546244859695435e-02
1.477100141346454620e-02
1.476503908634185791e-02
1.476049702614545822e-02
1.475134305655956268e-02
1.474453322589397430e-02
1.473540905863046646e-02
1.472476683557033539e-02
1.471996866166591644e-02
1.470840722322463989e-02
1.470474060624837875e-02
1.469542644917964935e-02
1.468544825911521912e-02
1.467492431402206421e-02
1.466630771756172180e-02
1.465539261698722839e-02
1.464341022074222565e-02
1.462480239570140839e-02
1.461899746209383011e-02
1.461035758256912231e-02
1.460387371480464935e-02
1.459812745451927185e-02
1.458688452839851379e-02
1.456956565380096436e-02
1.454883813858032227e-02
1.454025506973266602e-02
1.452805288136005402e-02
1.452084351330995560e-02
1.450800336897373199e-02
1.449610106647014618e-02
1.448481716215610504e-02
1.447358075529336929e-02
1.446060743182897568e-02
1.445241738110780716e-02
1.443482190370559692e-02
1.441524829715490341e-02
1.438633073121309280e-02
1.436115615069866180e-02
1.434754859656095505e-02
1.433300785720348358e-02
1.430603303015232086e-02
1.429240312427282333e-02
1.425811275839805603e-02
1.424071658402681351e-02
1.421663351356983185e-02
1.418059132993221283e-02
1.414280012249946594e-02
1.411053724586963654e-02
1.406515017151832581e-02
1.404322125017642975e-02
1.401595957577228546e-02
1.399049535393714905e-02
1.397343724966049194e-02
1.395502872765064240e-02
1.393573079258203506e-02
1.391054503619670868e-02
1.389675959944725037e-02
1.388890203088521957e-02
1.387848053127527237e-02
1.386386342346668243e-02
1.384531147778034210e-02
1.384024973958730698e-02
1.378914713859558105e-02
1.376127079129219055e-02
1.373231876641511917e-02
1.369217596948146820e-02
1.364793069660663605e-02
1.360632386058568954e-02
1.357023976743221283e-02
1.355233136564493179e-02
1.353627629578113556e-02
1.352080702781677246e-02
1.349782571196556091e-02
1.347556337714195251e-02
1.345612201839685440e-02
1.343478262424468994e-02
1.339640375226736069e-02
1.338501088321208954e-02
1.335630659013986588e-02
1.333967223763465881e-02
1.332203671336174011e-02
1.330554112792015076e-02
1.328686252236366272e-02
1.327126752585172653e-02
1.326565071940422058e-02
1.324711926281452179e-02
1.323897577822208405e-02
1.322974637150764465e-02
1.322318799793720245e-02
1.321679353713989258e-02
1.321171876043081284e-02
1.320217922329902649e-02
1.319122128188610077e-02
1.318515464663505554e-02
1.318088546395301819e-02
1.317553967237472534e-02
1.316984742879867554e-02
1.316206716001033783e-02
1.315594464540481567e-02
1.314954273402690887e-02
1.314411498606204987e-02
1.313929632306098938e-02
1.313415914773941040e-02
1.312978565692901611e-02
1.312609203159809113e-02
1.311944797635078430e-02
1.311236992478370667e-02
1.310938317328691483e-02
1.310164108872413635e-02
1.309499703347682953e-02
1.308629475533962250e-02
1.307976990938186646e-02
1.307052839547395706e-02
1.306433882564306259e-02
1.305997185409069061e-02
1.305504236370325089e-02
1.304782088845968246e-02
1.303941942751407623e-02
1.303002703934907913e-02
1.302008330821990967e-02
1.300978660583496094e-02
1.299594528973102570e-02
1.299017015844583511e-02
1.298228837549686432e-02
1.297120098024606705e-02
1.296094618737697601e-02
1.294576190412044525e-02
1.293152384459972382e-02
1.291802059859037399e-02
1.290867757052183151e-02
1.290258672088384628e-02
1.289757899940013885e-02
1.288448926061391830e-02
1.287892088294029236e-02
1.287051104009151459e-02
1.285869348794221878e-02
1.285075303167104721e-02
1.284355297684669495e-02
1.284009311348199844e-02
1.283232681453227997e-02
1.282174699008464813e-02
1.281066238880157471e-02
1.280167885124683380e-02
1.278423331677913666e-02
1.277017034590244293e-02
1.276603247970342636e-02
1.275215670466423035e-02
1.274462416768074036e-02
1.273466087877750397e-02
1.272434927523136139e-02
1.271870918571949005e-02
1.270607486367225647e-02
1.269505731761455536e-02
1.268322858959436417e-02
1.267026923596858978e-02
1.265563350170850754e-02
1.264475472271442413e-02
1.263754907995462418e-02
1.262709125876426697e-02
1.262283977121114731e-02
1.261395402252674103e-02
1.260134764015674591e-02
1.259681303054094315e-02
1.258350722491741180e-02
1.257691811770200729e-02
1.257108710706233978e-02
1.256588473916053772e-02
1.255821436643600464e-02
1.255051139742136002e-02
1.254099048674106598e-02
1.253439579159021378e-02
1.252781506627798080e-02
1.251953374594449997e-02
1.250785030424594879e-02
1.248926296830177307e-02
1.246224064379930496e-02
1.242956239730119705e-02
1.241283770650625229e-02
1.240578107535839081e-02
1.239963248372077942e-02
1.239395700395107269e-02
1.238741353154182434e-02
1.238132826983928680e-02
1.237552426755428314e-02
1.236900035291910172e-02
1.236191671341657639e-02
1.235460769385099411e-02
1.234918087720870972e-02
1.234027091413736343e-02
1.233036071062088013e-02
1.231692451983690262e-02
1.230625249445438385e-02
1.229968108236789703e-02
1.229065842926502228e-02
1.227762177586555481e-02
1.226548478007316589e-02
1.225292496383190155e-02
1.224290207028388977e-02
1.223232969641685486e-02
1.222264207899570465e-02
1.221045758575201035e-02
1.220351085066795349e-02
1.219496224075555801e-02
1.218333281576633453e-02
1.216705329716205597e-02
1.215754076838493347e-02
1.215208321809768677e-02
1.214613020420074463e-02
1.213890127837657928e-02
1.212607044726610184e-02
1.211588177829980850e-02
1.210712082684040070e-02
1.209652423858642578e-02
1.209087297320365906e-02
1.208192110061645508e-02
1.207487843930721283e-02
1.206578686833381653e-02
1.205402426421642303e-02
1.204064767807722092e-02
1.202618610113859177e-02
1.201933156698942184e-02
1.200808770954608917e-02
1.199764851480722427e-02
1.198765542358160019e-02
1.197944208979606628e-02
1.197004597634077072e-02
1.196334790438413620e-02
1.195781864225864410e-02
1.194932125508785248e-02
1.194496918469667435e-02
1.194272004067897797e-02
1.193965785205364227e-02
1.193545199930667877e-02
1.193211600184440613e-02
1.192771550267934799e-02
1.192081347107887268e-02
1.191376708447933197e-02
1.190934795886278152e-02
1.189983077347278595e-02
1.189059205353260040e-02
1.187527831643819809e-02
1.186043675988912582e-02
1.185139268636703491e-02
1.183144375681877136e-02
1.182151027023792267e-02
1.181138027459383011e-02
1.179379597306251526e-02
1.177006587386131287e-02
1.175575517117977142e-02
1.174515765160322189e-02
1.173753105103969574e-02
1.172751747071743011e-02
1.172162126749753952e-02
1.171564869582653046e-02
1.170836947858333588e-02
1.170113775879144669e-02
1.169606205075979233e-02
1.169219426810741425e-02
1.168967038393020630e-02
1.168296299874782562e-02
1.167553197592496872e-02
1.166703831404447556e-02
1.165923010557889938e-02
1.165423076599836349e-02
1.165117695927619934e-02
1.164846308529376984e-02
1.164585910737514496e-02
1.164278667420148849e-02
1.163760386407375336e-02
1.163404434919357300e-02
1.163190044462680817e-02
1.162702403962612152e-02
1.162242237478494644e-02
1.162019371986389160e-02
1.161548122763633728e-02
1.161084137856960297e-02
1.160217821598052979e-02
1.159549877047538757e-02
1.158626098185777664e-02
1.158301252871751785e-02
1.157573517411947250e-02
1.157074421644210815e-02
1.156450621783733368e-02
1.155790127813816071e-02
1.155190076678991318e-02
1.154823135584592819e-02
1.154482830315828323e-02
1.154146529734134674e-02
1.153849065303802490e-02
1.153637748211622238e-02
1.153206080198287964e-02
1.153185963630676270e-02
1.152742002159357071e-02
1.152456551790237427e-02
1.152089051902294159e-02
1.151578314602375031e-02
1.151082944124937057e-02
1.150245312601327896e-02
1.149698253720998764e-02
1.149123534560203552e-02
1.148543413728475571e-02
1.147981919348239899e-02
1.147248968482017517e-02
1.145867444574832916e-02
1.144628878682851791e-02
1.143263652920722961e-02
1.142376847565174103e-02
1.141437329351902008e-02
1.140915509313344955e-02
1.140165142714977264e-02
1.139075867831707001e-02
1.138502918183803558e-02
1.138077117502689362e-02
1.137560233473777771e-02
1.137292664498090744e-02
1.136798132210969925e-02
1.136334612965583801e-02
1.135362125933170319e-02
1.134933717548847198e-02
1.133978553116321564e-02
1.133416220545768738e-02
1.132966764271259308e-02
1.132838986814022064e-02
1.132404245436191559e-02
1.132109854370355606e-02
1.131759118288755417e-02
1.131409779191017151e-02
1.130826119333505630e-02
1.130502484738826752e-02
1.130209490656852722e-02
1.130075007677078247e-02
1.129952352494001389e-02
1.129767671227455139e-02
1.129553839564323425e-02
1.129303686320781708e-02
1.129116676747798920e-02
1.128963381052017212e-02
1.128812506794929504e-02
1.128505356609821320e-02
1.128304004669189453e-02
1.127930358052253723e-02
1.127559971064329147e-02
1.127410773187875748e-02
1.127065718173980713e-02
1.126803271472454071e-02
1.126162149012088776e-02
1.125794742256402969e-02
1.125199254602193832e-02
1.124267093837261200e-02
1.123586110770702362e-02
1.122647244483232498e-02
1.121920719742774963e-02
1.121572405099868774e-02
1.121386326849460602e-02
1.121141202747821808e-02
1.120714563876390457e-02
1.119904592633247375e-02
1.119398325681686401e-02
1.118298247456550598e-02
1.117678824812173843e-02
1.117255445569753647e-02
1.116927340626716614e-02
1.116571202874183655e-02
1.115803886204957962e-02
1.115148514509201050e-02
1.114460360258817673e-02
1.114080566912889481e-02
1.113449689000844955e-02
1.113039441406726837e-02
1.112549472600221634e-02
1.112050376832485199e-02
1.111722458153963089e-02
1.111464388668537140e-02
1.111302338540554047e-02
1.111142709851264954e-02
1.111020985990762711e-02
1.110734324902296066e-02
1.110244262963533401e-02
1.109898090362548828e-02
1.109638251364231110e-02
1.109021529555320740e-02
1.108689885586500168e-02
1.108284108340740204e-02
1.107574254274368286e-02
1.107204984873533249e-02
1.106668263673782349e-02
1.105976663529872894e-02
1.105513982474803925e-02
1.105081290006637573e-02
1.104586757719516754e-02
1.104056555777788162e-02
1.103789173066616058e-02
1.103516016155481339e-02
1.103231497108936310e-02
1.102838944643735886e-02
1.102492772042751312e-02
1.102242711931467056e-02
1.102009136229753494e-02
1.101746410131454468e-02
1.101391483098268509e-02
1.100588683038949966e-02
1.100126747041940689e-02
1.099403109401464462e-02
1.098817866295576096e-02
1.098039187490940094e-02
1.097288168966770172e-02
1.096990611404180527e-02
1.096722483634948730e-02
1.096553914248943329e-02
1.096426323056221008e-02
1.096268743276596069e-02
1.096074096858501434e-02
1.095925644040107727e-02
1.095565129071474075e-02
1.095154695212841034e-02
1.094540115445852280e-02
1.094051357358694077e-02
1.093617081642150879e-02
1.093428954482078552e-02
1.093326788395643234e-02
1.093217357993125916e-02
1.093139313161373138e-02
1.092895865440368652e-02
1.092779636383056641e-02
1.092681102454662323e-02
1.092578656971454620e-02
1.092468015849590302e-02
1.092348247766494751e-02
1.092232018709182739e-02
1.092150434851646423e-02
1.092081237584352493e-02
1.091946940869092941e-02
1.091724541038274765e-02
1.091642584651708603e-02
1.091483049094676971e-02
1.091166958212852478e-02
1.090935431420803070e-02
1.090760249644517899e-02
1.090547163039445877e-02
1.090239360928535461e-02
1.090039312839508057e-02
1.089834235608577728e-02
1.089689601212739944e-02
1.089556328952312469e-02
1.089352276176214218e-02
1.089225895702838898e-02
1.089028082787990570e-02
1.088694203644990921e-02
1.088375691324472427e-02
1.087870914489030838e-02
1.087162084877490997e-02
1.086384616792201996e-02
1.085845939815044403e-02
1.085426378995180130e-02
1.085005700588226318e-02
1.084693893790245056e-02
1.084197685122489929e-02
1.083887368440628052e-02
1.083538401871919632e-02
1.083318237215280533e-02
1.082861889153718948e-02
1.082218158990144730e-02
1.081868354231119156e-02
1.081747189164161682e-02
1.081336475908756256e-02
1.080907974392175674e-02
1.080286502838134766e-02
1.079205796122550964e-02
1.078802999109029770e-02
1.077759824693202972e-02
1.077207177877426147e-02
1.076907478272914886e-02
1.076735183596611023e-02
1.075959950685501099e-02
1.075342949479818344e-02
1.074753329157829285e-02
1.074481755495071411e-02
1.073695998638868332e-02
1.073256693780422211e-02
1.072916109114885330e-02
1.072724722325801849e-02
1.072394847869873047e-02
1.072193309664726257e-02
1.071733329445123672e-02
1.071198377758264542e-02
1.070895139127969742e-02
1.070562005043029785e-02
1.070261094719171524e-02
1.069649122655391693e-02
1.069274824112653732e-02
1.068646367639303207e-02
1.068357750773429871e-02
1.068128831684589386e-02
1.067474391311407089e-02
1.067223586142063141e-02
1.066915132105350494e-02
1.066371146589517593e-02
1.066084392368793488e-02
1.065788790583610535e-02
1.065527740865945816e-02
1.065307203680276871e-02
1.065104641020298004e-02
1.064843218773603439e-02
1.064619421958923340e-02
1.064271666109561920e-02
1.064191944897174835e-02
1.064068078994750977e-02
1.063992362469434738e-02
1.063887402415275574e-02
1.063685864210128784e-02
1.063526887446641922e-02
1.063418108969926834e-02
1.063334383070468903e-02
1.063130237162113190e-02
1.063055731356143951e-02
1.062909513711929321e-02
1.062620244920253754e-02
1.062419917434453964e-02
1.062027178704738617e-02
1.061698980629444122e-02
1.061497069895267487e-02
1.060943584889173508e-02
1.060740929096937180e-02
1.060623303055763245e-02
1.060376316308975220e-02
1.059818267822265625e-02
1.059563644230365753e-02
1.059355307370424271e-02
1.059079915285110474e-02
1.058817468583583832e-02
1.058631669729948044e-02
1.058241538703441620e-02
1.057934761047363281e-02
1.057526841759681702e-02
1.056936476379632950e-02
1.056374981999397278e-02
1.056046131998300552e-02
1.055768597871065140e-02
1.055414229631423950e-02
1.054750755429267883e-02
1.054180134087800980e-02
1.053404714912176132e-02
1.052536070346832275e-02
1.051710452884435654e-02
1.051380485296249390e-02
1.050686743110418320e-02
1.050502806901931763e-02
1.049433555454015732e-02
1.048834994435310364e-02
1.048390846699476242e-02
1.048067770898342133e-02
1.047521643340587616e-02
1.047036238014698029e-02
1.046523079276084900e-02
1.045346632599830627e-02
1.044002827256917953e-02
1.042431127279996872e-02
1.041312888264656067e-02
1.039841491729021072e-02
1.038209348917007446e-02
1.037469692528247833e-02
1.033344306051731110e-02
1.031530089676380157e-02
1.029620226472616196e-02
1.028516516089439392e-02
1.027427986264228821e-02
1.026773266494274139e-02
1.026201061904430389e-02
1.025839243084192276e-02
1.025276351720094681e-02
1.024857815355062485e-02
1.024241745471954346e-02
1.023834757506847382e-02
1.023431774228811264e-02
1.023035775870084763e-02
1.022996567189693451e-02
1.022517774254083633e-02
1.022051740437746048e-02
1.021763123571872711e-02
1.021394226700067520e-02
1.021214853972196579e-02
1.020928286015987396e-02
1.020585745573043823e-02
1.020495966076850891e-02
1.020410005003213882e-02
1.020276919007301331e-02
1.019956171512603760e-02
1.019578613340854645e-02
1.018874347209930420e-02
1.018505729734897614e-02
1.017474196851253510e-02
1.016836427152156830e-02
1.016168296337127686e-02
1.015486754477024078e-02
1.014907378703355789e-02
1.014432683587074280e-02
1.014197804033756256e-02
1.013890840113162994e-02
1.013377681374549866e-02
1.012816280126571655e-02
1.012431737035512924e-02
1.012091431766748428e-02
1.011518947780132294e-02
1.011205837130546570e-02
1.010967046022415161e-02
1.010819524526596069e-02
1.010449603199958801e-02
1.010269857943058014e-02
1.010106224566698074e-02
1.009836234152317047e-02
1.009387057274580002e-02
1.008656993508338928e-02
1.007604971528053284e-02
1.006827224045991898e-02
1.006400026381015778e-02
1.006060279905796051e-02
1.005983352661132812e-02
1.005916483700275421e-02
1.005560439079999924e-02
1.005321647971868515e-02
1.005177292972803116e-02
1.005007140338420868e-02
1.004841923713684082e-02
1.004634425044059753e-02
1.004356332123279572e-02
1.003882475197315216e-02
1.003487128764390945e-02
1.003038045018911362e-02
1.002794131636619568e-02
1.002661418169736862e-02
1.002239901572465897e-02
1.001908443868160248e-02
1.001683995127677917e-02
1.001271139830350876e-02
1.000939588993787766e-02
1.000768505036830902e-02
1.000353787094354630e-02
1.000152714550495148e-02
9.997108951210975647e-03
9.993512183427810669e-03
9.992050006985664368e-03
9.988346137106418610e-03
9.985546581447124481e-03
9.980100207030773163e-03
9.974788874387741089e-03
9.967306628823280334e-03
9.960744529962539673e-03
9.954582899808883667e-03
9.946899488568305969e-03
9.944041259586811066e-03
9.942242875695228577e-03
9.936852380633354187e-03
9.933186694979667664e-03
9.930760599672794342e-03
9.926070459187030792e-03
9.923215955495834351e-03
9.918717667460441589e-03
9.912308305501937866e-03
9.904374368488788605e-03
9.899073280394077301e-03
9.894681163132190704e-03
9.891442954540252686e-03
9.886415675282478333e-03
9.879276156425476074e-03
9.870474226772785187e-03
9.866336360573768616e-03
9.857543744146823883e-03
9.845080785453319550e-03
9.831167757511138916e-03
9.817979298532009125e-03
9.811690077185630798e-03
9.797585196793079376e-03
9.787023067474365234e-03
9.781545028090476990e-03
9.775437414646148682e-03
9.770538657903671265e-03
9.766507893800735474e-03
9.763286449015140533e-03
9.758665226399898529e-03
9.755210019648075104e-03
9.751338511705398560e-03
9.747024625539779663e-03
9.743313305079936981e-03
9.736857376992702484e-03
9.732542559504508972e-03
9.723925963044166565e-03
9.715417400002479553e-03
9.704623371362686157e-03
9.695597924292087555e-03
9.693216532468795776e-03
9.690087288618087769e-03
9.687947109341621399e-03
9.686135686933994293e-03
9.680761024355888367e-03
9.674171917140483856e-03
9.665637277066707611e-03
9.659818373620510101e-03
9.655402973294258118e-03
9.652043692767620087e-03
9.648414328694343567e-03
9.644731879234313965e-03
9.640151634812355042e-03
9.633610956370830536e-03
9.624082595109939575e-03
9.622514247894287109e-03
9.608034044504165649e-03
9.602677077054977417e-03
9.598458185791969299e-03
9.591566398739814758e-03
9.583875536918640137e-03
9.582068771123886108e-03
9.573346935212612152e-03
9.569474495947360992e-03
9.563479572534561157e-03
9.556601755321025848e-03
9.550999850034713745e-03
9.538589976727962494e-03
9.531915187835693359e-03
9.523605927824974060e-03
9.520348161458969116e-03
9.514177218079566956e-03
9.510919451713562012e-03
9.506181813776493073e-03
9.503414854407310486e-03
9.499942883849143982e-03
9.493566118180751801e-03
9.489604271948337555e-03
9.481357410550117493e-03
9.475136175751686096e-03
9.464872069656848907e-03
9.457410313189029694e-03
9.448200464248657227e-03
9.441086091101169586e-03
9.431293234229087830e-03
9.423048235476016998e-03
9.413352236151695251e-03
9.405370801687240601e-03
9.393054991960525513e-03
9.384805336594581604e-03
9.375009685754776001e-03
9.366850368678569794e-03
9.352548979222774506e-03
9.346030652523040771e-03
9.339476935565471649e-03
9.335597977042198181e-03
9.331904351711273193e-03
9.322271682322025299e-03
9.305732324719429016e-03
9.301248006522655487e-03
9.283266961574554443e-03
9.262442588806152344e-03
9.253866039216518402e-03
9.243945591151714325e-03
9.238366037607192993e-03
9.233217686414718628e-03
9.228578768670558929e-03
9.221650660037994385e-03
9.212894365191459656e-03
9.205010719597339630e-03
9.196355938911437988e-03
9.180124849081039429e-03
9.168517775833606720e-03
9.144073352217674255e-03
9.126149117946624756e-03
9.104108437895774841e-03
9.080941788852214813e-03
9.063286706805229187e-03
9.042366407811641693e-03
9.020729921758174896e-03
9.016528725624084473e-03
8.998570032417774200e-03
8.990613743662834167e-03
8.979512378573417664e-03
8.964575827121734619e-03
8.943842723965644836e-03
8.938450366258621216e-03
8.903361856937408447e-03
8.889162912964820862e-03
8.880207315087318420e-03
8.861286565661430359e-03
8.855813182890415192e-03
8.848383091390132904e-03
8.842047303915023804e-03
8.826708421111106873e-03
8.818909525871276855e-03
8.803853765130043030e-03
8.794460445642471313e-03
8.785225450992584229e-03
8.781589567661285400e-03
8.773324079811573029e-03
8.767033927142620087e-03
8.760944008827209473e-03
8.751583285629749298e-03
8.742417208850383759e-03
8.727479726076126099e-03
8.722210302948951721e-03
8.716548793017864227e-03
8.715297095477581024e-03
8.706273511052131653e-03
8.699009194970130920e-03
8.690262213349342346e-03
8.685978129506111145e-03
8.679373189806938171e-03
8.674385026097297668e-03
8.670598268508911133e-03
8.665694855153560638e-03
8.660250343382358551e-03
8.656274527311325073e-03
8.650902658700942993e-03
8.642612956464290619e-03
8.634801022708415985e-03
8.622439578175544739e-03
8.611514233052730560e-03
8.603110909461975098e-03
8.595510385930538177e-03
8.593523874878883362e-03
8.588215336203575134e-03
8.584806695580482483e-03
8.581591770052909851e-03
8.575026877224445343e-03
8.568593300879001617e-03
8.566766977310180664e-03
8.556872606277465820e-03
8.549565449357032776e-03
8.542086929082870483e-03
8.534089662134647369e-03
8.529612794518470764e-03
8.513228967785835266e-03
8.501758798956871033e-03
8.486795239150524139e-03
8.481261320412158966e-03
8.471035398542881012e-03
8.467081934213638306e-03
8.463619276881217957e-03
8.458649739623069763e-03
8.455598726868629456e-03
8.447105064988136292e-03
8.442930877208709717e-03
8.436653763055801392e-03
8.434373885393142700e-03
8.431447669863700867e-03
8.429738692939281464e-03
8.424984291195869446e-03
8.422359824180603027e-03
8.410137146711349487e-03
8.403893560171127319e-03
8.388701826333999634e-03
8.364068344235420227e-03
8.344176225364208221e-03
8.325530216097831726e-03
8.308364078402519226e-03
8.292683400213718414e-03
8.281322196125984192e-03
8.270471356809139252e-03
8.261520415544509888e-03
8.257856592535972595e-03
8.254828862845897675e-03
8.251476101577281952e-03
8.243544958531856537e-03
8.234637789428234100e-03
8.229070343077182770e-03
8.212559856474399567e-03
8.201232179999351501e-03
8.188491687178611755e-03
8.171757683157920837e-03
8.157615549862384796e-03
8.146815933287143707e-03
8.138431236147880554e-03
8.131877519190311432e-03
8.126202970743179321e-03
8.116647601127624512e-03
8.105237968266010284e-03
8.093697018921375275e-03
8.085993118584156036e-03
8.080882951617240906e-03
8.076468482613563538e-03
8.075068704783916473e-03
8.070380426943302155e-03
8.062875829637050629e-03
8.055321872234344482e-03
8.047103881835937500e-03
8.039534091949462891e-03
8.033814840018749237e-03
8.029477670788764954e-03
8.021409623324871063e-03
8.015014231204986572e-03
8.008416742086410522e-03
7.999567314982414246e-03
7.988885976374149323e-03
7.980829104781150818e-03
7.971979677677154541e-03
7.970081642270088196e-03
7.966089993715286255e-03
7.962798699736595154e-03
7.959892041981220245e-03
7.956147193908691406e-03
7.953224703669548035e-03
7.949260063469409943e-03
7.945206016302108765e-03
7.936930283904075623e-03
7.929166778922080994e-03
7.923785597085952759e-03
7.918494753539562225e-03
7.915882393717765808e-03
7.913198322057723999e-03
7.906588725745677948e-03
7.902877405285835266e-03
7.896160706877708435e-03
7.891573011875152588e-03
7.887452840805053711e-03
7.883814163506031036e-03
7.878947071731090546e-03
7.873474620282649994e-03
7.869815453886985779e-03
7.863997481763362885e-03
7.859151810407638550e-03
7.852897979319095612e-03
7.850238122045993805e-03
7.847903296351432800e-03
7.844801992177963257e-03
7.839426398277282715e-03
7.833884097635746002e-03
7.827384397387504578e-03
7.818364538252353668e-03
7.810218259692192078e-03
7.804302498698234558e-03
7.796908728778362274e-03
7.791533600538969040e-03
7.788120768964290619e-03
7.782245520502328873e-03
7.774361409246921539e-03
7.765887305140495300e-03
7.760786917060613632e-03
7.758910767734050751e-03
7.757206447422504425e-03
7.753863930702209473e-03
7.752037141472101212e-03
7.748759351670742035e-03
7.744227070361375809e-03
7.738957181572914124e-03
7.735922932624816895e-03
7.733460515737533569e-03
7.727284915745258331e-03
7.723524235188961029e-03
7.718548178672790527e-03
7.715187966823577881e-03
7.709668017923831940e-03
7.704954594373703003e-03
7.701980881392955780e-03
7.694963365793228149e-03
7.683782838284969330e-03
7.667108438909053802e-03
7.657788693904876709e-03
7.643037475645542145e-03
7.632302120327949524e-03
7.627159357070922852e-03
7.620884571224451065e-03
7.612903136759996414e-03
7.604810409247875214e-03
7.599032949656248093e-03
7.593796588480472565e-03
7.587853819131851196e-03
7.581030949950218201e-03
7.575635798275470734e-03
7.568805478513240814e-03
7.562522776424884796e-03
7.558157667517662048e-03
7.553134113550186157e-03
7.549087516963481903e-03
7.543634623289108276e-03
7.539201062172651291e-03
7.535265292972326279e-03
7.531405426561832428e-03
7.526514586061239243e-03
7.520411163568496704e-03
7.516677957028150558e-03
7.511417847126722336e-03
7.506601512432098389e-03
7.503075525164604187e-03
7.495932281017303467e-03
7.488956674933433533e-03
7.479585241526365280e-03
7.472156547009944916e-03
7.467439398169517517e-03
7.461665663868188858e-03
7.454904261976480484e-03
7.448708172887563705e-03
7.445451337844133377e-03
7.440256886184215546e-03
7.428475655615329742e-03
7.412564009428024292e-03
7.391707040369510651e-03
7.374167442321777344e-03
7.356276270002126694e-03
7.340394891798496246e-03
7.336166687309741974e-03
7.308852858841419220e-03
7.303954567760229111e-03
7.298440206795930862e-03
7.293019443750381470e-03
7.285224273800849915e-03
7.275025360286235809e-03
7.264782208949327469e-03
7.255363278090953827e-03
7.249103859066963196e-03
7.244536187499761581e-03
7.241185288876295090e-03
7.234314456582069397e-03
7.231378927826881409e-03
7.225177716463804245e-03
7.220270577818155289e-03
7.215812802314758301e-03
7.209158502519130707e-03
7.202015724033117294e-03
7.195157930254936218e-03
7.190581876784563065e-03
7.186013273894786835e-03
7.183207198977470398e-03
7.180569693446159363e-03
7.173973135650157928e-03
7.168313954025506973e-03
7.163486443459987640e-03
7.160957902669906616e-03
7.157553452998399734e-03
7.155202794820070267e-03
7.148910779505968094e-03
7.146165240556001663e-03
7.136835716664791107e-03
7.131096906960010529e-03
7.125148084014654160e-03
7.118585985153913498e-03
7.107527460902929306e-03
7.105023600161075592e-03
7.095455192029476166e-03
7.088374812155961990e-03
7.085257675498723984e-03
7.082529366016387939e-03
7.078068796545267105e-03
7.071740459650754929e-03
7.065002340823411942e-03
7.056002039462327957e-03
7.045877631753683090e-03
7.041847333312034607e-03
7.036820519715547562e-03
7.032513618469238281e-03
7.029380649328231812e-03
7.026888430118560791e-03
7.020374760031700134e-03
7.015514187514781952e-03
7.010799366980791092e-03
7.004390936344861984e-03
6.991955451667308807e-03
6.981553509831428528e-03
6.964992731809616089e-03
6.955688819289207458e-03
6.947485730051994324e-03
6.935498677194118500e-03
6.921917200088500977e-03
6.905027665197849274e-03
6.892256438732147217e-03
6.882592570036649704e-03
6.869738921523094177e-03
6.857234518975019455e-03
6.842069793492555618e-03
6.827445700764656067e-03
6.819352507591247559e-03
6.815408822149038315e-03
6.812405772507190704e-03
6.808496080338954926e-03
6.801277399063110352e-03
6.796841975301504135e-03
6.790004670619964600e-03
6.781906355172395706e-03
6.780032068490982056e-03
6.777525413781404495e-03
6.775559857487678528e-03
6.773729342967271805e-03
6.769257597625255585e-03
6.761359516531229019e-03
6.751692388206720352e-03
6.739089265465736389e-03
6.729669403284788132e-03
6.722826510667800903e-03
6.717487238347530365e-03
6.713052745908498764e-03
6.709019653499126434e-03
6.706263870000839233e-03
6.705091800540685654e-03
6.701895035803318024e-03
6.699339952319860458e-03
6.696802563965320587e-03
6.695272400975227356e-03
6.693218369036912918e-03
6.691537797451019287e-03
6.690329872071743011e-03
6.689453963190317154e-03
6.687483284622430801e-03
6.685136817395687103e-03
6.683809682726860046e-03
6.682187318801879883e-03
6.681100931018590927e-03
6.678750738501548767e-03
6.678624078631401062e-03
6.676163524389266968e-03
6.674954667687416077e-03
6.671565584838390350e-03
6.667832843959331512e-03
6.663861684501171112e-03
6.659605540335178375e-03
6.656942889094352722e-03
6.653866264969110489e-03
6.651979871094226837e-03
6.650102790445089340e-03
6.646615918725728989e-03
6.639029830694198608e-03
6.630962248891592026e-03
6.621670443564653397e-03
6.612679455429315567e-03
6.611327640712261200e-03
6.607292219996452332e-03
6.605238188058137894e-03
6.603933405131101608e-03
6.599979475140571594e-03
6.596872583031654358e-03
6.594146601855754852e-03
6.592580582946538925e-03
6.590318866074085236e-03
6.587496027350425720e-03
6.576535291969776154e-03
6.573837250471115112e-03
6.569744553416967392e-03
6.563961971551179886e-03
6.558408029377460480e-03
6.549867335706949234e-03
6.538860965520143509e-03
6.535689346492290497e-03
6.529335863888263702e-03
6.527878344058990479e-03
6.522897630929946899e-03
6.518417503684759140e-03
6.512328051030635834e-03
6.505038589239120483e-03
6.499199196696281433e-03
6.492701824754476547e-03
6.488449405878782272e-03
6.484638899564743042e-03
6.481309421360492706e-03
6.477836985141038895e-03
6.476117763668298721e-03
6.474620196968317032e-03
6.473305169492959976e-03
6.471728906035423279e-03
6.470932625234127045e-03
6.468271836638450623e-03
6.466386839747428894e-03
6.463252939283847809e-03
6.458120886236429214e-03
6.453429814428091049e-03
6.451001856476068497e-03
6.447800900787115097e-03
6.446893326938152313e-03
6.443377118557691574e-03
6.436977535486221313e-03
6.430562585592269897e-03
6.421871483325958252e-03
6.414368283003568649e-03
6.407137494534254074e-03
6.402466446161270142e-03
6.398214027285575867e-03
6.394713185727596283e-03
6.392354145646095276e-03
6.388231180608272552e-03
6.386213935911655426e-03
6.378320045769214630e-03
6.369081791490316391e-03
6.361922714859247208e-03
6.352092605084180832e-03
6.348651833832263947e-03
6.341299507766962051e-03
6.337430793792009354e-03
6.331034470349550247e-03
6.317336577922105789e-03
6.304002366960048676e-03
6.291095633059740067e-03
6.283311173319816589e-03
6.271639373153448105e-03
6.263643968850374222e-03
6.254997570067644119e-03
6.245048716664314270e-03
6.235050037503242493e-03
6.221326533704996109e-03
6.211915053427219391e-03
6.203821394592523575e-03
6.196045316755771637e-03
6.188376806676387787e-03
6.183487363159656525e-03
6.172155030071735382e-03
6.167604587972164154e-03
6.161699071526527405e-03
6.154412869364023209e-03
6.142873317003250122e-03
6.134725641459226608e-03
6.128062959760427475e-03
6.123116705566644669e-03
6.119865458458662033e-03
6.115469150245189667e-03
6.110845133662223816e-03
6.107484921813011169e-03
6.104920525103807449e-03
6.102392449975013733e-03
6.099694408476352692e-03
6.096898112446069717e-03
6.092623341828584671e-03
6.088137626647949219e-03
6.081197410821914673e-03
6.076212972402572632e-03
6.071479525417089462e-03
6.062302738428115845e-03
6.059437990188598633e-03
6.053865887224674225e-03
6.052150391042232513e-03
6.051117088645696640e-03
6.049776449799537659e-03
6.047696806490421295e-03
6.046167574822902679e-03
6.042238324880599976e-03
6.038775667548179626e-03
6.033420097082853317e-03
6.026807241141796112e-03
6.022187881171703339e-03
6.020059809088706970e-03
6.012252997606992722e-03
6.008322816342115402e-03
6.004632916301488876e-03
6.000129040330648422e-03
5.996726453304290771e-03
5.994146689772605896e-03
5.992345046252012253e-03
5.991565529257059097e-03
5.990233272314071655e-03
5.989770870655775070e-03
5.988609977066516876e-03
5.987440701574087143e-03
5.984900519251823425e-03
5.983510054647922516e-03
5.981182213872671127e-03
5.979129578918218613e-03
5.977775901556015015e-03
5.975657142698764801e-03
5.973748862743377686e-03
5.967022851109504700e-03
5.960762966424226761e-03
5.954086780548095703e-03
5.949669051915407181e-03
5.944808945059776306e-03
5.938343238085508347e-03
5.932625848799943924e-03
5.926757585257291794e-03
5.920459050685167313e-03
5.916851572692394257e-03
5.909167230129241943e-03
5.903088953346014023e-03
5.892777815461158752e-03
5.884864833205938339e-03
5.879690404981374741e-03
5.871012806892395020e-03
5.866325926035642624e-03
5.860171746462583542e-03
5.854958668351173401e-03
5.852987989783287048e-03
5.852432921528816223e-03
5.847546737641096115e-03
5.846065934747457504e-03
5.844593048095703125e-03
5.843610502779483795e-03
5.841356236487627029e-03
5.839338526129722595e-03
5.837988108396530151e-03
5.836119875311851501e-03
5.833666305989027023e-03
5.831249989569187164e-03
5.829192698001861572e-03
5.827702581882476807e-03
5.826288834214210510e-03
5.824711639434099197e-03
5.823262035846710205e-03
5.822116509079933167e-03
5.821245256811380386e-03
5.819250829517841339e-03
5.818217061460018158e-03
5.815824493765830994e-03
5.814388394355773926e-03
5.813388619571924210e-03
5.811150185763835907e-03
5.810225382447242737e-03
5.808739457279443741e-03
5.807477049529552460e-03
5.805318709462881088e-03
5.804821848869323730e-03
5.802394822239875793e-03
5.801097955554723740e-03
5.799589678645133972e-03
5.795833189040422440e-03
5.793908145278692245e-03
5.791300907731056213e-03
5.789508577436208725e-03
5.787537433207035065e-03
5.785933695733547211e-03
5.785840563476085663e-03
5.784235429018735886e-03
5.783413071185350418e-03
5.782279185950756073e-03
5.779252387583255768e-03
5.775230471044778824e-03
5.771922878921031952e-03
5.768542177975177765e-03
5.766326095908880234e-03
5.762446671724319458e-03
5.759512074291706085e-03
5.756671540439128876e-03
5.750454962253570557e-03
5.745769478380680084e-03
5.738314241170883179e-03
5.734063684940338135e-03
5.728825926780700684e-03
5.727755837142467499e-03
5.723369773477315903e-03
5.720112007111310959e-03
5.715896375477313995e-03
5.711489357054233551e-03
5.709405988454818726e-03
5.706531926989555359e-03
5.705196876078844070e-03
5.703671369701623917e-03
5.701032467186450958e-03
5.694190040230751038e-03
5.689382553100585938e-03
5.682032555341720581e-03
5.674936808645725250e-03
5.673338659107685089e-03
5.667677614837884903e-03
5.664996802806854248e-03
5.662331357598304749e-03
5.659497343003749847e-03
5.654925946146249771e-03
5.652798805385828018e-03
5.650041624903678894e-03
5.644165445119142532e-03
5.642341449856758118e-03
5.637671798467636108e-03
5.633004941046237946e-03
5.629976280033588409e-03
5.623502656817436218e-03
5.617706105113029480e-03
5.609423853456974030e-03
5.605881568044424057e-03
5.600955337285995483e-03
5.598238669335842133e-03
5.596106406301259995e-03
5.593885667622089386e-03
5.590647924691438675e-03
5.588490981608629227e-03
5.586434155702590942e-03
5.585633218288421631e-03
5.582541227340698242e-03
5.577190313488245010e-03
5.573733709752559662e-03
5.566921550780534744e-03
5.564866121858358383e-03
5.561310797929763794e-03
5.558812059462070465e-03
5.556091200560331345e-03
5.554666277021169662e-03
5.551883950829505920e-03
5.549326073378324509e-03
5.546849220991134644e-03
5.545693449676036835e-03
5.543488077819347382e-03
5.540872458368539810e-03
5.537083838135004044e-03
5.534839816391468048e-03
5.532359704375267029e-03
5.529195070266723633e-03
5.526657216250896454e-03
5.524635314941406250e-03
5.523206200450658798e-03
5.521393381059169769e-03
5.518629215657711029e-03
5.515030585229396820e-03
5.510144401341676712e-03
5.505343899130821228e-03
5.502953194081783295e-03
5.501193925738334656e-03
5.497019737958908081e-03
5.491605494171380997e-03
5.487049929797649384e-03
5.484538152813911438e-03
5.482837557792663574e-03
5.480043590068817139e-03
5.477170925587415695e-03
5.473469849675893784e-03
5.470396485179662704e-03
5.467321258038282394e-03
5.466135218739509583e-03
5.464257672429084778e-03
5.462270695716142654e-03
5.459784530103206635e-03
5.457176826894283295e-03
5.454893223941326141e-03
5.453412886708974838e-03
5.452107638120651245e-03
5.449420772492885590e-03
5.449165590107440948e-03
5.446339957416057587e-03
5.445603746920824051e-03
5.444611888378858566e-03
5.444177892059087753e-03
5.441663321107625961e-03
5.440991371870040894e-03
5.438943393528461456e-03
5.438817664980888367e-03
5.438033957034349442e-03
5.436130799353122711e-03
5.434259772300720215e-03
5.432258360087871552e-03
5.432258360087871552e-03
5.432258360087871552e-03
