1.916430664062500000e+01
1.916430664062500000e+01
1.915610504150390625e+01
1.914072799682617188e+01
1.911044502258300781e+01
1.906110763549804688e+01
1.899665641784667969e+01
1.893272209167480469e+01
1.889241981506347656e+01
1.889031982421875000e+01
1.887388229370117188e+01
1.879504013061523438e+01
1.865634346008300781e+01
1.846435356140136719e+01
1.816595649719238281e+01
1.770387077331542969e+01
1.709642791748046875e+01
1.614049911499023438e+01
1.502886104583740234e+01
1.507933330535888672e+01
1.449728298187255859e+01
1.501633071899414062e+01
1.413875675201416016e+01
1.373838806152343750e+01
1.331491088867187500e+01
1.360305309295654297e+01
1.369213390350341797e+01
1.348779678344726562e+01
1.340484905242919922e+01
1.333216190338134766e+01
1.323428249359130859e+01
1.328954315185546875e+01
1.314430999755859375e+01
1.310212230682373047e+01
1.291949081420898438e+01
1.280195140838623047e+01
1.286777687072753906e+01
1.286181640625000000e+01
1.284867382049560547e+01
1.271759414672851562e+01
1.269804382324218750e+01
1.268046188354492188e+01
1.260522651672363281e+01
1.252574729919433594e+01
1.244238948822021484e+01
1.241037940979003906e+01
1.232838821411132812e+01
1.226414394378662109e+01
1.215446567535400391e+01
1.204468441009521484e+01
1.193727302551269531e+01
1.184025859832763672e+01
1.169275093078613281e+01
1.151457023620605469e+01
1.129791164398193359e+01
1.109550285339355469e+01
1.085904788970947266e+01
1.061257934570312500e+01
1.030710124969482422e+01
1.002854442596435547e+01
9.866211891174316406e+00
9.707096099853515625e+00
9.770316123962402344e+00
9.938160896301269531e+00
9.463405609130859375e+00
9.097893714904785156e+00
9.082785606384277344e+00
9.077909469604492188e+00
8.787680625915527344e+00
8.565639495849609375e+00
8.831735610961914062e+00
8.527993202209472656e+00
8.411675453186035156e+00
8.329012870788574219e+00
8.313833236694335938e+00
8.228597640991210938e+00
7.957080841064453125e+00
8.065038681030273438e+00
7.917096138000488281e+00
7.845866203308105469e+00
7.795733451843261719e+00
7.710159301757812500e+00
7.742802143096923828e+00
7.578082084655761719e+00
7.568852901458740234e+00
7.572432041168212891e+00
7.469012260437011719e+00
7.465029239654541016e+00
7.376317501068115234e+00
7.313746452331542969e+00
7.326754093170166016e+00
7.261594772338867188e+00
7.206582546234130859e+00
7.190728664398193359e+00
7.242593765258789062e+00
7.170356750488281250e+00
7.179925441741943359e+00
7.138563632965087891e+00
7.007188796997070312e+00
6.915922641754150391e+00
6.940742492675781250e+00
6.888538837432861328e+00
6.808633804321289062e+00
6.809473514556884766e+00
6.890489101409912109e+00
6.901840209960937500e+00
6.959633827209472656e+00
7.076782703399658203e+00
6.806249618530273438e+00
6.528998374938964844e+00
6.614392757415771484e+00
6.620093822479248047e+00
6.514812946319580078e+00
6.599376201629638672e+00
6.567274093627929688e+00
6.320871353149414062e+00
6.342367172241210938e+00
6.459465503692626953e+00
6.394065380096435547e+00
6.297003746032714844e+00
6.356568336486816406e+00
6.277297973632812500e+00
6.128980159759521484e+00
6.172475814819335938e+00
6.251932621002197266e+00
6.135290622711181641e+00
6.062747955322265625e+00
6.151160240173339844e+00
6.196238517761230469e+00
6.137324333190917969e+00
6.104302883148193359e+00
6.172033786773681641e+00
6.133079051971435547e+00
5.970766544342041016e+00
5.945756435394287109e+00
5.972321510314941406e+00
5.876691341400146484e+00
5.812534809112548828e+00
5.862886905670166016e+00
5.874696254730224609e+00
5.814748287200927734e+00
5.790892124176025391e+00
5.821365833282470703e+00
5.793035030364990234e+00
5.717235565185546875e+00
5.692469596862792969e+00
5.701107025146484375e+00
5.649075508117675781e+00
5.582834243774414062e+00
5.562136650085449219e+00
5.556758403778076172e+00
5.516584396362304688e+00
5.462080001831054688e+00
5.435254573822021484e+00
5.433797836303710938e+00
5.426992893218994141e+00
5.430754661560058594e+00
5.488506793975830078e+00
5.692142963409423828e+00
5.981767654418945312e+00
6.224999904632568359e+00
5.784105300903320312e+00
5.232391834259033203e+00
5.188607215881347656e+00
5.560488224029541016e+00
5.741856098175048828e+00
5.291021823883056641e+00
4.980209827423095703e+00
5.206975936889648438e+00
5.394428253173828125e+00
5.174797058105468750e+00
4.862287998199462891e+00
4.948191642761230469e+00
5.119228839874267578e+00
4.985393047332763672e+00
4.761547565460205078e+00
4.749051570892333984e+00
4.883382320404052734e+00
4.878754615783691406e+00
4.693648815155029297e+00
4.599902153015136719e+00
4.690040588378906250e+00
4.735069274902343750e+00
4.643947601318359375e+00
4.525725841522216797e+00
4.528096199035644531e+00
4.591701507568359375e+00
4.586279869079589844e+00
4.512663841247558594e+00
4.437707424163818359e+00
4.438024520874023438e+00
4.474633216857910156e+00
4.491843700408935547e+00
4.444675445556640625e+00
4.382314682006835938e+00
4.344087123870849609e+00
4.352840900421142578e+00
4.366591453552246094e+00
4.377825736999511719e+00
4.379588127136230469e+00
4.375577926635742188e+00
4.281765460968017578e+00
4.274795055389404297e+00
4.273313522338867188e+00
4.273038864135742188e+00
4.271187305450439453e+00
4.269852161407470703e+00
4.266767501831054688e+00
4.261836528778076172e+00
4.253425598144531250e+00
4.235394477844238281e+00
4.213093280792236328e+00
4.187643051147460938e+00
4.174570083618164062e+00
4.164179325103759766e+00
4.146188259124755859e+00
4.132442951202392578e+00
4.124606609344482422e+00
4.116339683532714844e+00
4.108330726623535156e+00
4.088061332702636719e+00
4.063263416290283203e+00
4.041990280151367188e+00
4.029934406280517578e+00
4.022296428680419922e+00
4.015382766723632812e+00
4.011257171630859375e+00
4.003322601318359375e+00
3.997148752212524414e+00
3.984498739242553711e+00
3.963855028152465820e+00
3.950302124023437500e+00
3.936853647232055664e+00
3.924454212188720703e+00
3.913444280624389648e+00
3.896894216537475586e+00
3.870140314102172852e+00
3.839851617813110352e+00
3.789891004562377930e+00
3.704153776168823242e+00
3.618412017822265625e+00
3.586704730987548828e+00
3.520279645919799805e+00
3.392360210418701172e+00
3.294769287109375000e+00
3.191690206527709961e+00
3.082483530044555664e+00
3.022841215133666992e+00
2.977504014968872070e+00
2.919647693634033203e+00
2.863034486770629883e+00
2.815431118011474609e+00
2.773454189300537109e+00
2.726209640502929688e+00
2.675880432128906250e+00
2.616413116455078125e+00
2.569043397903442383e+00
2.523157358169555664e+00
2.482843637466430664e+00
2.448233604431152344e+00
2.412304639816284180e+00
2.380901813507080078e+00
2.353493213653564453e+00
2.330865859985351562e+00
2.311426401138305664e+00
2.303048133850097656e+00
2.293806314468383789e+00
2.276621103286743164e+00
2.250777482986450195e+00
2.226565599441528320e+00
2.205413103103637695e+00
2.192802190780639648e+00
2.165698289871215820e+00
2.144688844680786133e+00
2.134186029434204102e+00
2.126877546310424805e+00
2.118837833404541016e+00
2.112018108367919922e+00
2.110392570495605469e+00
2.103213548660278320e+00
2.100064754486083984e+00
2.095515251159667969e+00
2.088791370391845703e+00
2.075884342193603516e+00
2.063967943191528320e+00
2.051196813583374023e+00
2.040726423263549805e+00
2.031837701797485352e+00
2.013514518737792969e+00
2.001970052719116211e+00
1.992196083068847656e+00
1.990590810775756836e+00
1.981667041778564453e+00
1.976300358772277832e+00
1.969839811325073242e+00
1.966233491897583008e+00
1.963269352912902832e+00
1.959747552871704102e+00
1.955529570579528809e+00
1.951967000961303711e+00
1.947300314903259277e+00
1.940249800682067871e+00
1.931322932243347168e+00
1.922631502151489258e+00
1.919587373733520508e+00
1.916995644569396973e+00
1.913119316101074219e+00
1.908696532249450684e+00
1.905412793159484863e+00
1.901506543159484863e+00
1.897160410881042480e+00
1.893101096153259277e+00
1.885608673095703125e+00
1.870771646499633789e+00
1.851155877113342285e+00
1.843271613121032715e+00
1.830501794815063477e+00
1.824113845825195312e+00
1.814753890037536621e+00
1.806108117103576660e+00
1.800322532653808594e+00
1.793211340904235840e+00
1.781399726867675781e+00
1.761975049972534180e+00
1.724479794502258301e+00
1.661147952079772949e+00
1.636772394180297852e+00
1.600480318069458008e+00
1.572832465171813965e+00
1.525452852249145508e+00
1.505212426185607910e+00
1.481366991996765137e+00
1.466350793838500977e+00
1.447636485099792480e+00
1.433792233467102051e+00
1.416742682456970215e+00
1.402887940406799316e+00
1.392887234687805176e+00
1.376107931137084961e+00
1.362646460533142090e+00
1.346518874168395996e+00
1.323202848434448242e+00
1.301760792732238770e+00
1.288817763328552246e+00
1.273723721504211426e+00
1.261407971382141113e+00
1.250765085220336914e+00
1.223595976829528809e+00
1.194936513900756836e+00
1.159156560897827148e+00
1.130749583244323730e+00
1.113032102584838867e+00
1.078183531761169434e+00
1.057546496391296387e+00
1.027446269989013672e+00
1.000612974166870117e+00
9.888873696327209473e-01
9.757598638534545898e-01
9.642604589462280273e-01
9.501932859420776367e-01
9.320764541625976562e-01
9.161625504493713379e-01
9.042814373970031738e-01
8.944132328033447266e-01
8.835483789443969727e-01
8.695794939994812012e-01
8.615763187408447266e-01
8.578764796257019043e-01
8.545850515365600586e-01
8.513092398643493652e-01
8.455082774162292480e-01
8.356437683105468750e-01
8.275470137596130371e-01
8.221188783645629883e-01
8.176418542861938477e-01
8.109329938888549805e-01
7.964305877685546875e-01
7.829041481018066406e-01
7.742731571197509766e-01
7.683612108230590820e-01
7.644582390785217285e-01
7.601276040077209473e-01
7.534610033035278320e-01
7.476220726966857910e-01
7.376481294631958008e-01
7.272362112998962402e-01
7.148629426956176758e-01
7.108854055404663086e-01
7.010880112648010254e-01
6.948363184928894043e-01
6.862493753433227539e-01
6.800757646560668945e-01
6.740466952323913574e-01
6.648184061050415039e-01
6.583867669105529785e-01
6.528971791267395020e-01
6.489851474761962891e-01
6.449205279350280762e-01
6.408557295799255371e-01
6.353565454483032227e-01
6.300140619277954102e-01
6.265639662742614746e-01
6.232373118400573730e-01
6.186712980270385742e-01
6.130300760269165039e-01
6.084458827972412109e-01
6.044421195983886719e-01
6.000814437866210938e-01
5.968160629272460938e-01
5.930736064910888672e-01
5.897551774978637695e-01
5.858150720596313477e-01
5.817666649818420410e-01
5.763297080993652344e-01
5.675792694091796875e-01
5.607413053512573242e-01
5.549188256263732910e-01
5.505260229110717773e-01
5.486984252929687500e-01
5.465511679649353027e-01
5.447738170623779297e-01
5.434618592262268066e-01
5.417029261589050293e-01
5.390986204147338867e-01
5.332793593406677246e-01
5.307230949401855469e-01
5.219737291336059570e-01
5.157490968704223633e-01
5.109403729438781738e-01
5.049513578414916992e-01
5.027179718017578125e-01
4.986459016799926758e-01
4.975830316543579102e-01
4.962669014930725098e-01
4.943052530288696289e-01
4.919417500495910645e-01
4.894216954708099365e-01
4.880751371383666992e-01
4.864570200443267822e-01
4.856068491935729980e-01
4.844352602958679199e-01
4.824764728546142578e-01
4.800196886062622070e-01
4.771809875965118408e-01
4.736478626728057861e-01
4.719514846801757812e-01
4.694514572620391846e-01
4.680976867675781250e-01
4.674274027347564697e-01
4.663807749748229980e-01
4.651664197444915771e-01
4.628965854644775391e-01
4.596992135047912598e-01
4.564902782440185547e-01
4.535222947597503662e-01
4.517039060592651367e-01
4.490387439727783203e-01
4.471783339977264404e-01
4.444240927696228027e-01
4.411651492118835449e-01
4.385846555233001709e-01
4.366355538368225098e-01
4.356403350830078125e-01
4.347842931747436523e-01
4.340599179267883301e-01
4.331009984016418457e-01
4.321667850017547607e-01
4.309756159782409668e-01
4.297894239425659180e-01
4.285084009170532227e-01
4.269625544548034668e-01
4.257795810699462891e-01
4.247229695320129395e-01
4.237720966339111328e-01
4.228939414024353027e-01
4.219233393669128418e-01
4.211201071739196777e-01
4.200426340103149414e-01
4.188634753227233887e-01
4.174217581748962402e-01
4.157667756080627441e-01
4.146355390548706055e-01
4.136678576469421387e-01
4.129975736141204834e-01
4.113140702247619629e-01
4.093033969402313232e-01
4.072350859642028809e-01
4.062137007713317871e-01
4.058954119682312012e-01
4.053248167037963867e-01
4.047666788101196289e-01
4.038103222846984863e-01
4.029814898967742920e-01
4.014356434345245361e-01
3.998760282993316650e-01
3.979272842407226562e-01
3.963501751422882080e-01
3.946182727813720703e-01
3.934437632560729980e-01
3.918555974960327148e-01
3.912179768085479736e-01
3.904185593128204346e-01
3.898773193359375000e-01
3.894063234329223633e-01
3.889849781990051270e-01
3.886218070983886719e-01
3.883491158485412598e-01
3.880442380905151367e-01
3.877155184745788574e-01
3.872815370559692383e-01
3.864641487598419189e-01
3.857752084732055664e-01
3.849635124206542969e-01
3.842240273952484131e-01
3.833253979682922363e-01
3.827685713768005371e-01
3.814246058464050293e-01
3.802198171615600586e-01
3.788982033729553223e-01
3.777216076850891113e-01
3.769457340240478516e-01
3.763241171836853027e-01
3.749910593032836914e-01
3.738691210746765137e-01
3.728124797344207764e-01
3.720798194408416748e-01
3.714104890823364258e-01
3.705556094646453857e-01
3.692209422588348389e-01
3.679913282394409180e-01
3.662738204002380371e-01
3.646419644355773926e-01
3.628690242767333984e-01
3.603040575981140137e-01
3.579798638820648193e-01
3.556333780288696289e-01
3.544235825538635254e-01
3.518121242523193359e-01
3.473156690597534180e-01
3.446623086929321289e-01
3.388515114784240723e-01
3.364344239234924316e-01
3.333460688591003418e-01
3.322409391403198242e-01
3.255056738853454590e-01
3.212891817092895508e-01
3.143499493598937988e-01
3.047668933868408203e-01
2.987464070320129395e-01
2.939232587814331055e-01
2.906557619571685791e-01
2.850495874881744385e-01
2.813854813575744629e-01
2.736364305019378662e-01
2.558964490890502930e-01
2.362887561321258545e-01
2.187861204147338867e-01
2.089058756828308105e-01
2.011489272117614746e-01
1.963470876216888428e-01
1.917198598384857178e-01
1.857313811779022217e-01
1.796580702066421509e-01
1.738105714321136475e-01
1.693798303604125977e-01
1.645167469978332520e-01
1.571727097034454346e-01
1.513465344905853271e-01
1.453684717416763306e-01
1.425896883010864258e-01
1.391940265893936157e-01
1.341117322444915771e-01
1.324422061443328857e-01
1.290603429079055786e-01
1.276085227727890015e-01
1.259176880121231079e-01
1.240612268447875977e-01
1.224422901868820190e-01
1.208717226982116699e-01
1.174808740615844727e-01
1.141831278800964355e-01
1.087468937039375305e-01
1.066934838891029358e-01
1.048707887530326843e-01
1.025068834424018860e-01
1.009503155946731567e-01
9.943579137325286865e-02
9.776972234249114990e-02
9.628652781248092651e-02
9.526553750038146973e-02
9.443264454603195190e-02
9.277937561273574829e-02
9.013804793357849121e-02
8.803031593561172485e-02
8.714114129543304443e-02
8.566755056381225586e-02
8.480059355497360229e-02
8.416335284709930420e-02
8.338057994842529297e-02
8.242107927799224854e-02
8.139208704233169556e-02
8.078265190124511719e-02
8.020319789648056030e-02
7.947638630867004395e-02
7.865624874830245972e-02
7.766366750001907349e-02
7.652638107538223267e-02
7.576021552085876465e-02
7.482160627841949463e-02
7.421663403511047363e-02
7.363104820251464844e-02
7.305601239204406738e-02
7.259452342987060547e-02
7.229129225015640259e-02
7.174158096313476562e-02
7.139665633440017700e-02
7.099623978137969971e-02
7.034763693809509277e-02
6.939533352851867676e-02
6.837936490774154663e-02
6.610488146543502808e-02
6.419826298952102661e-02
6.286495178937911987e-02
6.197867542505264282e-02
6.102945655584335327e-02
5.956012010574340820e-02
5.856729298830032349e-02
5.775790661573410034e-02
5.723116546869277954e-02
5.694483593106269836e-02
5.655078589916229248e-02
5.604058876633644104e-02
5.531897023320198059e-02
5.425883829593658447e-02
5.220492556691169739e-02
5.001080781221389771e-02
4.768262058496475220e-02
4.588909447193145752e-02
4.481712356209754944e-02
4.251340776681900024e-02
4.187039658427238464e-02
4.107853770256042480e-02
4.049145057797431946e-02
4.001474007964134216e-02
3.946780413389205933e-02
3.905485570430755615e-02
3.849438950419425964e-02
3.783565014600753784e-02
3.730880096554756165e-02
3.677172958850860596e-02
3.647603467106819153e-02
3.630124032497406006e-02
3.611642867326736450e-02
3.590396419167518616e-02
3.566683083772659302e-02
3.547241166234016418e-02
3.522893413901329041e-02
3.481768444180488586e-02
3.430220857262611389e-02
3.382746875286102295e-02
3.336158022284507751e-02
3.301544114947319031e-02
3.268909081816673279e-02
3.233711048960685730e-02
3.208629041910171509e-02
3.192068636417388916e-02
3.167764842510223389e-02
3.143706545233726501e-02
3.109995462000370026e-02
3.080327995121479034e-02
3.060054406523704529e-02
3.041372261941432953e-02
3.019443713128566742e-02
2.993774227797985077e-02
2.958463691174983978e-02
2.918835915625095367e-02
2.892307192087173462e-02
2.870824374258518219e-02
2.848943695425987244e-02
2.824844233691692352e-02
2.802164852619171143e-02
2.781416103243827820e-02
2.755637280642986298e-02
2.722626179456710815e-02
2.699964679777622223e-02
2.686924301087856293e-02
2.677201665937900543e-02
2.665922418236732483e-02
2.654528804123401642e-02
2.649421617388725281e-02
2.642383240163326263e-02
2.637138031423091888e-02
2.627788856625556946e-02
2.614301256835460663e-02
2.596090175211429596e-02
2.580500207841396332e-02
2.571565844118595123e-02
2.564347907900810242e-02
2.549462951719760895e-02
2.528964728116989136e-02
2.509149350225925446e-02
2.494537644088268280e-02
2.480129897594451904e-02
2.462643384933471680e-02
2.441500872373580933e-02
2.421088889241218567e-02
2.410822734236717224e-02
2.403204515576362610e-02
2.398597821593284607e-02
2.392485737800598145e-02
2.381796576082706451e-02
2.368613705039024353e-02
2.352882921695709229e-02
2.334803715348243713e-02
2.312792837619781494e-02
2.309722080826759338e-02
2.294423989951610565e-02
2.288956008851528168e-02
2.279226481914520264e-02
2.264849841594696045e-02
2.245687693357467651e-02
2.226867526769638062e-02
2.204827778041362762e-02
2.193403802812099457e-02
2.179547399282455444e-02
2.162174694240093231e-02
2.140287309885025024e-02
2.121381089091300964e-02
2.097183465957641602e-02
2.086452394723892212e-02
2.078180760145187378e-02
2.070854231715202332e-02
2.055251598358154297e-02
2.037908136844635010e-02
2.019835636019706726e-02
2.000795863568782806e-02
1.979033462703227997e-02
1.959633827209472656e-02
1.936500519514083862e-02
1.911124028265476227e-02
1.886557042598724365e-02
1.868255995213985443e-02
1.844489574432373047e-02
1.823029853403568268e-02
1.812089048326015472e-02
1.801569387316703796e-02
1.795511320233345032e-02
1.778183877468109131e-02
1.769638434052467346e-02
1.750490814447402954e-02
1.732651889324188232e-02
1.713901013135910034e-02
1.706293225288391113e-02
1.691373623907566071e-02
1.682194136083126068e-02
1.678424701094627380e-02
1.671088300645351410e-02
1.661645434796810150e-02
1.659397408366203308e-02
1.652498915791511536e-02
1.651177182793617249e-02
1.649726368486881256e-02
1.647811010479927063e-02
1.643526926636695862e-02
1.641635037958621979e-02
1.637659780681133270e-02
1.633511111140251160e-02
1.630938053131103516e-02
1.626278460025787354e-02
1.621385850012302399e-02
1.609992235898971558e-02
1.595536246895790100e-02
1.585498452186584473e-02
1.568794436752796173e-02
1.557171344757080078e-02
1.547138392925262451e-02
1.540342997759580612e-02
1.532611623406410217e-02
1.521660946309566498e-02
1.508094370365142822e-02
1.494904514402151108e-02
1.484619546681642532e-02
1.481823436915874481e-02
1.478183269500732422e-02
1.470569707453250885e-02
1.461498159915208817e-02
1.449811365455389023e-02
1.437478419393301010e-02
1.431702263653278351e-02
1.425377652049064636e-02
1.418038364499807358e-02
1.411302108317613602e-02
1.406806055456399918e-02
1.403704006224870682e-02
1.398691255599260330e-02
1.392251811921596527e-02
1.383331418037414551e-02
1.371718756854534149e-02
1.356859691441059113e-02
1.343322172760963440e-02
1.332034356892108917e-02
1.321529131382703781e-02
1.306210272014141083e-02
1.286649703979492188e-02
1.273489464074373245e-02
1.265731826424598694e-02
1.253496762365102768e-02
1.244401186704635620e-02
1.229499932378530502e-02
1.216711942106485367e-02
1.209416985511779785e-02
1.199912372976541519e-02
1.190833188593387604e-02
1.177747081965208054e-02
1.173034962266683578e-02
1.166680641472339630e-02
1.160268858075141907e-02
1.156089361757040024e-02
1.151205413043498993e-02
1.146378647536039352e-02
1.144049596041440964e-02
1.139175985008478165e-02
1.133934035897254944e-02
1.123578846454620361e-02
1.114193722605705261e-02
1.103582419455051422e-02
1.098729297518730164e-02
1.094039343297481537e-02
1.090286392718553543e-02
1.085632946342229843e-02
1.079246588051319122e-02
1.074448693543672562e-02
1.071951258927583694e-02
1.067734416574239731e-02
1.064597163349390030e-02
1.060620322823524475e-02
1.054823677986860275e-02
1.049211993813514709e-02
1.042977999895811081e-02
1.038764417171478271e-02
1.034484710544347763e-02
1.030703727155923843e-02
1.026971917599439621e-02
1.021641120314598083e-02
1.014838926494121552e-02
1.011567749083042145e-02
1.005220506340265274e-02
1.001557894051074982e-02
9.987720288336277008e-03
9.946330450475215912e-03
9.893462061882019043e-03
9.863789193332195282e-03
9.823650121688842773e-03
9.801732376217842102e-03
9.780914522707462311e-03
9.748559445142745972e-03
9.732595644891262054e-03
9.698949754238128662e-03
9.670742787420749664e-03
9.641026146709918976e-03
9.590900503098964691e-03
9.578068740665912628e-03
9.502353146672248840e-03
9.475884959101676941e-03
9.451268240809440613e-03
9.425387717783451080e-03
9.398312307894229889e-03
9.362759068608283997e-03
9.348081424832344055e-03
9.333901107311248779e-03
9.324902668595314026e-03
9.309509769082069397e-03
9.292746894061565399e-03
9.271280840039253235e-03
9.254898875951766968e-03
9.237441234290599823e-03
9.222359396517276764e-03
9.199351072311401367e-03
9.179638698697090149e-03
9.142166003584861755e-03
9.110535494983196259e-03
9.092264808714389801e-03
9.048567153513431549e-03
9.035338647663593292e-03
9.010997600853443146e-03
8.981408551335334778e-03
8.940814062952995300e-03
8.919993415474891663e-03
8.884476497769355774e-03
8.863373659551143646e-03
8.844329975545406342e-03
8.812996558845043182e-03
8.752188645303249359e-03
8.705047890543937683e-03
8.677835576236248016e-03
8.653421886265277863e-03
8.639393374323844910e-03
8.623506873846054077e-03
8.593829348683357239e-03
8.570152334868907928e-03
8.540614508092403412e-03
8.486424572765827179e-03
8.448316715657711029e-03
8.406613953411579132e-03
8.368669077754020691e-03
8.329455740749835968e-03
8.286714553833007812e-03
8.252851665019989014e-03
8.226700127124786377e-03
8.194123394787311554e-03
8.175361901521682739e-03
8.141875267028808594e-03
8.108416572213172913e-03
8.072256110608577728e-03
8.027648553252220154e-03
7.935012690722942352e-03
7.895935326814651489e-03
7.842374965548515320e-03
7.790074683725833893e-03
7.764132693409919739e-03
7.742720656096935272e-03
7.709738332778215408e-03
7.664196193218231201e-03
7.629788946360349655e-03
7.592872250825166702e-03
7.572324015200138092e-03
7.551200222223997116e-03
7.529725320637226105e-03
7.512738928198814392e-03
7.501104846596717834e-03
7.487014401704072952e-03
7.469619158655405045e-03
7.451866287738084793e-03
7.433185353875160217e-03
7.414208259433507919e-03
7.398692425340414047e-03
7.376126945018768311e-03
7.358670700341463089e-03
7.330032531172037125e-03
7.295748684555292130e-03
7.263162638992071152e-03
7.249351125210523605e-03
7.234705146402120590e-03
7.212972268462181091e-03
7.192769553512334824e-03
7.180375047028064728e-03
7.158574182540178299e-03
7.141232024878263474e-03
7.119743153452873230e-03
7.104657124727964401e-03
7.077697198837995529e-03
7.059622090309858322e-03
7.036640774458646774e-03
7.021336816251277924e-03
6.982767954468727112e-03
6.925467867404222488e-03
6.890537217259407043e-03
6.863787304610013962e-03
6.827913224697113037e-03
6.793581414967775345e-03
6.762777920812368393e-03
6.738178897649049759e-03
6.722468417137861252e-03
6.689862348139286041e-03
6.675154902040958405e-03
6.653786636888980865e-03
6.635323632508516312e-03
6.621759850531816483e-03
6.603974383324384689e-03
6.580124609172344208e-03
6.567025557160377502e-03
6.551481783390045166e-03
6.531653925776481628e-03
6.516516674309968948e-03
6.493382621556520462e-03
6.479205563664436340e-03
6.463682744652032852e-03
6.447094026952981949e-03
6.429367698729038239e-03
6.399913225322961807e-03
6.382933817803859711e-03
6.359702907502651215e-03
6.336778867989778519e-03
6.305004935711622238e-03
6.267724093049764633e-03
6.246647331863641739e-03
6.215507164597511292e-03
6.197446491569280624e-03
6.158203352242708206e-03
6.136446259915828705e-03
6.117767188698053360e-03
6.109227892011404037e-03
6.098330486565828323e-03
6.081568077206611633e-03
6.064046174287796021e-03
6.042887922376394272e-03
6.030570715665817261e-03
6.017201114445924759e-03
6.006792653352022171e-03
5.996960215270519257e-03
5.989686120301485062e-03
5.984811112284660339e-03
5.973618011921644211e-03
5.957403220236301422e-03
5.942035932093858719e-03
5.927730817347764969e-03
5.916577763855457306e-03
5.907038692384958267e-03
5.896887276321649551e-03
5.883179605007171631e-03
5.872847978025674820e-03
5.866713821887969971e-03
5.862141959369182587e-03
5.858878605067729950e-03
5.853507202118635178e-03
5.843461956828832626e-03
5.826785229146480560e-03
5.818371661007404327e-03
5.804432556033134460e-03
5.791306030005216599e-03
5.776789970695972443e-03
5.760482046753168106e-03
5.740930791944265366e-03
5.718417465686798096e-03
5.697675980627536774e-03
5.679036956280469894e-03
5.631218664348125458e-03
5.621581804007291794e-03
5.611995235085487366e-03
5.599647294729948044e-03
5.588132888078689575e-03
5.577218253165483475e-03
5.560380872339010239e-03
5.549870897084474564e-03
5.537686403840780258e-03
5.522333085536956787e-03
5.510511342436075211e-03
5.492969881743192673e-03
5.479226820170879364e-03
5.466843955218791962e-03
5.457278341054916382e-03
5.449703428894281387e-03
5.427720956504344940e-03
5.403610877692699432e-03
5.370983853936195374e-03
5.313070025295019150e-03
5.280514713376760483e-03
5.256828386336565018e-03
5.227866582572460175e-03
5.197744350880384445e-03
5.175257101655006409e-03
5.145577248185873032e-03
5.136716179549694061e-03
5.127017386257648468e-03
5.110246594995260239e-03
5.079624243080615997e-03
5.063702352344989777e-03
5.039795767515897751e-03
5.009221844375133514e-03
4.978655837476253510e-03
4.959429614245891571e-03
4.914111923426389694e-03
4.892912227660417557e-03
4.874289501458406448e-03
4.851300269365310669e-03
4.828697536140680313e-03
4.791419021785259247e-03
4.778727889060974121e-03
4.750189371407032013e-03
4.737170413136482239e-03
4.716311115771532059e-03
4.699262324720621109e-03
4.676301032304763794e-03
4.649213049560785294e-03
4.623543471097946167e-03
4.611085634678602219e-03
4.599598236382007599e-03
4.591907374560832977e-03
4.579331725835800171e-03
4.565586801618337631e-03
4.555509891360998154e-03
4.547866061329841614e-03
4.543351940810680389e-03
4.537919536232948303e-03
4.527599550783634186e-03
4.516945686191320419e-03
4.507200792431831360e-03
4.499179776757955551e-03
4.489241167902946472e-03
4.483405034989118576e-03
4.475366789847612381e-03
4.466064274311065674e-03
4.457371309399604797e-03
4.445451311767101288e-03
4.439091775566339493e-03
4.429359454661607742e-03
4.422977101057767868e-03
4.417022224515676498e-03
4.408378619700670242e-03
4.402238409966230392e-03
4.391466733068227768e-03
4.381182603538036346e-03
4.374176729470491409e-03
4.367054440081119537e-03
4.362655337899923325e-03
4.354363307356834412e-03
4.342561122030019760e-03
4.331392236053943634e-03
4.313575103878974915e-03
4.293605219572782516e-03
4.269524943083524704e-03
4.254824947565793991e-03
4.239824134856462479e-03
4.231664352118968964e-03
4.219728987663984299e-03
4.210755228996276855e-03
4.197572823613882065e-03
4.189212806522846222e-03
4.179883748292922974e-03
4.172417335212230682e-03
4.160739481449127197e-03
4.152042325586080551e-03
4.142277408391237259e-03
4.129403736442327499e-03
4.119578748941421509e-03
4.111185669898986816e-03
4.103208426386117935e-03
4.094262607395648956e-03
4.077330231666564941e-03
4.068534821271896362e-03
4.052276723086833954e-03
4.041934385895729065e-03
4.029159899801015854e-03
4.017001017928123474e-03
4.004721064120531082e-03
3.985600546002388000e-03
3.967920318245887756e-03
3.933452069759368896e-03
3.910948056727647781e-03
3.893483895808458328e-03
3.878803225234150887e-03
3.865760518237948418e-03
3.831653622910380363e-03
3.797921584919095039e-03
3.776497440412640572e-03
3.766991663724184036e-03
3.759550163522362709e-03
3.747473238036036491e-03
3.738238476216793060e-03
3.726919647306203842e-03
3.718514461070299149e-03
3.714556340128183365e-03
3.707926254719495773e-03
3.701825859025120735e-03
3.695228835567831993e-03
3.689737990498542786e-03
3.682537004351615906e-03
3.675562562420964241e-03
3.669586265459656715e-03
3.661795984953641891e-03
3.656936343759298325e-03
3.652432933449745178e-03
3.641808638349175453e-03
3.637296147644519806e-03
3.625771962106227875e-03
3.617756301537156105e-03
3.611145308241248131e-03
3.597405739128589630e-03
3.580956486985087395e-03
3.568829270079731941e-03
3.549097105860710144e-03
3.531976835802197456e-03
3.520437981933355331e-03
3.511667717248201370e-03
3.503584535792469978e-03
3.491572570055723190e-03
3.482026048004627228e-03
3.474391764029860497e-03
3.466845257207751274e-03
3.451642114669084549e-03
3.436687169596552849e-03
3.423172049224376678e-03
3.414073726162314415e-03
3.405943978577852249e-03
3.397027030587196350e-03
3.384956391528248787e-03
3.378123743459582329e-03
3.369685262441635132e-03
3.360950620844960213e-03
3.352355677634477615e-03
3.338912967592477798e-03
3.327872836962342262e-03
3.319478826597332954e-03
3.305231221020221710e-03
3.287931671366095543e-03
3.278524382039904594e-03
3.264859784394502640e-03
3.255826421082019806e-03
3.248457796871662140e-03
3.237444907426834106e-03
3.220400074496865273e-03
3.205550601705908775e-03
3.193062264472246170e-03
3.183168359100818634e-03
3.169920761138200760e-03
3.159049432724714279e-03
3.151546930894255638e-03
3.140438813716173172e-03
3.127981908619403839e-03
3.121023532003164291e-03
3.112362697720527649e-03
3.110893769189715385e-03
3.104729577898979187e-03
3.101770766079425812e-03
3.096852218732237816e-03
3.092051716521382332e-03
3.086507320404052734e-03
3.082520328462123871e-03
3.071815706789493561e-03
3.060020972043275833e-03
3.045060904696583748e-03
3.026541089639067650e-03
3.010695101693272591e-03
3.003728343173861504e-03
2.994329435750842094e-03
2.977160271257162094e-03
2.966477302834391594e-03
2.959359670057892799e-03
2.951602451503276825e-03
2.943261060863733292e-03
2.932134550064802170e-03
2.918499987572431564e-03
2.908188616856932640e-03
2.897967817261815071e-03
2.888133516535162926e-03
2.878335770219564438e-03
2.870966913178563118e-03
2.858074847608804703e-03
2.841178327798843384e-03
2.821563975885510445e-03
2.811960410326719284e-03
2.800457645207643509e-03
2.792976330965757370e-03
2.783908741548657417e-03
2.766687422990798950e-03
2.749854931607842445e-03
2.733776113018393517e-03
2.716164104640483856e-03
2.705941442400217056e-03
2.695770002901554108e-03
2.687298692762851715e-03
2.674731891602277756e-03
2.667689695954322815e-03
2.659824211150407791e-03
2.651633694767951965e-03
2.643200103193521500e-03
2.630574395880103111e-03
2.605946501716971397e-03
2.598871011286973953e-03
2.574242185801267624e-03
2.566208830103278160e-03
2.556840656325221062e-03
2.545324852690100670e-03
2.533053979277610779e-03
2.521948423236608505e-03
2.519090659916400909e-03
2.511832164600491524e-03
2.507680794224143028e-03
2.502257935702800751e-03
2.492050407454371452e-03
2.478166949003934860e-03
2.474647015333175659e-03
2.470258856192231178e-03
2.466872567310929298e-03
2.463598037138581276e-03
2.454444766044616699e-03
2.445518737658858299e-03
2.435851609334349632e-03
2.430182415992021561e-03
2.425583079457283020e-03
2.420912031084299088e-03
2.414091024547815323e-03
2.401815494522452354e-03
2.386742504313588142e-03
2.368926070630550385e-03
2.348130103200674057e-03
2.341492334380745888e-03
2.333074808120727539e-03
2.325511537492275238e-03
2.309273462742567062e-03
2.294935518875718117e-03
2.279364736750721931e-03
2.268078736960887909e-03
2.259644446894526482e-03
2.250356134027242661e-03
2.239216584712266922e-03
2.231761813163757324e-03
2.224898664280772209e-03
2.216202206909656525e-03
2.210250822827219963e-03
2.202722709625959396e-03
2.193195046856999397e-03
2.186136320233345032e-03
2.179670380428433418e-03
2.173619111999869347e-03
2.169860992580652237e-03
2.166493562981486320e-03
2.161770593374967575e-03
2.156283939257264137e-03
2.152004046365618706e-03
2.148523228242993355e-03
2.146295271813869476e-03
2.143793506547808647e-03
2.141218632459640503e-03
2.137701958417892456e-03
2.132906112819910049e-03
2.128664869815111160e-03
2.125512110069394112e-03
2.122232690453529358e-03
2.117786090821027756e-03
2.114651259034872055e-03
2.107995329424738884e-03
2.099358476698398590e-03
2.092683687806129456e-03
2.082956023514270782e-03
2.073828596621751785e-03
2.061292063444852829e-03
2.051367191597819328e-03
2.042686333879828453e-03
2.037030411884188652e-03
2.032987074926495552e-03
2.028889721259474754e-03
2.022833330556750298e-03
2.019480336457490921e-03
2.013588789850473404e-03
2.009443938732147217e-03
2.005779417231678963e-03
2.000621519982814789e-03
1.991274068132042885e-03
1.984560629352927208e-03
1.978384098038077354e-03
1.969555392861366272e-03
1.961361616849899292e-03
1.955475425347685814e-03
1.949795871041715145e-03
1.945032854564487934e-03
1.940510584972798824e-03
1.937500666826963425e-03
1.935883075930178165e-03
1.934198779053986073e-03
1.931597245857119560e-03
1.929163350723683834e-03
1.926542376168072224e-03
1.922996249049901962e-03
1.919520087540149689e-03
1.916487584821879864e-03
1.913271378725767136e-03
1.910597202368080616e-03
1.906908699311316013e-03
1.901058480143547058e-03
1.892150961793959141e-03
1.885416335426270962e-03
1.876313821412622929e-03
1.872899592854082584e-03
1.870032632723450661e-03
1.867225742898881435e-03
1.862420234829187393e-03
1.856579328887164593e-03
1.850446453317999840e-03
1.841952325776219368e-03
1.834615250118076801e-03
1.827456522732973099e-03
1.819363678805530071e-03
1.808050787076354027e-03
1.796634402126073837e-03
1.786748762242496014e-03
1.779547892510890961e-03
1.769523019902408123e-03
1.750716241076588631e-03
1.735662575811147690e-03
1.726879738271236420e-03
1.717537990771234035e-03
1.709024421870708466e-03
1.699007814750075340e-03
1.686044386588037014e-03
1.671982230618596077e-03
1.662371447309851646e-03
1.657780027016997337e-03
1.654340536333620548e-03
1.649453421123325825e-03
1.641272101551294327e-03
1.635762513615190983e-03
1.629538834095001221e-03
1.624014228582382202e-03
1.618688809685409069e-03
1.612127642147243023e-03
1.607118407264351845e-03
1.603585435077548027e-03
1.599221257492899895e-03
1.593880588188767433e-03
1.590011175721883774e-03
1.587292063049972057e-03
1.583141041919589043e-03
1.580823212862014771e-03
1.575916539877653122e-03
1.572046312503516674e-03
1.570205669850111008e-03
1.566811813972890377e-03
1.565212965942919254e-03
1.559769851155579090e-03
1.557767740450799465e-03
1.554975518956780434e-03
1.550358138047158718e-03
1.546071260236203671e-03
1.541325123980641365e-03
1.537850010208785534e-03
1.532654860056936741e-03
1.527586369775235653e-03
1.524302642792463303e-03
1.520499354228377342e-03
1.518472330644726753e-03
1.516365562565624714e-03
1.512460992671549320e-03
1.509353751316666603e-03
1.502561499364674091e-03
1.499377656728029251e-03
1.496550627052783966e-03
1.493660151027143002e-03
1.489880494773387909e-03
1.485627959482371807e-03
1.480027800425887108e-03
1.474037300795316696e-03
1.471877680160105228e-03
1.469831448048353195e-03
1.468373811803758144e-03
1.466515124775469303e-03
1.464509521611034870e-03
1.462889253161847591e-03
1.460122177377343178e-03
1.459355349652469158e-03
1.456813770346343517e-03
1.455037156119942665e-03
1.453393138945102692e-03
1.451360993087291718e-03
1.448589726351201534e-03
1.446344191208481789e-03
1.443486078642308712e-03
1.442306442186236382e-03
1.439783605746924877e-03
1.437602797523140907e-03
1.435424783267080784e-03
1.432021148502826691e-03
1.430599717423319817e-03
1.427986077032983303e-03
1.426288625225424767e-03
1.424275920726358891e-03
1.420833752490580082e-03
1.418639207258820534e-03
1.414144877344369888e-03
1.410314114764332771e-03
1.404890441335737705e-03
1.400911249220371246e-03
1.395537052303552628e-03
1.392464851960539818e-03
1.389756333082914352e-03
1.386109506711363792e-03
1.383598544634878635e-03
1.375018619000911713e-03
1.369307283312082291e-03
1.362463575787842274e-03
1.353575033135712147e-03
1.349483733065426350e-03
1.343167037703096867e-03
1.340117887593805790e-03
1.332579646259546280e-03
1.326075638644397259e-03
1.319110742770135403e-03
1.315147499553859234e-03
1.312316977418959141e-03
1.309458166360855103e-03
1.304880017414689064e-03
1.297966460697352886e-03
1.293234759941697121e-03
1.289054751396179199e-03
1.283682184293866158e-03
1.278595183975994587e-03
1.270844833925366402e-03
1.265228842385113239e-03
1.261728350073099136e-03
1.259818789549171925e-03
1.258541597053408623e-03
1.256658346392214298e-03
1.253296853974461555e-03
1.250561210326850414e-03
1.245755120180547237e-03
1.239978009834885597e-03
1.235139556229114532e-03
1.224338193424046040e-03
1.218973193317651749e-03
1.212367322295904160e-03
1.208601170219480991e-03
1.205319538712501526e-03
1.200966536998748779e-03
1.197405392304062843e-03
1.194686978124082088e-03
1.192039693705737591e-03
1.189054455608129501e-03
1.185148372314870358e-03
1.181229366920888424e-03
1.178745063953101635e-03
1.176466117613017559e-03
1.168376300483942032e-03
1.161820255219936371e-03
1.157144666649401188e-03
1.147613627836108208e-03
1.145343761891126633e-03
1.142457826063036919e-03
1.139825326390564442e-03
1.134900958277285099e-03
1.133437268435955048e-03
1.127625117078423500e-03
1.121103181503713131e-03
1.112806843593716621e-03
1.104558818042278290e-03
1.097903354093432426e-03
1.090800738893449306e-03
1.086466480046510696e-03
1.083739916794002056e-03
1.078870031051337719e-03
1.070893020369112492e-03
1.065737335011363029e-03
1.060380483977496624e-03
1.054716762155294418e-03
1.050098333507776260e-03
1.043962896801531315e-03
1.036682282574474812e-03
1.035335240885615349e-03
1.031514839269220829e-03
1.029031816869974136e-03
1.027012476697564125e-03
1.024996046908199787e-03
1.022778335027396679e-03
1.020584604702889919e-03
1.018552924506366253e-03
1.015949412249028683e-03
1.012151828035712242e-03
1.007896615192294121e-03
1.004064688459038734e-03
1.000804244540631771e-03
9.970582323148846626e-04
9.947088547050952911e-04
9.898545686155557632e-04
9.880024008452892303e-04
9.844797896221280098e-04
9.813907090574502945e-04
9.791132761165499687e-04
9.766166331246495247e-04
9.750655735842883587e-04
9.737075306475162506e-04
9.726543794386088848e-04
9.684343822300434113e-04
9.666404221206903458e-04
9.635280002839863300e-04
9.614768787287175655e-04
9.595106239430606365e-04
9.571171249262988567e-04
9.537902660667896271e-04
9.513266268186271191e-04
9.475871338509023190e-04
9.450914221815764904e-04
9.423310402780771255e-04
9.388933540321886539e-04
9.381488198414444923e-04
9.350802283734083176e-04
9.328054729849100113e-04
9.301694808527827263e-04
9.275874472223222256e-04
9.265145054087042809e-04
9.230292635038495064e-04
9.219357743859291077e-04
9.204297093674540520e-04
9.182780049741268158e-04
9.154137223958969116e-04
9.113481501117348671e-04
9.073488763533532619e-04
9.047922794707119465e-04
9.025610052049160004e-04
8.994836243800818920e-04
8.969601476565003395e-04
8.953911601565778255e-04
8.920354302972555161e-04
8.901339606381952763e-04
8.884748094715178013e-04
8.861421374604105949e-04
8.833230822347104549e-04
8.808983839116990566e-04
8.787623955868184566e-04
8.755935123190283775e-04
8.720112964510917664e-04
8.674214477650821209e-04
8.636225247755646706e-04
8.589596254751086235e-04
8.544935844838619232e-04
8.498308015987277031e-04
8.453720947727560997e-04
8.415123447775840759e-04
8.381075458601117134e-04
8.349462877959012985e-04
8.324347436428070068e-04
8.280015899799764156e-04
8.258661255240440369e-04
8.221046300604939461e-04
8.188341744244098663e-04
8.170819492079317570e-04
8.157079573720693588e-04
8.130737696774303913e-04
8.109192131087183952e-04
8.082982385531067848e-04
8.042891859076917171e-04
8.021841058507561684e-04
8.006987627595663071e-04
7.976262713782489300e-04
7.952336454764008522e-04
7.894496084190905094e-04
7.845961372368037701e-04
7.812446565367281437e-04
7.793221157044172287e-04
7.774771656841039658e-04
7.746395422145724297e-04
7.718444103375077248e-04
7.691408973187208176e-04
7.659214898012578487e-04
7.640024996362626553e-04
7.604127749800682068e-04
7.554477197118103504e-04
7.518455386161804199e-04
7.480715285055339336e-04
7.455075392499566078e-04
7.439366308972239494e-04
7.421243353746831417e-04
7.388436351902782917e-04
7.360921008512377739e-04
7.343442412093281746e-04
7.330780499614775181e-04
7.295156829059123993e-04
7.257384713739156723e-04
7.215852383524179459e-04
7.188227027654647827e-04
7.162524270825088024e-04
7.128235884010791779e-04
7.107556448318064213e-04
7.084229146130383015e-04
7.067511323839426041e-04
7.048614788800477982e-04
7.001896155998110771e-04
6.960182217881083488e-04
6.909545627422630787e-04
6.860219291411340237e-04
6.831755745224654675e-04
6.797901587560772896e-04
6.778907845728099346e-04
6.764679565094411373e-04
6.752421031706035137e-04
6.715929484926164150e-04
6.687450222671031952e-04
6.681139930151402950e-04
6.622867658734321594e-04
6.608258117921650410e-04
6.584096117876470089e-04
6.574763683602213860e-04
6.556026055477559566e-04
6.546574295498430729e-04
6.538479356095194817e-04
6.522517651319503784e-04
6.512306281365454197e-04
6.485779304057359695e-04
6.465876358561217785e-04
6.443243473768234253e-04
6.428198539651930332e-04
6.404889863915741444e-04
6.366955931298434734e-04
6.342198466882109642e-04
6.318355444818735123e-04
6.296409992501139641e-04
6.266366690397262573e-04
6.242166273295879364e-04
6.219660281203687191e-04
6.203650846146047115e-04
6.180600612424314022e-04
6.160974735394120216e-04
6.128838867880403996e-04
6.095029530115425587e-04
6.066724308766424656e-04
6.061039166525006294e-04
6.041854503564536572e-04
6.031168159097433090e-04
6.020909640938043594e-04
6.012272206135094166e-04
5.998073611408472061e-04
5.982200382277369499e-04
5.964005249552428722e-04
5.941215786151587963e-04
5.919447285123169422e-04
5.897853407077491283e-04
5.874885246157646179e-04
5.849724984727799892e-04
5.820833612233400345e-04
5.789111601188778877e-04
5.760551430284976959e-04
5.739206098951399326e-04
5.731102428399026394e-04
5.723001086153090000e-04
5.714448634535074234e-04
5.702201742678880692e-04
5.691827391274273396e-04
5.681708571501076221e-04
5.672032712027430534e-04
5.663722404278814793e-04
5.657106521539390087e-04
5.650399834848940372e-04
5.643627955578267574e-04
5.627147620543837547e-04
5.612518289126455784e-04
5.594661342911422253e-04
5.580591387115418911e-04
5.568133201450109482e-04
5.554206436499953270e-04
5.546933389268815517e-04
5.536333192139863968e-04
5.525258602574467659e-04
5.514943622983992100e-04
5.503571592271327972e-04
5.488747847266495228e-04
5.471373442560434341e-04
5.463446723297238350e-04
5.451943143270909786e-04
5.445069982670247555e-04
5.438204389065504074e-04
5.429197917692363262e-04
5.421721143648028374e-04
5.412503378465771675e-04
5.403372342698276043e-04
5.395410698838531971e-04
5.387886776588857174e-04
5.377227789722383022e-04
5.369167192839086056e-04
5.365125834941864014e-04
5.360132781788706779e-04
5.356274778023362160e-04
5.352735170163214207e-04
5.345438839867711067e-04
5.334279849193990231e-04
5.321308271959424019e-04
5.306171369738876820e-04
5.295800510793924332e-04
5.282983765937387943e-04
5.272765411064028740e-04
5.249210516922175884e-04
5.233497940935194492e-04
5.219862214289605618e-04
5.205515772104263306e-04
5.197776481509208679e-04
5.186586640775203705e-04
5.178561550565063953e-04
5.170981166884303093e-04
5.160000291652977467e-04
5.139409331604838371e-04
5.112332873977720737e-04
5.098711699247360229e-04
5.085812299512326717e-04
5.076053785160183907e-04
5.066880839876830578e-04
5.057351081632077694e-04
5.047511076554656029e-04
5.042049451731145382e-04
5.037023802287876606e-04
5.031490582041442394e-04
5.025684367865324020e-04
5.023556295782327652e-04
5.021432298235595226e-04
5.014504422433674335e-04
5.011269822716712952e-04
5.003944388590753078e-04
4.987437860108911991e-04
4.966306150890886784e-04
4.951109876856207848e-04
4.940883954986929893e-04
4.936780314892530441e-04
4.932070150971412659e-04
4.924726090393960476e-04
4.919124767184257507e-04
4.913991433568298817e-04
4.908119444735348225e-04
4.901882493868470192e-04
4.893408040516078472e-04
4.880886990576982498e-04
4.866289091296494007e-04
4.848054086323827505e-04
4.841351765207946301e-04
4.830459074582904577e-04
4.826593212783336639e-04
4.821926995646208525e-04
4.816960426978766918e-04
4.807082877960056067e-04
4.797047586180269718e-04
4.784190678037703037e-04
4.769944061990827322e-04
4.764327604789286852e-04
4.758132854476571083e-04
4.752479144372045994e-04
4.744193865917623043e-04
4.734697286039590836e-04
4.727056657429784536e-04
4.718988784588873386e-04
4.710212815552949905e-04
4.703447630163282156e-04
4.699871060438454151e-04
4.694772069342434406e-04
4.691359936259686947e-04
4.687187902163714170e-04
4.679190169554203749e-04
4.670803900808095932e-04
4.661185375880450010e-04
4.653630603570491076e-04
4.646735324058681726e-04
4.641710547730326653e-04
4.632941563613712788e-04
4.622901033144444227e-04
4.620654799509793520e-04
4.614173667505383492e-04
4.608390445355325937e-04
4.601227119565010071e-04
4.596213984768837690e-04
4.592253535520285368e-04
4.588275332935154438e-04
4.581844841595739126e-04
4.571895988192409277e-04
4.563195980153977871e-04
4.557685169856995344e-04
4.551225574687123299e-04
4.547550342977046967e-04
4.544540715869516134e-04
4.541012458503246307e-04
4.534324107225984335e-04
4.529916623141616583e-04
4.526949487626552582e-04
4.524489631876349449e-04
4.521602531895041466e-04
4.513890598900616169e-04
4.512928717304021120e-04
4.502831143327057362e-04
4.498526395764201880e-04
4.492607258725911379e-04
4.486250982154160738e-04
4.479230265133082867e-04
4.469945852179080248e-04
4.462679207790642977e-04
4.451175918802618980e-04
4.435419978108257055e-04
4.414916329551488161e-04
4.402366175781935453e-04
4.393944109324365854e-04
4.386196960695087910e-04
4.375023418106138706e-04
4.362253239378333092e-04
4.357864090707153082e-04
4.347240319475531578e-04
4.344515909906476736e-04
4.338799044489860535e-04
4.332723037805408239e-04
4.322703462094068527e-04
4.315927217248827219e-04
4.308076750021427870e-04
4.297978302929550409e-04
4.291623190511018038e-04
4.282433656044304371e-04
4.276612889952957630e-04
4.266294417902827263e-04
4.260987916495651007e-04
4.257287655491381884e-04
4.253700026310980320e-04
4.249027988407760859e-04
4.246331518515944481e-04
4.240126290824264288e-04
4.236073873471468687e-04
4.229752230457961559e-04
4.224899748805910349e-04
4.221859562676399946e-04
4.219567053951323032e-04
4.216659290250390768e-04
4.213491338305175304e-04
4.209462204016745090e-04
4.205185687169432640e-04
4.199959221296012402e-04
4.197181842755526304e-04
4.192532796878367662e-04
4.184833669569343328e-04
4.179427050985395908e-04
4.172283224761486053e-04
4.166234866715967655e-04
4.160676035098731518e-04
4.154938505962491035e-04
4.152220790274441242e-04
4.148485895711928606e-04
4.141236713621765375e-04
4.133816692046821117e-04
4.129719163756817579e-04
4.123820399399846792e-04
4.118585493415594101e-04
4.115821211598813534e-04
4.113551694899797440e-04
4.110748704988509417e-04
4.108310968149453402e-04
4.105564439669251442e-04
4.099387442693114281e-04
4.097015189472585917e-04
4.093165625818073750e-04
4.090054426342248917e-04
4.087431589141488075e-04
4.083464154973626137e-04
4.080585786141455173e-04
4.075834585819393396e-04
4.073296149726957083e-04
4.069632559549063444e-04
4.067923000548034906e-04
4.065802786499261856e-04
4.063190717715770006e-04
4.060163919348269701e-04
4.056221805512905121e-04
4.053848388139158487e-04
4.050138231832534075e-04
4.048006667289882898e-04
4.046452813781797886e-04
4.043893131893128157e-04
4.039078485220670700e-04
4.037117760162800550e-04
4.029673873446881771e-04
4.023915389552712440e-04
4.016899038106203079e-04
4.010089032817631960e-04
4.002021742053329945e-04
3.987897653132677078e-04
3.981728514190763235e-04
3.973876300733536482e-04
3.968666424043476582e-04
3.963205090258270502e-04
3.956898581236600876e-04
3.948749508708715439e-04
3.942392941098660231e-04
3.935760178137570620e-04
3.928074438590556383e-04
3.923211188521236181e-04
3.907815262209624052e-04
3.897390561178326607e-04
3.877354320138692856e-04
3.863651072606444359e-04
3.855241520795971155e-04
3.847722255159169436e-04
3.840882272925227880e-04
3.834397357422858477e-04
3.828353655990213156e-04
3.816894313786178827e-04
3.813405928667634726e-04
3.806134627666324377e-04
3.798800753429532051e-04
3.794898802880197763e-04
3.786585293710231781e-04
3.776984231080859900e-04
3.767331945709884167e-04
3.757750964723527431e-04
3.749920870177447796e-04
3.742697008419781923e-04
3.737162332981824875e-04
3.731199249159544706e-04
3.724491980392485857e-04
3.712707257363945246e-04
3.702120156958699226e-04
3.697451611515134573e-04
3.692095342557877302e-04
3.689508012030273676e-04
3.684929397422820330e-04
3.679242508951574564e-04
3.670771257020533085e-04
3.662218805402517319e-04
3.651797887869179249e-04
3.643358068075031042e-04
3.637832414824515581e-04
3.632691223174333572e-04
3.628090489655733109e-04
3.624787495937198400e-04
3.622857911977916956e-04
3.618501359596848488e-04
3.617106121964752674e-04
3.614371526055037975e-04
3.612546424847096205e-04
3.609108680393546820e-04
3.607184335123747587e-04
3.597895265556871891e-04
3.592378925532102585e-04
3.589275002013891935e-04
3.582452482078224421e-04
3.581061610020697117e-04
3.578538016881793737e-04
3.577471361495554447e-04
3.574671573005616665e-04
3.572642162907868624e-04
3.569693362805992365e-04
3.568101674318313599e-04
3.566173545550554991e-04
3.561838821042329073e-04
3.560630138963460922e-04
3.559405449777841568e-04
3.558127209544181824e-04
3.556136216502636671e-04
3.554868162609636784e-04
3.554279683157801628e-04
3.552292182575911283e-04
3.550413821358233690e-04
3.548081149347126484e-04
3.544676001183688641e-04
3.542256890796124935e-04
3.538760356605052948e-04
3.535872383508831263e-04
3.533608687575906515e-04
3.532078990247100592e-04
3.528248926158994436e-04
3.525570209603756666e-04
3.523393534123897552e-04
3.521843173075467348e-04
3.517294535413384438e-04
3.511605900712311268e-04
3.504650085233151913e-04
3.498503356240689754e-04
3.495440760161727667e-04
3.492389805614948273e-04
3.488479997031390667e-04
3.481911553535610437e-04
3.479127481114119291e-04
3.475757839623838663e-04
3.471641102805733681e-04
3.466674825176596642e-04
3.465399495325982571e-04
3.460274019744247198e-04
3.456622653175145388e-04
3.452142409514635801e-04
3.450436925049871206e-04
3.448337665759027004e-04
3.446355112828314304e-04
3.445443289820104837e-04
3.444729081820696592e-04
3.442144661676138639e-04
3.439226711634546518e-04
3.437007253523916006e-04
3.436343395151197910e-04
3.434434474911540747e-04
3.432221710681915283e-04
3.428649215493351221e-04
3.426353214308619499e-04
3.423954767640680075e-04
3.422697191126644611e-04
3.420326975174248219e-04
3.415665123611688614e-04
3.414008533582091331e-04
3.411003854125738144e-04
3.408058255445212126e-04
3.407073963899165392e-04
3.405635652597993612e-04
3.403637674637138844e-04
3.403284645173698664e-04
3.401445865165442228e-04
3.399457782506942749e-04
3.397156833671033382e-04
3.395910607650876045e-04
3.395083767827600241e-04
3.393571241758763790e-04
3.391312784515321255e-04
3.387026663403958082e-04
3.384444280527532101e-04
3.381770220585167408e-04
3.379314439371228218e-04
3.377445100340992212e-04
3.374686639290302992e-04
3.370821650605648756e-04
3.368041070643812418e-04
3.366195887792855501e-04
3.363851865287870169e-04
3.360275295563042164e-04
3.359534312039613724e-04
3.352961211930960417e-04
3.349976323079317808e-04
3.345836303196847439e-04
3.342681447975337505e-04
3.338883398100733757e-04
3.334651119075715542e-04
3.333344939164817333e-04
3.330354520585387945e-04
3.329193277750164270e-04
3.326472069602459669e-04
3.324685094412416220e-04
3.323405107948929071e-04
3.319512470625340939e-04
3.317609662190079689e-04
3.314540372230112553e-04
3.310951287858188152e-04
3.308039740659296513e-04
3.305339778307825327e-04
3.304259444121271372e-04
3.302021941635757685e-04
3.297348448541015387e-04
3.291868779342621565e-04
3.287115250714123249e-04
3.279847442172467709e-04
3.274000773672014475e-04
3.262330719735473394e-04
3.259884542785584927e-04
3.252620808780193329e-04
3.244263352826237679e-04
3.236556076444685459e-04
3.230304282624274492e-04
3.226466651540249586e-04
3.223560634069144726e-04
3.218725905753672123e-04
3.216540208086371422e-04
3.214509924873709679e-04
3.213634190615266562e-04
3.211026778444647789e-04
3.208684502169489861e-04
3.207120462320744991e-04
3.204094246029853821e-04
3.202754305675625801e-04
3.199488273821771145e-04
3.196593897882848978e-04
3.192466974724084139e-04
3.189826384186744690e-04
3.187021065969020128e-04
3.185083623975515366e-04
3.182392974849790335e-04
3.179864143021404743e-04
3.177435428369790316e-04
3.174634184688329697e-04
3.174160083290189505e-04
3.171927819494158030e-04
3.171782009303569794e-04
3.170381824020296335e-04
3.168848343193531036e-04
3.167107934132218361e-04
3.165060770697891712e-04
3.163749643135815859e-04
3.162209177389740944e-04
3.159072075504809618e-04
3.157678293064236641e-04
3.155313315801322460e-04
3.152367135044187307e-04
3.150404081679880619e-04
3.149184049107134342e-04
3.146346425637602806e-04
3.144346992485225201e-04
3.142183995805680752e-04
3.140785556752234697e-04
3.135744773317128420e-04
3.131289849989116192e-04
3.129576798528432846e-04
3.125997027382254601e-04
3.123051137663424015e-04
3.121997287962585688e-04
3.119538014288991690e-04
3.118015301879495382e-04
3.116485604550689459e-04
3.116215229965746403e-04
3.115724248345941305e-04
3.114839200861752033e-04
3.114372957497835159e-04
3.113369748461991549e-04
3.113023994956165552e-04
3.111702972091734409e-04
3.110715479124337435e-04
3.110682882834225893e-04
3.110525431111454964e-04
3.110433463007211685e-04
3.109719546046108007e-04
3.108929377049207687e-04
3.107963420916348696e-04
3.107670636381953955e-04
3.106174408458173275e-04
3.105357463937252760e-04
3.103677590843290091e-04
3.102037881035357714e-04
3.096514556091278791e-04
3.095021238550543785e-04
3.090564277954399586e-04
3.087146033067256212e-04
3.084735653828829527e-04
3.083303745370358229e-04
3.079052548855543137e-04
3.076552820857614279e-04
3.070853417739272118e-04
3.067175275646150112e-04
3.063530020881444216e-04
3.058841975871473551e-04
3.056417044717818499e-04
3.052715619560331106e-04
3.050139639526605606e-04
3.048199578188359737e-04
3.047034551855176687e-04
3.045550547540187836e-04
3.044347977265715599e-04
3.043133474420756102e-04
3.041996678803116083e-04
3.040816809516400099e-04
3.039767034351825714e-04
3.038473660126328468e-04
3.037541755475103855e-04
3.036507405340671539e-04
3.036322596017271280e-04
3.034850815311074257e-04
3.034554247278720140e-04
3.033576649613678455e-04
3.033108660019934177e-04
3.031505330000072718e-04
3.030862426385283470e-04
3.029848157893866301e-04
3.029802173841744661e-04
3.029221843462437391e-04
3.027976490557193756e-04
3.026751219294965267e-04
3.025466285180300474e-04
3.024571633432060480e-04
3.024302131962031126e-04
3.023320168722420931e-04
3.023066383320838213e-04
3.021184238605201244e-04
3.020671429112553596e-04
3.019456926267594099e-04
3.019149589817970991e-04
3.017805865965783596e-04
3.016350092366337776e-04
3.014235117007046938e-04
3.012816596310585737e-04
3.011949302162975073e-04
3.010961518157273531e-04
3.009878564625978470e-04
3.009248466696590185e-04
3.008008934557437897e-04
3.007327031809836626e-04
3.006702463608235121e-04
3.005647449754178524e-04
3.005007165484130383e-04
3.004006866831332445e-04
3.003964084200561047e-04
3.003296151291579008e-04
3.002955054398626089e-04
3.001723089255392551e-04
3.001338627655059099e-04
3.000321157742291689e-04
2.999860444106161594e-04
2.998782729264348745e-04
2.997202973347157240e-04
2.996975381392985582e-04
2.995374961756169796e-04
2.994083042722195387e-04
2.992936933878809214e-04
2.992163936141878366e-04
2.991058281622827053e-04
2.990014327224344015e-04
2.988786727655678988e-04
2.988384221680462360e-04
2.987620537169277668e-04
2.984783495776355267e-04
2.983622252941131592e-04
2.980721183121204376e-04
2.977630938403308392e-04
2.975091920234262943e-04
2.970060158986598253e-04
2.968515327665954828e-04
2.966035390272736549e-04
2.963442821055650711e-04
2.960466663353145123e-04
2.957969263661652803e-04
2.956811804324388504e-04
2.955664822366088629e-04
2.954762603621929884e-04
2.951806236524134874e-04
2.948246547020971775e-04
2.944670850411057472e-04
2.941546554211527109e-04
2.939645492006093264e-04
2.937237150035798550e-04
2.934111398644745350e-04
2.931905037257820368e-04
2.929262700490653515e-04
2.927364548668265343e-04
2.924769360106438398e-04
2.922869462054222822e-04
2.919934631790965796e-04
2.919395046774297953e-04
2.915781515184789896e-04
2.915140357799828053e-04
2.913719508796930313e-04
2.911025658249855042e-04
2.910229086410254240e-04
2.907638263422995806e-04
2.906869340222328901e-04
2.904898428823798895e-04
2.901134721469134092e-04
2.898913517128676176e-04
2.895535726565867662e-04
2.894687349908053875e-04
2.893751370720565319e-04
2.893354976549744606e-04
2.892102056648582220e-04
2.890871546696871519e-04
2.888755407184362411e-04
2.886993170250207186e-04
2.884775749407708645e-04
2.884232380893081427e-04
2.883316774386912584e-04
2.882875851355493069e-04
2.881276595871895552e-04
2.879789681173861027e-04
2.878569357562810183e-04
2.876855141948908567e-04
2.875727659557014704e-04
2.874052152037620544e-04
2.872385375667363405e-04
2.870213647838681936e-04
2.868715382646769285e-04
2.865916176233440638e-04
2.864923153538256884e-04
2.862152177840471268e-04
2.860208333004266024e-04
2.858462976291775703e-04
2.854043268598616123e-04
2.852981560863554478e-04
2.850796154234558344e-04
2.849551965482532978e-04
2.848772855941206217e-04
2.847641881089657545e-04
2.845521376002579927e-04
2.844248665496706963e-04
2.842133108060806990e-04
2.839594671968370676e-04
2.837652573361992836e-04
2.835082996170967817e-04
2.831885940395295620e-04
2.829572185873985291e-04
2.827101270668208599e-04
2.825112605933099985e-04
2.823080576490610838e-04
2.821927482727915049e-04
2.821065427269786596e-04
2.819791552610695362e-04
2.818827342707663774e-04
2.818131761159747839e-04
2.816745545715093613e-04
2.815361949615180492e-04
2.813619794324040413e-04
2.810356672853231430e-04
2.809690195135772228e-04
2.807143318932503462e-04
2.805888943839818239e-04
2.804861578624695539e-04
2.801784721668809652e-04
2.801310911308974028e-04
2.798209025058895350e-04
2.795252075884491205e-04
2.792250306811183691e-04
2.791144652292132378e-04
2.790032594930380583e-04
2.788406563922762871e-04
2.786809345707297325e-04
2.784584939945489168e-04
2.783466479741036892e-04
2.781394287012517452e-04
2.779564238153398037e-04
2.777077024802565575e-04
2.775361645035445690e-04
2.773450687527656555e-04
2.771007129922509193e-04
2.769528946373611689e-04
2.767947153188288212e-04
2.766681136563420296e-04
2.764632808975875378e-04
2.762407530099153519e-04
2.760734641924500465e-04
2.758662449195981026e-04
2.756666799541562796e-04
2.754426095634698868e-04
2.751032006926834583e-04
2.748419356066733599e-04
2.747289836406707764e-04
2.746461541391909122e-04
2.744907978922128677e-04
2.742611104622483253e-04
2.741064527072012424e-04
2.739293850027024746e-04
2.737258910201489925e-04
2.735331072472035885e-04
2.733368019107729197e-04
2.731035056058317423e-04
2.728102845139801502e-04
2.724819350987672806e-04
2.721120836213231087e-04
2.717124880291521549e-04
2.713279973249882460e-04
2.710131811909377575e-04
2.706968807615339756e-04
2.702730998862534761e-04
2.700588374864310026e-04
2.697816817089915276e-04
2.693557762540876865e-04
2.691471308935433626e-04
2.689245739020407200e-04
2.686449442990124226e-04
2.684342616703361273e-04
2.682271879166364670e-04
2.680631296243518591e-04
2.679011086001992226e-04
2.677809388842433691e-04
2.675563446246087551e-04
2.673524140845984221e-04
2.670420217327773571e-04
2.666424552444368601e-04
2.663235936779528856e-04
2.661141916178166866e-04
2.658176235854625702e-04
2.656803699210286140e-04
2.654576965142041445e-04
2.653348783496767282e-04
2.652119728736579418e-04
2.650560927577316761e-04
2.649554226081818342e-04
2.648566151037812233e-04
2.647218352649360895e-04
2.646594075486063957e-04
2.645327476784586906e-04
2.641400205902755260e-04
2.639786398503929377e-04
2.634320117067545652e-04
2.632167888805270195e-04
2.628995280247181654e-04
2.624477492645382881e-04
2.620474260766059160e-04
2.617262653075158596e-04
2.615505945868790150e-04
2.614137774799019098e-04
2.611051022540777922e-04
2.609067305456846952e-04
2.607022179290652275e-04
2.605158952064812183e-04
2.603952307254076004e-04
2.602504973765462637e-04
2.600610896479338408e-04
2.598132996354252100e-04
2.596123667899519205e-04
2.593875396996736526e-04
2.592473174445331097e-04
2.590297081042081118e-04
2.588164934422820807e-04
2.587116323411464691e-04
2.585992915555834770e-04
2.583902387414127588e-04
2.583044988568872213e-04
2.581432927399873734e-04
2.579727442935109138e-04
2.577419509179890156e-04
2.574975078459829092e-04
2.574436366558074951e-04
2.572120283730328083e-04
2.570732613094151020e-04
2.568691270425915718e-04
2.565994509495794773e-04
2.565365284681320190e-04
2.561155124567449093e-04
2.560581197030842304e-04
2.559556160122156143e-04
2.559049171395599842e-04
2.558389096520841122e-04
2.557089610490947962e-04
2.556045365054160357e-04
2.555104438215494156e-04
2.553582598920911551e-04
2.552623045630753040e-04
2.550269127823412418e-04
2.550212957430630922e-04
2.548471093177795410e-04
2.547198382671922445e-04
2.545923052821308374e-04
2.544326125644147396e-04
2.542898582760244608e-04
2.541405556257814169e-04
2.540911664254963398e-04
2.539370034355670214e-04
2.537704422138631344e-04
2.536271349526941776e-04
2.534567611292004585e-04
2.532357466407120228e-04
2.531048376113176346e-04
2.528186305426061153e-04
2.524584415368735790e-04
2.521418500691652298e-04
2.517732209526002407e-04
2.514817169867455959e-04
2.512944338377565145e-04
2.510842168703675270e-04
2.509958576411008835e-04
2.508739999029785395e-04
2.507416065782308578e-04
2.507126482669264078e-04
2.505619777366518974e-04
2.504317089915275574e-04
2.502292627468705177e-04
2.500257105566561222e-04
2.499175607226788998e-04
2.497199166100472212e-04
2.495168591849505901e-04
2.493025094736367464e-04
2.492140920367091894e-04
2.489151083864271641e-04
2.487498859409242868e-04
2.485869626980274916e-04
2.485319273546338081e-04
2.484402502886950970e-04
2.483666175976395607e-04
2.481174597050994635e-04
2.480011607985943556e-04
2.479479589965194464e-04
2.478552050888538361e-04
2.477372763678431511e-04
2.477043599355965853e-04
2.475685905665159225e-04
2.474345383234322071e-04
2.472811029292643070e-04
2.470994950272142887e-04
2.469237369950860739e-04
2.467088925186544657e-04
2.464590070303529501e-04
2.463354030624032021e-04
2.462605771142989397e-04
2.461177646182477474e-04
2.459286479279398918e-04
2.457966620568186045e-04
2.456490183249115944e-04
2.455133944749832153e-04
2.454073983244597912e-04
2.452860062476247549e-04
2.452576300129294395e-04
2.452336775604635477e-04
2.452104235999286175e-04
2.452084154356271029e-04
2.450860920362174511e-04
2.450486936140805483e-04
2.449856547173112631e-04
2.448532904963940382e-04
2.448194427415728569e-04
2.446330036036670208e-04
2.444894926156848669e-04
2.443820703774690628e-04
2.442994154989719391e-04
2.442224649712443352e-04
2.441712422296404839e-04
2.440360840409994125e-04
2.439133677398785949e-04
2.437416405882686377e-04
2.436270879115909338e-04
2.435741189401596785e-04
2.434523776173591614e-04
2.433797490084543824e-04
2.433592453598976135e-04
2.432715846225619316e-04
2.431901812087744474e-04
2.429976593703031540e-04
2.429357555229216814e-04
2.427782019367441535e-04
2.426189457764849067e-04
2.425193815724924207e-04
2.423322875984013081e-04
2.422071411274373531e-04
2.420121600152924657e-04
2.418924996163696051e-04
2.417833165964111686e-04
2.416397765045985579e-04
2.414853806840255857e-04
2.413749025436118245e-04
2.412236499367281795e-04
2.411192690487951040e-04
2.410220331512391567e-04
2.408537693554535508e-04
2.407017163932323456e-04
2.406256680842489004e-04
2.404503611614927649e-04
2.404078404651954770e-04
2.402966638328507543e-04
2.400440716883167624e-04
2.399912191322073340e-04
2.397664939053356647e-04
2.396287891315296292e-04
2.393706963630393147e-04
2.391433663433417678e-04
2.390243462286889553e-04
2.388650027569383383e-04
2.387606364209204912e-04
2.386132109677419066e-04
2.385481784585863352e-04
2.384417020948603749e-04
2.383253740845248103e-04
2.381931117270141840e-04
2.380838122917339206e-04
2.380011137574911118e-04
2.377685741521418095e-04
2.376588963670656085e-04
2.375074254814535379e-04
2.374542673351243138e-04
2.372564194956794381e-04
2.371610462432727218e-04
2.370510483160614967e-04
2.369287540204823017e-04
2.366851404076442122e-04
2.364777028560638428e-04
2.362509258091449738e-04
2.360544749535620213e-04
2.359359205001965165e-04
2.357631019549444318e-04
2.356227487325668335e-04
2.355153410462662578e-04
2.354270982323214412e-04
2.352885203436017036e-04
2.352375449845567346e-04
2.350968716200441122e-04
2.349368733121082187e-04
2.348284760955721140e-04
2.346381661482155323e-04
2.343951346119865775e-04
2.342709776712581515e-04
2.340417704544961452e-04
2.337174228159710765e-04
2.334994496777653694e-04
2.332124131498858333e-04
2.330742863705381751e-04
2.328713599126785994e-04
2.326009707758203149e-04
2.325391396880149841e-04
2.323991793673485518e-04
2.323048247490078211e-04
2.321397478226572275e-04
2.321088250027969480e-04
2.320410567335784435e-04
2.319797349628061056e-04
2.319779741810634732e-04
2.318613551324233413e-04
2.317425096407532692e-04
2.315531892236322165e-04
2.313816366950049996e-04
2.310938871232792735e-04
2.309822884853929281e-04
2.308775729034096003e-04
2.307591639691963792e-04
2.306254755239933729e-04
2.304463414475321770e-04
2.303637156728655100e-04
2.300807682331651449e-04
2.299505722476169467e-04
2.298566687386482954e-04
2.297169121447950602e-04
2.294758014613762498e-04
2.291443233843892813e-04
2.288755349582061172e-04
2.285766240675002337e-04
2.283174108015373349e-04
2.281057386426255107e-04
2.279224718222394586e-04
2.277474559377878904e-04
2.277142193634063005e-04
2.275377337355166674e-04
2.275084407301619649e-04
2.274134458275511861e-04
2.273456921102479100e-04
2.273174031870439649e-04
2.272921556141227484e-04
2.272693673148751259e-04
2.271684061270207167e-04
2.270253899041563272e-04
2.268900279887020588e-04
2.268391981488093734e-04
2.267591189593076706e-04
2.266463998239487410e-04
2.265803341288119555e-04
2.264391659991815686e-04
2.263384812977164984e-04
2.261574263684451580e-04
2.261151676066219807e-04
2.259983302792534232e-04
2.259673055959865451e-04
2.259401517221704125e-04
2.258142339996993542e-04
2.256737352581694722e-04
2.256737352581694722e-04
2.256737352581694722e-04
