1.927882957458496094e+01
1.927882766723632812e+01
1.926680946350097656e+01
1.925221633911132812e+01
1.923443412780761719e+01
1.921312713623046875e+01
1.918698501586914062e+01
1.915476226806640625e+01
1.911488151550292969e+01
1.906603813171386719e+01
1.900767517089843750e+01
1.893968009948730469e+01
1.886216354370117188e+01
1.877562713623046875e+01
1.868035316467285156e+01
1.857485961914062500e+01
1.845536041259765625e+01
1.831791877746582031e+01
1.816049575805664062e+01
1.798281288146972656e+01
1.778547477722167969e+01
1.756752967834472656e+01
1.732614517211914062e+01
1.706349563598632812e+01
1.678683471679687500e+01
1.649485969543457031e+01
1.618903160095214844e+01
1.588521289825439453e+01
1.558750057220458984e+01
1.529520416259765625e+01
1.502336120605468750e+01
1.477679920196533203e+01
1.457340717315673828e+01
1.442115592956542969e+01
1.431555843353271484e+01
1.424052047729492188e+01
1.416766357421875000e+01
1.407802295684814453e+01
1.395786190032958984e+01
1.381817245483398438e+01
1.367535305023193359e+01
1.355414867401123047e+01
1.346574497222900391e+01
1.341001033782958984e+01
1.337480258941650391e+01
1.334663105010986328e+01
1.331571292877197266e+01
1.327586936950683594e+01
1.323015785217285156e+01
1.318275260925292969e+01
1.313914203643798828e+01
1.310150337219238281e+01
1.306782436370849609e+01
1.303492259979248047e+01
1.299751663208007812e+01
1.295113372802734375e+01
1.289432334899902344e+01
1.283178901672363281e+01
1.276995563507080078e+01
1.271263599395751953e+01
1.266310691833496094e+01
1.262180900573730469e+01
1.258427715301513672e+01
1.254601478576660156e+01
1.250627231597900391e+01
1.246564674377441406e+01
1.242374897003173828e+01
1.238070201873779297e+01
1.233646583557128906e+01
1.229003143310546875e+01
1.224308586120605469e+01
1.219955635070800781e+01
1.216007232666015625e+01
1.212134933471679688e+01
1.208146858215332031e+01
1.204270458221435547e+01
1.200664329528808594e+01
1.197046566009521484e+01
1.193217468261718750e+01
1.189319705963134766e+01
1.185194015502929688e+01
1.180416202545166016e+01
1.175395393371582031e+01
1.170606994628906250e+01
1.165636444091796875e+01
1.160208702087402344e+01
1.154313278198242188e+01
1.147531986236572266e+01
1.140030002593994141e+01
1.131719303131103516e+01
1.122200965881347656e+01
1.111420249938964844e+01
1.099510574340820312e+01
1.087646293640136719e+01
1.076210689544677734e+01
1.064336299896240234e+01
1.052952671051025391e+01
1.042404365539550781e+01
1.031669521331787109e+01
1.020898628234863281e+01
1.011081218719482422e+01
1.001653671264648438e+01
9.924324989318847656e+00
9.841426849365234375e+00
9.759209632873535156e+00
9.685637474060058594e+00
9.625173568725585938e+00
9.582350730895996094e+00
9.552949905395507812e+00
9.525449752807617188e+00
9.504376411437988281e+00
9.484111785888671875e+00
9.467153549194335938e+00
9.427119255065917969e+00
9.366655349731445312e+00
9.318087577819824219e+00
9.286711692810058594e+00
9.249034881591796875e+00
9.189667701721191406e+00
9.151109695434570312e+00
9.139312744140625000e+00
9.118330955505371094e+00
9.090417861938476562e+00
9.042750358581542969e+00
9.004514694213867188e+00
8.985788345336914062e+00
8.966890335083007812e+00
8.945668220520019531e+00
8.902599334716796875e+00
8.867437362670898438e+00
8.841484069824218750e+00
8.829780578613281250e+00
8.822876930236816406e+00
8.806326866149902344e+00
8.776433944702148438e+00
8.733324050903320312e+00
8.705239295959472656e+00
8.687943458557128906e+00
8.678524971008300781e+00
8.661341667175292969e+00
8.628257751464843750e+00
8.588884353637695312e+00
8.554955482482910156e+00
8.534050941467285156e+00
8.512879371643066406e+00
8.481921195983886719e+00
8.440071105957031250e+00
8.396458625793457031e+00
8.362633705139160156e+00
8.335811614990234375e+00
8.306830406188964844e+00
8.269256591796875000e+00
8.225430488586425781e+00
8.181402206420898438e+00
8.143221855163574219e+00
8.107807159423828125e+00
8.070011138916015625e+00
8.029340744018554688e+00
7.985399723052978516e+00
7.940149784088134766e+00
7.891714572906494141e+00
7.841520309448242188e+00
7.790585994720458984e+00
7.741737365722656250e+00
7.694491386413574219e+00
7.648270130157470703e+00
7.604229450225830078e+00
7.561857700347900391e+00
7.521768569946289062e+00
7.473902702331542969e+00
7.412138462066650391e+00
7.342070579528808594e+00
7.284474849700927734e+00
7.239527702331542969e+00
7.190787315368652344e+00
7.131710052490234375e+00
7.074881076812744141e+00
7.030073642730712891e+00
6.981263637542724609e+00
6.918991565704345703e+00
6.861917972564697266e+00
6.815525054931640625e+00
6.764559745788574219e+00
6.707763671875000000e+00
6.657894134521484375e+00
6.613440513610839844e+00
6.564439296722412109e+00
6.520300388336181641e+00
6.512242794036865234e+00
6.555215835571289062e+00
6.615768909454345703e+00
6.474786758422851562e+00
6.304813861846923828e+00
6.375020027160644531e+00
6.338126659393310547e+00
6.185890674591064453e+00
6.224887371063232422e+00
6.199619770050048828e+00
6.082995891571044922e+00
6.083880901336669922e+00
6.077403545379638672e+00
5.965346336364746094e+00
5.962087631225585938e+00
5.959261894226074219e+00
5.957292079925537109e+00
5.948677062988281250e+00
5.935021877288818359e+00
5.901538372039794922e+00
5.854880332946777344e+00
5.777634620666503906e+00
5.676448822021484375e+00
5.616692543029785156e+00
5.566159725189208984e+00
5.498289585113525391e+00
5.405004024505615234e+00
5.268141269683837891e+00
5.134204387664794922e+00
4.955141067504882812e+00
4.890638828277587891e+00
4.850513458251953125e+00
4.814330101013183594e+00
4.771761894226074219e+00
4.696604728698730469e+00
4.609789371490478516e+00
4.540365695953369141e+00
4.489487648010253906e+00
4.474292755126953125e+00
4.431597232818603516e+00
4.383456230163574219e+00
4.318569183349609375e+00
4.242795944213867188e+00
4.193665981292724609e+00
4.127285003662109375e+00
4.058226108551025391e+00
4.043355941772460938e+00
3.996041536331176758e+00
3.985573291778564453e+00
3.973027706146240234e+00
3.954980850219726562e+00
3.936256170272827148e+00
3.905269622802734375e+00
3.873918771743774414e+00
3.842249631881713867e+00
3.814656257629394531e+00
3.794610023498535156e+00
3.766850709915161133e+00
3.736023902893066406e+00
3.689747333526611328e+00
3.673619508743286133e+00
3.640669822692871094e+00
3.624608039855957031e+00
3.608076810836791992e+00
3.586245059967041016e+00
3.570905208587646484e+00
3.557161808013916016e+00
3.540096759796142578e+00
3.521132707595825195e+00
3.507693290710449219e+00
3.497286796569824219e+00
3.481282949447631836e+00
3.461763620376586914e+00
3.425861358642578125e+00
3.411023139953613281e+00
3.393753290176391602e+00
3.386093139648437500e+00
3.378947019577026367e+00
3.369067192077636719e+00
3.352779150009155273e+00
3.331847190856933594e+00
3.311001777648925781e+00
3.286051511764526367e+00
3.272636651992797852e+00
3.257151603698730469e+00
3.245580196380615234e+00
3.235774040222167969e+00
3.220503568649291992e+00
3.211576461791992188e+00
3.195463657379150391e+00
3.182817459106445312e+00
3.169936180114746094e+00
3.158954143524169922e+00
3.147549152374267578e+00
3.135157346725463867e+00
3.124275684356689453e+00
3.110820055007934570e+00
3.093757867813110352e+00
3.076696395874023438e+00
3.061951160430908203e+00
3.043882846832275391e+00
3.030348062515258789e+00
3.020952939987182617e+00
3.011726140975952148e+00
3.004041910171508789e+00
2.998144865036010742e+00
2.989870309829711914e+00
2.976649045944213867e+00
2.960162162780761719e+00
2.940551042556762695e+00
2.924883365631103516e+00
2.916352987289428711e+00
2.907869815826416016e+00
2.901515245437622070e+00
2.899015903472900391e+00
2.895625114440917969e+00
2.890318870544433594e+00
2.882578611373901367e+00
2.871927499771118164e+00
2.860650300979614258e+00
2.851589202880859375e+00
2.841928482055664062e+00
2.829434633255004883e+00
2.817431688308715820e+00
2.799279928207397461e+00
2.790729522705078125e+00
2.785151481628417969e+00
2.779393672943115234e+00
2.772913932800292969e+00
2.767427682876586914e+00
2.758511066436767578e+00
2.748963832855224609e+00
2.742371320724487305e+00
2.736637115478515625e+00
2.719528436660766602e+00
2.707052469253540039e+00
2.696263074874877930e+00
2.689271688461303711e+00
2.686877965927124023e+00
2.685288429260253906e+00
2.682672023773193359e+00
2.679545402526855469e+00
2.676117181777954102e+00
2.671229600906372070e+00
2.664243936538696289e+00
2.655395507812500000e+00
2.648950815200805664e+00
2.637303829193115234e+00
2.629950046539306641e+00
2.613488197326660156e+00
2.606451272964477539e+00
2.599268198013305664e+00
2.595793962478637695e+00
2.593372106552124023e+00
2.591754198074340820e+00
2.590047597885131836e+00
2.587110757827758789e+00
2.584186553955078125e+00
2.580252170562744141e+00
2.574975490570068359e+00
2.566586971282958984e+00
2.557763338088989258e+00
2.549627304077148438e+00
2.542207956314086914e+00
2.535291433334350586e+00
2.530877590179443359e+00
2.522127151489257812e+00
2.516582489013671875e+00
2.511470556259155273e+00
2.509378433227539062e+00
2.507489681243896484e+00
2.506147384643554688e+00
2.505053520202636719e+00
2.503065586090087891e+00
2.501493692398071289e+00
2.500226736068725586e+00
2.498828411102294922e+00
2.497503519058227539e+00
2.496382236480712891e+00
2.495522022247314453e+00
2.494027137756347656e+00
2.491907358169555664e+00
2.489745616912841797e+00
2.486853837966918945e+00
2.483560800552368164e+00
2.480070829391479492e+00
2.476409912109375000e+00
2.473614454269409180e+00
2.470251321792602539e+00
2.468096256256103516e+00
2.466764688491821289e+00
2.465847015380859375e+00
2.465145111083984375e+00
2.464456319808959961e+00
2.463807344436645508e+00
2.462795734405517578e+00
2.461034059524536133e+00
2.458523750305175781e+00
2.454514265060424805e+00
2.449513912200927734e+00
2.444130182266235352e+00
2.438833236694335938e+00
2.434297800064086914e+00
2.432440519332885742e+00
2.431043148040771484e+00
2.430546045303344727e+00
2.430014610290527344e+00
2.429738044738769531e+00
2.429304122924804688e+00
2.429232597351074219e+00
2.428811311721801758e+00
2.428431034088134766e+00
2.427790164947509766e+00
2.427264213562011719e+00
2.425305128097534180e+00
2.421737432479858398e+00
2.417927742004394531e+00
2.415502548217773438e+00
2.413872241973876953e+00
2.412421703338623047e+00
2.411293983459472656e+00
2.410396099090576172e+00
2.409675121307373047e+00
2.409066200256347656e+00
2.408434867858886719e+00
2.407823324203491211e+00
2.406861782073974609e+00
2.405260801315307617e+00
2.404273033142089844e+00
2.402248620986938477e+00
2.400460720062255859e+00
2.398053884506225586e+00
2.395955324172973633e+00
2.394514799118041992e+00
2.392514228820800781e+00
2.391212940216064453e+00
2.389763832092285156e+00
2.388503551483154297e+00
2.387684106826782227e+00
2.387184858322143555e+00
2.386307716369628906e+00
2.385353326797485352e+00
2.384402036666870117e+00
2.383939504623413086e+00
2.382989406585693359e+00
2.382149696350097656e+00
2.381209373474121094e+00
2.380044937133789062e+00
2.378234148025512695e+00
2.375900030136108398e+00
2.373605251312255859e+00
2.370889425277709961e+00
2.368223667144775391e+00
2.365840435028076172e+00
2.364447116851806641e+00
2.363066673278808594e+00
2.362427711486816406e+00
2.360575675964355469e+00
2.360087871551513672e+00
2.359323024749755859e+00
2.358893632888793945e+00
2.358384370803833008e+00
2.357679128646850586e+00
2.356930494308471680e+00
2.355857610702514648e+00
2.354687690734863281e+00
2.353321790695190430e+00
2.352241516113281250e+00
2.351305246353149414e+00
2.350680828094482422e+00
2.350161552429199219e+00
2.349502563476562500e+00
2.348966360092163086e+00
2.348474264144897461e+00
2.347661256790161133e+00
2.345962762832641602e+00
2.343198537826538086e+00
2.339565753936767578e+00
2.336756467819213867e+00
2.333725214004516602e+00
2.331412076950073242e+00
2.329469442367553711e+00
2.328615665435791016e+00
2.326535463333129883e+00
2.323817253112792969e+00
2.322938203811645508e+00
2.322012662887573242e+00
2.320577859878540039e+00
2.319539546966552734e+00
2.318820953369140625e+00
2.318187236785888672e+00
2.317440748214721680e+00
2.316545009613037109e+00
2.315508842468261719e+00
2.315028429031372070e+00
2.313981533050537109e+00
2.313513517379760742e+00
2.312969207763671875e+00
2.311980485916137695e+00
2.311077356338500977e+00
2.309945821762084961e+00
2.308925151824951172e+00
2.308108329772949219e+00
2.307440042495727539e+00
2.306286096572875977e+00
2.305563449859619141e+00
2.304549694061279297e+00
2.303542852401733398e+00
2.302820205688476562e+00
2.302070379257202148e+00
2.301772832870483398e+00
2.301365852355957031e+00
2.300882816314697266e+00
2.300088167190551758e+00
2.299730062484741211e+00
2.299002170562744141e+00
2.298233509063720703e+00
2.297648668289184570e+00
2.297080755233764648e+00
2.296538114547729492e+00
2.295763731002807617e+00
2.294798374176025391e+00
2.293504238128662109e+00
2.291875362396240234e+00
2.290251255035400391e+00
2.288938522338867188e+00
2.287342309951782227e+00
2.284748554229736328e+00
2.281327247619628906e+00
2.277332544326782227e+00
2.273686647415161133e+00
2.270511388778686523e+00
2.267544746398925781e+00
2.264780044555664062e+00
2.262930154800415039e+00
2.261274099349975586e+00
2.260680198669433594e+00
2.260179996490478516e+00
2.259171724319458008e+00
2.257564067840576172e+00
2.256716251373291016e+00
2.255372285842895508e+00
2.254810810089111328e+00
2.254365444183349609e+00
2.253794193267822266e+00
2.253010988235473633e+00
2.252244234085083008e+00
2.251496315002441406e+00
2.250468969345092773e+00
2.249786615371704102e+00
2.248576402664184570e+00
2.248237609863281250e+00
2.247341871261596680e+00
2.246888160705566406e+00
2.246438026428222656e+00
2.245305776596069336e+00
2.244566440582275391e+00
2.243826866149902344e+00
2.243497371673583984e+00
2.243321418762207031e+00
2.243083238601684570e+00
2.242650270462036133e+00
2.242443323135375977e+00
2.242242813110351562e+00
2.241986989974975586e+00
2.241622447967529297e+00
2.241183519363403320e+00
2.240807056427001953e+00
2.240316867828369141e+00
2.239578485488891602e+00
2.239019632339477539e+00
2.238672494888305664e+00
2.238319873809814453e+00
2.238080978393554688e+00
2.237664222717285156e+00
2.237131357192993164e+00
2.236174106597900391e+00
2.235755205154418945e+00
2.234363079071044922e+00
2.232829570770263672e+00
2.230535745620727539e+00
2.229493141174316406e+00
2.228758573532104492e+00
2.227760076522827148e+00
2.227044343948364258e+00
2.225642919540405273e+00
2.223445177078247070e+00
2.221097707748413086e+00
2.218806982040405273e+00
2.216202974319458008e+00
2.213206768035888672e+00
2.210641145706176758e+00
2.207098484039306641e+00
2.204343795776367188e+00
2.201737642288208008e+00
2.198985338211059570e+00
2.197893381118774414e+00
2.197106838226318359e+00
2.195204734802246094e+00
2.194663763046264648e+00
2.194160223007202148e+00
2.192202091217041016e+00
2.191247940063476562e+00
2.189391851425170898e+00
2.186724424362182617e+00
2.184737205505371094e+00
2.181082487106323242e+00
2.178333282470703125e+00
2.175586938858032227e+00
2.173582077026367188e+00
2.170760631561279297e+00
2.167236328125000000e+00
2.165386676788330078e+00
2.159842014312744141e+00
2.154015302658081055e+00
2.149340152740478516e+00
2.143960475921630859e+00
2.139543294906616211e+00
2.137613534927368164e+00
2.129903554916381836e+00
2.127726793289184570e+00
2.121510982513427734e+00
2.114780664443969727e+00
2.104519367218017578e+00
2.097143173217773438e+00
2.093698978424072266e+00
2.090568065643310547e+00
2.088345050811767578e+00
2.083976030349731445e+00
2.080802440643310547e+00
2.075766086578369141e+00
2.070492267608642578e+00
2.063068389892578125e+00
2.056182861328125000e+00
2.052941083908081055e+00
2.049726963043212891e+00
2.043754339218139648e+00
2.037326097488403320e+00
2.032371044158935547e+00
2.023705482482910156e+00
2.014184951782226562e+00
2.004966735839843750e+00
1.997773528099060059e+00
1.982208371162414551e+00
1.971770644187927246e+00
1.959229707717895508e+00
1.948668003082275391e+00
1.943193197250366211e+00
1.933897852897644043e+00
1.930714011192321777e+00
1.918416976928710938e+00
1.914794325828552246e+00
1.906452655792236328e+00
1.894616246223449707e+00
1.872364521026611328e+00
1.843379974365234375e+00
1.831527471542358398e+00
1.820824503898620605e+00
1.813120484352111816e+00
1.808174252510070801e+00
1.798456311225891113e+00
1.783861994743347168e+00
1.760454654693603516e+00
1.743930220603942871e+00
1.719362616539001465e+00
1.692492246627807617e+00
1.662081956863403320e+00
1.619918942451477051e+00
1.590725660324096680e+00
1.558826208114624023e+00
1.528025388717651367e+00
1.510903000831604004e+00
1.485782980918884277e+00
1.467035770416259766e+00
1.446936249732971191e+00
1.426806330680847168e+00
1.394885659217834473e+00
1.351414680480957031e+00
1.304920792579650879e+00
1.244463562965393066e+00
1.225401878356933594e+00
1.195431947708129883e+00
1.181427359580993652e+00
1.134249210357666016e+00
1.100260019302368164e+00
1.068436861038208008e+00
1.045129418373107910e+00
1.007556796073913574e+00
9.900116920471191406e-01
9.656332731246948242e-01
9.410329461097717285e-01
9.201384782791137695e-01
9.081539511680603027e-01
8.845674991607666016e-01
8.696568608283996582e-01
8.408403396606445312e-01
8.178418874740600586e-01
7.989591956138610840e-01
7.886703610420227051e-01
7.763412594795227051e-01
7.715792059898376465e-01
7.589225769042968750e-01
7.534275650978088379e-01
7.497081160545349121e-01
7.459717988967895508e-01
7.381612062454223633e-01
7.286502122879028320e-01
7.196939587593078613e-01
7.108948826789855957e-01
7.053398489952087402e-01
7.019267678260803223e-01
6.969133615493774414e-01
6.912548542022705078e-01
6.826190948486328125e-01
6.751901507377624512e-01
6.681573987007141113e-01
6.634709239006042480e-01
6.589485406875610352e-01
6.539407372474670410e-01
6.499372720718383789e-01
6.462543010711669922e-01
6.436184644699096680e-01
6.411750316619873047e-01
6.370265483856201172e-01
6.282854080200195312e-01
6.204035878181457520e-01
6.127794981002807617e-01
6.074032187461853027e-01
6.030469536781311035e-01
5.993463993072509766e-01
5.944857597351074219e-01
5.895279645919799805e-01
5.867841839790344238e-01
5.841341018676757812e-01
5.808677673339843750e-01
5.756415724754333496e-01
5.696488618850708008e-01
5.639289021492004395e-01
5.582476258277893066e-01
5.523384213447570801e-01
5.455918908119201660e-01
5.392580628395080566e-01
5.359193086624145508e-01
5.327454805374145508e-01
5.322953462600708008e-01
5.300230383872985840e-01
5.285910964012145996e-01
5.257837176322937012e-01
5.232463479042053223e-01
5.208143591880798340e-01
5.187680721282958984e-01
5.159969329833984375e-01
5.098291635513305664e-01
5.063685774803161621e-01
4.982974529266357422e-01
4.914169311523437500e-01
4.863454699516296387e-01
4.798544645309448242e-01
4.758441746234893799e-01
4.707503914833068848e-01
4.671149849891662598e-01
4.598577022552490234e-01
4.540951550006866455e-01
4.483401775360107422e-01
4.381723403930664062e-01
4.311799407005310059e-01
4.236246943473815918e-01
4.171139299869537354e-01
4.144392311573028564e-01
4.110659658908843994e-01
4.059024453163146973e-01
4.035170376300811768e-01
3.983724713325500488e-01
3.960836827754974365e-01
3.910672962665557861e-01
3.883644938468933105e-01
3.846364617347717285e-01
3.820251524448394775e-01
3.786820471286773682e-01
3.735370039939880371e-01
3.705960810184478760e-01
3.635599613189697266e-01
3.592215478420257568e-01
3.551775515079498291e-01
3.500578105449676514e-01
3.466895222663879395e-01
3.439028859138488770e-01
3.422786891460418701e-01
3.404755294322967529e-01
3.382703661918640137e-01
3.361915946006774902e-01
3.338039815425872803e-01
3.319659829139709473e-01
3.299823701381683350e-01
3.267193734645843506e-01
3.247266709804534912e-01
3.226315379142761230e-01
3.206186890602111816e-01
3.150843977928161621e-01
3.128970861434936523e-01
3.105794191360473633e-01
3.094262778759002686e-01
3.084945380687713623e-01
3.068261742591857910e-01
3.055940270423889160e-01
3.049789667129516602e-01
3.031945228576660156e-01
3.010928332805633545e-01
2.998142242431640625e-01
2.989681065082550049e-01
2.981665134429931641e-01
2.973877489566802979e-01
2.969790697097778320e-01
2.965619564056396484e-01
2.956596612930297852e-01
2.942993640899658203e-01
2.922409176826477051e-01
2.894809246063232422e-01
2.869015336036682129e-01
2.849843204021453857e-01
2.830586433410644531e-01
2.818109691143035889e-01
2.807599902153015137e-01
2.802002727985382080e-01
2.797465026378631592e-01
2.787564396858215332e-01
2.776101529598236084e-01
2.759803235530853271e-01
2.740848362445831299e-01
2.712303102016448975e-01
2.658261656761169434e-01
2.574734389781951904e-01
2.512839138507843018e-01
2.489598989486694336e-01
2.460606992244720459e-01
2.453866750001907349e-01
2.438601255416870117e-01
2.428145408630371094e-01
2.415931075811386108e-01
2.405929565429687500e-01
2.398017048835754395e-01
2.392375767230987549e-01
2.378568798303604126e-01
2.370716929435729980e-01
2.361373305320739746e-01
2.350832521915435791e-01
2.337638437747955322e-01
2.320989519357681274e-01
2.306941598653793335e-01
2.290432453155517578e-01
2.279787510633468628e-01
2.264055758714675903e-01
2.242458313703536987e-01
2.223877757787704468e-01
2.212109118700027466e-01
2.203446328639984131e-01
2.196529805660247803e-01
2.191572040319442749e-01
2.190313935279846191e-01
2.183695286512374878e-01
2.180132567882537842e-01
2.174067795276641846e-01
2.170027196407318115e-01
2.165662944316864014e-01
2.163929492235183716e-01
2.157916128635406494e-01
2.154550850391387939e-01
2.148549854755401611e-01
2.144392281770706177e-01
2.137987315654754639e-01
2.132565528154373169e-01
2.128774076700210571e-01
2.122983336448669434e-01
2.113277018070220947e-01
2.103389203548431396e-01
2.089471817016601562e-01
2.073971331119537354e-01
2.062854468822479248e-01
2.053326219320297241e-01
2.040152698755264282e-01
2.026920467615127563e-01
2.004515826702117920e-01
1.983004212379455566e-01
1.957300305366516113e-01
1.942715495824813843e-01
1.916563063859939575e-01
1.903168112039566040e-01
1.890231519937515259e-01
1.876527070999145508e-01
1.862458884716033936e-01
1.850691735744476318e-01
1.843631863594055176e-01
1.836907714605331421e-01
1.827804446220397949e-01
1.821034550666809082e-01
1.812785416841506958e-01
1.805128306150436401e-01
1.800067722797393799e-01
1.794587820768356323e-01
1.789203584194183350e-01
1.782444566488265991e-01
1.776266247034072876e-01
1.766534596681594849e-01
1.759552955627441406e-01
1.753528714179992676e-01
1.744093745946884155e-01
1.729438602924346924e-01
1.715373098850250244e-01
1.704764664173126221e-01
1.694524437189102173e-01
1.686080247163772583e-01
1.679671555757522583e-01
1.673228591680526733e-01
1.665830016136169434e-01
1.660292744636535645e-01
1.652795970439910889e-01
1.642629802227020264e-01
1.620854586362838745e-01
1.603787988424301147e-01
1.585154831409454346e-01
1.567488163709640503e-01
1.557962447404861450e-01
1.552620828151702881e-01
1.549009233713150024e-01
1.546804755926132202e-01
1.541597545146942139e-01
1.539683341979980469e-01
1.538341194391250610e-01
1.537143290042877197e-01
1.535164564847946167e-01
1.531884521245956421e-01
1.527334153652191162e-01
1.522336006164550781e-01
1.517787575721740723e-01
1.511495709419250488e-01
1.502738893032073975e-01
1.495233178138732910e-01
1.475727707147598267e-01
1.470043659210205078e-01
1.454544216394424438e-01
1.448533982038497925e-01
1.440332829952239990e-01
1.431442052125930786e-01
1.427440792322158813e-01
1.422206461429595947e-01
1.418039947748184204e-01
1.411247551441192627e-01
1.404334157705307007e-01
1.397155672311782837e-01
1.389141976833343506e-01
1.381414532661437988e-01
1.374211013317108154e-01
1.364744305610656738e-01
1.355814039707183838e-01
1.346915513277053833e-01
1.336548179388046265e-01
1.331951618194580078e-01
1.319947987794876099e-01
1.314933896064758301e-01
1.309564113616943359e-01
1.303995549678802490e-01
1.296801269054412842e-01
1.290464848279953003e-01
1.287269443273544312e-01
1.281572580337524414e-01
1.276424080133438110e-01
1.269939541816711426e-01
1.262961924076080322e-01
1.258284151554107666e-01
1.255201697349548340e-01
1.252568215131759644e-01
1.250476092100143433e-01
1.248574554920196533e-01
1.246238201856613159e-01
1.243867874145507812e-01
1.241980791091918945e-01
1.241018325090408325e-01
1.240295395255088806e-01
1.239748299121856689e-01
1.238695010542869568e-01
1.237303465604782104e-01
1.235613822937011719e-01
1.232717409729957581e-01
1.230168640613555908e-01
1.228703185915946960e-01
1.227130219340324402e-01
1.225850731134414673e-01
1.223095357418060303e-01
1.220057755708694458e-01
1.216644793748855591e-01
1.213530153036117554e-01
1.208171993494033813e-01
1.202389597892761230e-01
1.199753358960151672e-01
1.194043904542922974e-01
1.191142722964286804e-01
1.187406331300735474e-01
1.182538941502571106e-01
1.180829852819442749e-01
1.172473654150962830e-01
1.168695017695426941e-01
1.164758950471878052e-01
1.160871684551239014e-01
1.157439798116683960e-01
1.154545992612838745e-01
1.152394860982894897e-01
1.150789409875869751e-01
1.148438602685928345e-01
1.143947467207908630e-01
1.138915494084358215e-01
1.134132891893386841e-01
1.130650490522384644e-01
1.129242032766342163e-01
1.127390339970588684e-01
1.126770824193954468e-01
1.125206798315048218e-01
1.123627945780754089e-01
1.121477186679840088e-01
1.118175089359283447e-01
1.113668382167816162e-01
1.111835539340972900e-01
1.109873950481414795e-01
1.107596904039382935e-01
1.106335967779159546e-01
1.105050519108772278e-01
1.103883236646652222e-01
1.102816835045814514e-01
1.101458966732025146e-01
1.100186258554458618e-01
1.098994538187980652e-01
1.096245497465133667e-01
1.092591062188148499e-01
1.086637973785400391e-01
1.078742668032646179e-01
1.070600375533103943e-01
1.066107302904129028e-01
1.060490831732749939e-01
1.056652143597602844e-01
1.054491475224494934e-01
1.048794090747833252e-01
1.044878363609313965e-01
1.034946292638778687e-01
1.031588837504386902e-01
1.025739908218383789e-01
1.020695269107818604e-01
1.016764566302299500e-01
1.013278961181640625e-01
1.010326743125915527e-01
1.007147878408432007e-01
1.003680303692817688e-01
9.992171823978424072e-02
9.933385998010635376e-02
9.860986471176147461e-02
9.763329476118087769e-02
9.703055024147033691e-02
9.674657136201858521e-02
9.650158137083053589e-02
9.608949720859527588e-02
9.564182162284851074e-02
9.478344768285751343e-02
9.461470693349838257e-02
9.409706294536590576e-02
9.389518201351165771e-02
9.362222999334335327e-02
9.316096454858779907e-02
9.287636727094650269e-02
9.258924424648284912e-02
9.245248138904571533e-02
9.201804548501968384e-02
9.158492088317871094e-02
9.114699810743331909e-02
9.078363329172134399e-02
9.031350910663604736e-02
8.981295675039291382e-02
8.951025456190109253e-02
8.899251371622085571e-02
8.865474909543991089e-02
8.831719309091567993e-02
8.809844404458999634e-02
8.784972131252288818e-02
8.744300901889801025e-02
8.709057420492172241e-02
8.672977983951568604e-02
8.642163872718811035e-02
8.609613776206970215e-02
8.554302155971527100e-02
8.490349352359771729e-02
8.458833396434783936e-02
8.418390154838562012e-02
8.390760421752929688e-02
8.369371294975280762e-02
8.359389752149581909e-02
8.332742750644683838e-02
8.313067257404327393e-02
8.291239291429519653e-02
8.263455331325531006e-02
8.229993283748626709e-02
8.208319544792175293e-02
8.185160160064697266e-02
8.160348981618881226e-02
8.149962127208709717e-02
8.133491873741149902e-02
8.131378144025802612e-02
8.120749890804290771e-02
8.113931119441986084e-02
8.099297434091567993e-02
8.085571229457855225e-02
8.069145679473876953e-02
8.056412637233734131e-02
8.042873442173004150e-02
8.021213114261627197e-02
8.007171005010604858e-02
7.968699932098388672e-02
7.938637584447860718e-02
7.916788011789321899e-02
7.904481887817382812e-02
7.892849296331405640e-02
7.882161438465118408e-02
7.864891737699508667e-02
7.852953672409057617e-02
7.834614813327789307e-02
7.817041873931884766e-02
7.804476469755172729e-02
7.785472273826599121e-02
7.760804891586303711e-02
7.739907503128051758e-02
7.724247872829437256e-02
7.712616026401519775e-02
7.700271904468536377e-02
7.691141963005065918e-02
7.680010795593261719e-02
7.671165466308593750e-02
7.666577398777008057e-02
7.657758146524429321e-02
7.649525254964828491e-02
7.640030980110168457e-02
7.630308717489242554e-02
7.615956664085388184e-02
7.599535584449768066e-02
7.576429843902587891e-02
7.555916160345077515e-02
7.540041208267211914e-02
7.514514029026031494e-02
7.494789361953735352e-02
7.462947070598602295e-02
7.445968687534332275e-02
7.423645257949829102e-02
7.403225451707839966e-02
7.379516959190368652e-02
7.349923998117446899e-02
7.326932996511459351e-02
7.304555177688598633e-02
7.284356653690338135e-02
7.265008985996246338e-02
7.250172644853591919e-02
7.239385694265365601e-02
7.231142371892929077e-02
7.221493124961853027e-02
7.209923863410949707e-02
7.195390015840530396e-02
7.180539518594741821e-02
7.163187116384506226e-02
7.144730538129806519e-02
7.123320549726486206e-02
7.107648253440856934e-02
7.098238170146942139e-02
7.089512795209884644e-02
7.078494876623153687e-02
7.067283242940902710e-02
7.052122056484222412e-02
7.041739672422409058e-02
7.029112428426742554e-02
7.016445696353912354e-02
6.996715068817138672e-02
6.980563700199127197e-02
6.969665735960006714e-02
6.960274279117584229e-02
6.946230679750442505e-02
6.935303658246994019e-02
6.916768848896026611e-02
6.903935968875885010e-02
6.889840960502624512e-02
6.878758966922760010e-02
6.872623413801193237e-02
6.866016983985900879e-02
6.859456002712249756e-02
6.851214170455932617e-02
6.841624528169631958e-02
6.821368634700775146e-02
6.784999370574951172e-02
6.736379116773605347e-02
6.718369573354721069e-02
6.675769388675689697e-02
6.642346084117889404e-02
6.609621644020080566e-02
6.583541631698608398e-02
6.564883887767791748e-02
6.536339968442916870e-02
6.498106569051742554e-02
6.470286846160888672e-02
6.429416686296463013e-02
6.386496871709823608e-02
6.366391479969024658e-02
6.316791474819183350e-02
6.288972496986389160e-02
6.238381564617156982e-02
6.212488934397697449e-02
6.194386258721351624e-02
6.169285997748374939e-02
6.147819757461547852e-02
6.137014180421829224e-02
6.121229752898216248e-02
6.113791093230247498e-02
6.104397028684616089e-02
6.091986596584320068e-02
6.077198311686515808e-02
6.058153510093688965e-02
6.042214483022689819e-02
6.028474494814872742e-02
6.010056287050247192e-02
5.991791188716888428e-02
5.966357514262199402e-02
5.953692272305488586e-02
5.914124846458435059e-02
5.897855758666992188e-02
5.882624164223670959e-02
5.873116478323936462e-02
5.865338817238807678e-02
5.858787894248962402e-02
5.853562802076339722e-02
5.849844962358474731e-02
5.843538790941238403e-02
5.838055908679962158e-02
5.831407755613327026e-02
5.822227150201797485e-02
5.802915617823600769e-02
5.789548903703689575e-02
5.774859711527824402e-02
5.728048831224441528e-02
5.717038363218307495e-02
5.675398185849189758e-02
5.630163103342056274e-02
5.596678331494331360e-02
5.570664629340171814e-02
5.548435449600219727e-02
5.524467676877975464e-02
5.500006303191184998e-02
5.478436872363090515e-02
5.455616116523742676e-02
5.427525192499160767e-02
5.406864732503890991e-02
5.391628295183181763e-02
5.378080904483795166e-02
5.365932732820510864e-02
5.357964709401130676e-02
5.351004749536514282e-02
5.339871346950531006e-02
5.333621799945831299e-02
5.324637144804000854e-02
5.314759910106658936e-02
5.306243151426315308e-02
5.300178006291389465e-02
5.293368548154830933e-02
5.287997052073478699e-02
5.278299376368522644e-02
5.269467830657958984e-02
5.260238423943519592e-02
5.254293233156204224e-02
5.248019471764564514e-02
5.242426320910453796e-02
5.239015072584152222e-02
5.236492305994033813e-02
5.233205854892730713e-02
5.230275169014930725e-02
5.225037038326263428e-02
5.214312672615051270e-02
5.203717574477195740e-02
5.194323137402534485e-02
5.184612423181533813e-02
5.172691494226455688e-02
5.164192616939544678e-02
5.144547671079635620e-02
5.118521675467491150e-02
5.092740058898925781e-02
5.066849291324615479e-02
5.048711970448493958e-02
5.035285651683807373e-02
5.027784779667854309e-02
5.004015192389488220e-02
4.987608641386032104e-02
4.961635172367095947e-02
4.916619881987571716e-02
4.896762594580650330e-02
4.866705834865570068e-02
4.854604974389076233e-02
4.843730106949806213e-02
4.829549044370651245e-02
4.814898595213890076e-02
4.802228510379791260e-02
4.788427427411079407e-02
4.780533164739608765e-02
4.768073186278343201e-02
4.765040427446365356e-02
4.762271046638488770e-02
4.759442433714866638e-02
4.756423830986022949e-02
4.751238599419593811e-02
4.746045917272567749e-02
4.739803820848464966e-02
4.734398052096366882e-02
4.728769883513450623e-02
4.724752530455589294e-02
4.721601679921150208e-02
4.718463495373725891e-02
4.713996127247810364e-02
4.711638763546943665e-02
4.709263890981674194e-02
4.705184325575828552e-02
4.701515659689903259e-02
4.699264094233512878e-02
4.689295589923858643e-02
4.684260487556457520e-02
4.676049575209617615e-02
4.665164649486541748e-02
4.658534377813339233e-02
4.650922119617462158e-02
4.647625237703323364e-02
4.641041532158851624e-02
4.626017808914184570e-02
4.612778127193450928e-02
4.597639292478561401e-02
4.585216194391250610e-02
4.575850814580917358e-02
4.559892416000366211e-02
4.545080661773681641e-02
4.533316940069198608e-02
4.525565728545188904e-02
4.518414288759231567e-02
4.513029381632804871e-02
4.504789039492607117e-02
4.499091207981109619e-02
4.494038224220275879e-02
4.490761458873748779e-02
4.485896974802017212e-02
4.482601583003997803e-02
4.478754103183746338e-02
4.476689547300338745e-02
4.473482817411422729e-02
4.469236731529235840e-02
4.464438557624816895e-02
4.459059238433837891e-02
4.455174878239631653e-02
4.451361671090126038e-02
4.448609799146652222e-02
4.442357271909713745e-02
4.434514418244361877e-02
4.426514729857444763e-02
4.419450089335441589e-02
4.413013160228729248e-02
4.408615827560424805e-02
4.402856528759002686e-02
4.396374523639678955e-02
4.394323751330375671e-02
4.386715590953826904e-02
4.380480572581291199e-02
4.374089092016220093e-02
4.367514699697494507e-02
4.359625279903411865e-02
4.354134947061538696e-02
4.341807588934898376e-02
4.334048926830291748e-02
4.323401302099227905e-02
4.310696944594383240e-02
4.289860278367996216e-02
4.261090233922004700e-02
4.244858771562576294e-02
4.223460704088211060e-02
4.211974889039993286e-02
4.202717542648315430e-02
4.185859858989715576e-02
4.175880923867225647e-02
4.161743074655532837e-02
4.155153408646583557e-02
4.147974401712417603e-02
4.138967022299766541e-02
4.126351699233055115e-02
4.118984192609786987e-02
4.110984131693840027e-02
4.101025313138961792e-02
4.087159782648086548e-02
4.074251279234886169e-02
4.065740108489990234e-02
4.060135409235954285e-02
4.053711518645286560e-02
4.047007858753204346e-02
4.037645459175109863e-02
4.025021567940711975e-02
4.009218513965606689e-02
4.000488668680191040e-02
3.985274955630302429e-02
3.976386785507202148e-02
3.969788551330566406e-02
3.959538787603378296e-02
3.941462934017181396e-02
3.919081017374992371e-02
3.908171877264976501e-02
3.900466486811637878e-02
3.895128145813941956e-02
3.889730200171470642e-02
3.883353620767593384e-02
3.877000138163566589e-02
3.872489929199218750e-02
3.868678584694862366e-02
3.863917291164398193e-02
3.857372328639030457e-02
3.850869089365005493e-02
3.846254199743270874e-02
3.841611370444297791e-02
3.835450112819671631e-02
3.830628469586372375e-02
3.829399123787879944e-02
3.825621306896209717e-02
3.823767602443695068e-02
3.820654749870300293e-02
3.817663341760635376e-02
3.812397271394729614e-02
3.806374967098236084e-02
3.800195828080177307e-02
3.796450048685073853e-02
3.792845085263252258e-02
3.788657113909721375e-02
3.786174952983856201e-02
3.781863674521446228e-02
3.777351230382919312e-02
3.773182630538940430e-02
3.768321871757507324e-02
3.766278177499771118e-02
3.762179985642433167e-02
3.757857903838157654e-02
3.755328804254531860e-02
3.751255199313163757e-02
3.747807815670967102e-02
3.745421022176742554e-02
3.743150457739830017e-02
3.740751370787620544e-02
3.737792745232582092e-02
3.733977302908897400e-02
3.729220852255821228e-02
3.723724931478500366e-02
3.720917180180549622e-02
3.716120496392250061e-02
3.713257983326911926e-02
3.710786998271942139e-02
3.708036988973617554e-02
3.705662116408348083e-02
3.700589761137962341e-02
3.697783499956130981e-02
3.692089021205902100e-02
3.687007725238800049e-02
3.680614382028579712e-02
3.674573078751564026e-02
3.666427358984947205e-02
3.661192208528518677e-02
3.656157106161117554e-02
3.651158139109611511e-02
3.648345172405242920e-02
3.642854467034339905e-02
3.636022657155990601e-02
3.628243133425712585e-02
3.619596734642982483e-02
3.609351813793182373e-02
3.600306808948516846e-02
3.592460602521896362e-02
3.587011247873306274e-02
3.580294176936149597e-02
3.572658449411392212e-02
3.563887253403663635e-02
3.553883358836174011e-02
3.540877252817153931e-02
3.524899855256080627e-02
3.511818870902061462e-02
3.502479568123817444e-02
3.492091596126556396e-02
3.481082990765571594e-02
3.469598665833473206e-02
3.451696410775184631e-02
3.433481231331825256e-02
3.422086313366889954e-02
3.413728624582290649e-02
3.405392915010452271e-02
3.400283306837081909e-02
3.395603969693183899e-02
3.387494385242462158e-02
3.379423543810844421e-02
3.369842097163200378e-02
3.361393511295318604e-02
3.351352736353874207e-02
3.344449400901794434e-02
3.339502960443496704e-02
3.334977850317955017e-02
3.330576792359352112e-02
3.322130441665649414e-02
3.310823813080787659e-02
3.299717605113983154e-02
3.292822837829589844e-02
3.290964663028717041e-02
3.284122422337532043e-02
3.280255943536758423e-02
3.274373710155487061e-02
3.267244249582290649e-02
3.259236738085746765e-02
3.252017870545387268e-02
3.244720399379730225e-02
3.237058967351913452e-02
3.231140971183776855e-02
3.226681798696517944e-02
3.224776685237884521e-02
3.222510963678359985e-02
3.215456008911132812e-02
3.207644075155258179e-02
3.198705613613128662e-02
3.192846104502677917e-02
3.183829411864280701e-02
3.179248049855232239e-02
3.175780922174453735e-02
3.173545002937316895e-02
3.171348571777343750e-02
3.168683499097824097e-02
3.164700418710708618e-02
3.160966560244560242e-02
3.156872466206550598e-02
3.152779117226600647e-02
3.148697689175605774e-02
3.144332394003868103e-02
3.138003125786781311e-02
3.133222833275794983e-02
3.128887712955474854e-02
3.125477582216262817e-02
3.123666532337665558e-02
3.120581060647964478e-02
3.117321804165840149e-02
3.113664314150810242e-02
3.110093250870704651e-02
3.107234276831150055e-02
3.104228526353836060e-02
3.099587932229042053e-02
3.094798326492309570e-02
3.088772855699062347e-02
3.080622479319572449e-02
3.070867061614990234e-02
3.059836663305759430e-02
3.052220121026039124e-02
3.045399859547615051e-02
3.037788160145282745e-02
3.030552342534065247e-02
3.022488392889499664e-02
3.016389906406402588e-02
3.009039908647537231e-02
2.997781150043010712e-02
2.980444207787513733e-02
2.965561673045158386e-02
2.951923198997974396e-02
2.940218709409236908e-02
2.929197251796722412e-02
2.920729666948318481e-02
2.913187257945537567e-02
2.909582108259201050e-02
2.906605787575244904e-02
2.904077805578708649e-02
2.898741327226161957e-02
2.883788198232650757e-02
2.874441631138324738e-02
2.865834347903728485e-02
2.855466306209564209e-02
2.850098907947540283e-02
2.841614373028278351e-02
2.833139523863792419e-02
2.827434986829757690e-02
2.823934145271778107e-02
2.818833664059638977e-02
2.814102172851562500e-02
2.806313149631023407e-02
2.801794745028018951e-02
2.797327563166618347e-02
2.793885767459869385e-02
2.791537344455718994e-02
2.787942811846733093e-02
2.784382924437522888e-02
2.779184840619564056e-02
2.774081006646156311e-02
2.769555896520614624e-02
2.764962427318096161e-02
2.759614028036594391e-02
2.753555774688720703e-02
2.747022919356822968e-02
2.741447649896144867e-02
2.736305259168148041e-02
2.731035836040973663e-02
2.723534591495990753e-02
2.712143585085868835e-02
2.700711973011493683e-02
2.691997215151786804e-02
2.686092443764209747e-02
2.682581543922424316e-02
2.678241021931171417e-02
2.669893950223922729e-02
2.658712491393089294e-02
2.650134079158306122e-02
2.642738074064254761e-02
2.637547813355922699e-02
2.634321898221969604e-02
2.631411701440811157e-02
2.630496211349964142e-02
2.629020065069198608e-02
2.628070488572120667e-02
2.625348232686519623e-02
2.622154727578163147e-02
2.617142163217067719e-02
2.611720561981201172e-02
2.606878057122230530e-02
2.604482881724834442e-02
2.601244114339351654e-02
2.597253583371639252e-02
2.593070454895496368e-02
2.588826417922973633e-02
2.584563195705413818e-02
2.579978853464126587e-02
2.575059607625007629e-02
2.566908858716487885e-02
2.562653645873069763e-02
2.557063288986682892e-02
2.553279884159564972e-02
2.548468112945556641e-02
2.544125542044639587e-02
2.537974528968334198e-02
2.532043308019638062e-02
2.526824548840522766e-02
2.524283714592456818e-02
2.522021718323230743e-02
2.519077807664871216e-02
2.514678426086902618e-02
2.508919686079025269e-02
2.503476664423942566e-02
2.496911585330963135e-02
2.489478141069412231e-02
2.480377815663814545e-02
2.466978132724761963e-02
2.450970560312271118e-02
2.439878880977630615e-02
2.426182478666305542e-02
2.417609095573425293e-02
2.412608265876770020e-02
2.401320822536945343e-02
2.394074760377407074e-02
2.387957461178302765e-02
2.383045479655265808e-02
2.379209548234939575e-02
2.374987490475177765e-02
2.369096130132675171e-02
2.363714389503002167e-02
2.357667312026023865e-02
2.354571223258972168e-02
2.349777333438396454e-02
2.345641516149044037e-02
2.342016063630580902e-02
2.337886951863765717e-02
2.333346940577030182e-02
2.327144145965576172e-02
2.319288253784179688e-02
2.312037907540798187e-02
2.305796369910240173e-02
2.300574816763401031e-02
2.293827570974826813e-02
2.285244688391685486e-02
2.277143672108650208e-02
2.271765656769275665e-02
2.266589552164077759e-02
2.261240221560001373e-02
2.255730703473091125e-02
2.250029332935810089e-02
2.245980873703956604e-02
2.241688221693038940e-02
2.238279581069946289e-02
2.235245704650878906e-02
2.233703061938285828e-02
2.231079339981079102e-02
2.226438373327255249e-02
2.223723381757736206e-02
2.221321873366832733e-02
2.218045294284820557e-02
2.216782048344612122e-02
2.215239033102989197e-02
2.212790586054325104e-02
2.209113165736198425e-02
2.204777859151363373e-02
2.199197560548782349e-02
2.194076962769031525e-02
2.189113944768905640e-02
2.183891460299491882e-02
2.178149111568927765e-02
2.175624296069145203e-02
2.169319428503513336e-02
2.161209844052791595e-02
2.148967795073986053e-02
2.137219719588756561e-02
2.130515687167644501e-02
2.128250710666179657e-02
2.126371487975120544e-02
2.122529968619346619e-02
2.118951454758644104e-02
2.115675061941146851e-02
2.110819146037101746e-02
2.105513960123062134e-02
2.100162580609321594e-02
2.094909176230430603e-02
2.091332338750362396e-02
2.087955549359321594e-02
2.084938436746597290e-02
2.082374319434165955e-02
2.080342546105384827e-02
2.076319418847560883e-02
2.073203027248382568e-02
2.070456929504871368e-02
2.067323215305805206e-02
2.062030509114265442e-02
2.056704834103584290e-02
2.052563242614269257e-02
2.048450894653797150e-02
2.044016309082508087e-02
2.038176730275154114e-02
2.035309374332427979e-02
2.031858637928962708e-02
2.028149180114269257e-02
2.024718187749385834e-02
2.021965384483337402e-02
2.019669301807880402e-02
2.014705538749694824e-02
2.011281810700893402e-02
2.007334306836128235e-02
2.002645283937454224e-02
1.999623514711856842e-02
1.995129697024822235e-02
1.992275752127170563e-02
1.989770121872425079e-02
1.987845450639724731e-02
1.984838210046291351e-02
1.983271725475788116e-02
1.980733871459960938e-02
1.979039981961250305e-02
1.976976543664932251e-02
1.975199766457080841e-02
1.973851770162582397e-02
1.972400583326816559e-02
1.971134543418884277e-02
1.969545148313045502e-02
1.969034038484096527e-02
1.968383044004440308e-02
1.967706345021724701e-02
1.967262104153633118e-02
1.966944523155689240e-02
1.966341957449913025e-02
1.965928636491298676e-02
1.965465024113655090e-02
1.964810490608215332e-02
1.963534206151962280e-02
1.961916685104370117e-02
1.960476115345954895e-02
1.958998292684555054e-02
1.957840099930763245e-02
1.956443116068840027e-02
1.954615488648414612e-02
1.952749677002429962e-02
1.951317675411701202e-02
1.949217543005943298e-02
1.947959139943122864e-02
1.947396434843540192e-02
1.946725882589817047e-02
1.945729181170463562e-02
1.944557204842567444e-02
1.943708583712577820e-02
1.943191885948181152e-02
1.942867785692214966e-02
1.942284405231475830e-02
1.941745355725288391e-02
1.940972544252872467e-02
1.940074190497398376e-02
1.939175836741924286e-02
1.937391236424446106e-02
1.936587132513523102e-02
1.935892738401889801e-02
1.934145018458366394e-02
1.933255791664123535e-02
1.931484043598175049e-02
1.930862851440906525e-02
1.929823309183120728e-02
1.929371431469917297e-02
1.928892359137535095e-02
1.928209327161312103e-02
1.927456073462963104e-02
1.926177181303501129e-02
1.924850605428218842e-02
1.923878490924835205e-02
1.923061534762382507e-02
1.922084949910640717e-02
1.921193674206733704e-02
1.920249126851558685e-02
1.919598691165447235e-02
1.919094659388065338e-02
1.918494142591953278e-02
1.917963661253452301e-02
1.917293481528759003e-02
1.916172914206981659e-02
1.914838328957557678e-02
1.913687027990818024e-02
1.912442781031131744e-02
1.911123655736446381e-02
1.909710280597209930e-02
1.907874643802642822e-02
1.906708255410194397e-02
1.905932091176509857e-02
1.905080489814281464e-02
1.904090493917465210e-02
1.903191208839416504e-02
1.902446895837783813e-02
1.901684701442718506e-02
1.900513842701911926e-02
1.899413950741291046e-02
1.897925511002540588e-02
1.895981095731258392e-02
1.894108951091766357e-02
1.891269348561763763e-02
1.889892667531967163e-02
1.888655126094818115e-02
1.887260936200618744e-02
1.886175014078617096e-02
1.885014586150646210e-02
1.883964426815509796e-02
1.883315853774547577e-02
1.881914399564266205e-02
1.880541257560253143e-02
1.879376545548439026e-02
1.878220215439796448e-02
1.876945979893207550e-02
1.876058615744113922e-02
1.875344663858413696e-02
1.874169893562793732e-02
1.872885599732398987e-02
1.871863938868045807e-02
1.870835945010185242e-02
1.870167814195156097e-02
1.869093999266624451e-02
1.868021488189697266e-02
1.867461577057838440e-02
1.867062039673328400e-02
1.866545714437961578e-02
1.865055970847606659e-02
1.864476688206195831e-02
1.863546855747699738e-02
1.862681284546852112e-02
1.861843280494213104e-02
1.860825344920158386e-02
1.859309710562229156e-02
1.858223602175712585e-02
1.856758072972297668e-02
1.855306141078472137e-02
1.853822171688079834e-02
1.852254010736942291e-02
1.850364170968532562e-02
1.848571002483367920e-02
1.846187561750411987e-02
1.843735761940479279e-02
1.841769181191921234e-02
1.840390637516975403e-02
1.839665509760379791e-02
1.838503405451774597e-02
1.836523599922657013e-02
1.833754777908325195e-02
1.832234114408493042e-02
1.830822788178920746e-02
1.829679682850837708e-02
1.827930472791194916e-02
1.825234107673168182e-02
1.823638938367366791e-02
1.821790263056755066e-02
1.820021495223045349e-02
1.818944700062274933e-02
1.818013004958629608e-02
1.816432364284992218e-02
1.814880594611167908e-02
1.813870482146739960e-02
1.813338510692119598e-02
1.812369562685489655e-02
1.811211742460727692e-02
1.809575408697128296e-02
1.808943785727024078e-02
1.808001101016998291e-02
1.806996949017047882e-02
1.806213147938251495e-02
1.805024407804012299e-02
1.803468540310859680e-02
1.802070625126361847e-02
1.801052875816822052e-02
1.800258457660675049e-02
1.799979992210865021e-02
1.798612996935844421e-02
1.797842048108577728e-02
1.796366833150386810e-02
1.795010082423686981e-02
1.793920435011386871e-02
1.792867854237556458e-02
1.792026869952678680e-02
1.790229231119155884e-02
1.788099855184555054e-02
1.786594092845916748e-02
1.785012520849704742e-02
1.784305274486541748e-02
1.783435791730880737e-02
1.782083697617053986e-02
1.780697517096996307e-02
1.779795438051223755e-02
1.777714490890502930e-02
1.775918155908584595e-02
1.774518750607967377e-02
1.773111708462238312e-02
1.771855540573596954e-02
1.770035363733768463e-02
1.768537797033786774e-02
1.767580211162567139e-02
1.766317524015903473e-02
1.764993183314800262e-02
1.763413660228252411e-02
1.762285642325878143e-02
1.761532202363014221e-02
1.761031150817871094e-02
1.760291866958141327e-02
1.759327575564384460e-02
1.758173108100891113e-02
1.756748370826244354e-02
1.755199395120143890e-02
1.754437759518623352e-02
1.753370091319084167e-02
1.752583496272563934e-02
1.750793866813182831e-02
1.750039309263229370e-02
1.749265193939208984e-02
1.748881489038467407e-02
1.748643070459365845e-02
1.748095080256462097e-02
1.747688651084899902e-02
1.747014746069908142e-02
1.745887473225593567e-02
1.744814775884151459e-02
1.743283309042453766e-02
1.742286980152130127e-02
1.741051487624645233e-02
1.739996112883090973e-02
1.738864369690418243e-02
1.738064177334308624e-02
1.736035570502281189e-02
1.734553277492523193e-02
1.733398251235485077e-02
1.732437498867511749e-02
1.730634830892086029e-02
1.729225367307662964e-02
1.728069223463535309e-02
1.727025583386421204e-02
1.726015470921993256e-02
1.725208014249801636e-02
1.723902672529220581e-02
1.722582802176475525e-02
1.721506938338279724e-02
1.720338314771652222e-02
1.718915812671184540e-02
1.715453900396823883e-02
1.712167449295520782e-02
1.705933921039104462e-02
1.702555827796459198e-02
1.699513196945190430e-02
1.695896498858928680e-02
1.690688915550708771e-02
1.683898083865642548e-02
1.678341999650001526e-02
1.677184365689754486e-02
1.675013452768325806e-02
1.673652231693267822e-02
1.670536212623119354e-02
1.668091863393783569e-02
1.663308404386043549e-02
1.656716130673885345e-02
1.655198633670806885e-02
1.652516424655914307e-02
1.649777218699455261e-02
1.647385582327842712e-02
1.644230447709560394e-02
1.640868745744228363e-02
1.637827418744564056e-02
1.635035499930381775e-02
1.633533090353012085e-02
1.632048189640045166e-02
1.629889011383056641e-02
1.627398096024990082e-02
1.624586619436740875e-02
1.618698425590991974e-02
1.614948920905590057e-02
1.610289514064788818e-02
1.604600809514522552e-02
1.601356640458106995e-02
1.597970910370349884e-02
1.596617698669433594e-02
1.595094799995422363e-02
1.592235080897808075e-02
1.589243113994598389e-02
1.585736125707626343e-02
1.582405343651771545e-02
1.577998138964176178e-02
1.573312282562255859e-02
1.568084955215454102e-02
1.565090939402580261e-02
1.562000531703233719e-02
1.559508033096790314e-02
1.554318331182003021e-02
1.549825072288513184e-02
1.546599715948104858e-02
1.538358628749847412e-02
1.534586027264595032e-02
1.531147211790084839e-02
1.528861466795206070e-02
1.527020521461963654e-02
1.525506749749183655e-02
1.522289589047431946e-02
1.517613325268030167e-02
1.513673178851604462e-02
1.510228496044874191e-02
1.504018157720565796e-02
1.496028527617454529e-02
1.488536968827247620e-02
1.486101374030113220e-02
1.480640284717082977e-02
1.478487905114889145e-02
1.476393919438123703e-02
1.472048833966255188e-02
1.468402519822120667e-02
1.463569793850183487e-02
1.461573038250207901e-02
1.456960663199424744e-02
1.453991513699293137e-02
1.447733119130134583e-02
1.442181318998336792e-02
1.435912959277629852e-02
1.430740021169185638e-02
1.426567137241363525e-02
1.420679595321416855e-02
1.412983424961566925e-02
1.410643663257360458e-02
1.405657734721899033e-02
1.403454691171646118e-02
1.401103287935256958e-02
1.398274768143892288e-02
1.394546497613191605e-02
1.388838700950145721e-02
1.381439063698053360e-02
1.375028118491172791e-02
1.372248027473688126e-02
1.369577459990978241e-02
1.367746293544769287e-02
1.365614868700504303e-02
1.362663414329290390e-02
1.360323186963796616e-02
1.358071900904178619e-02
1.356176566332578659e-02
1.354638207703828812e-02
1.353779062628746033e-02
1.353089325129985809e-02
1.352747716009616852e-02
1.352350320667028427e-02
1.351924706250429153e-02
1.351277343928813934e-02
1.350722648203372955e-02
1.350444182753562927e-02
1.350187137722969055e-02
1.349980570375919342e-02
1.349874865263700485e-02
1.349713001400232315e-02
1.349529717117547989e-02
1.349423360079526901e-02
1.349370833486318588e-02
1.349276397377252579e-02
1.349186617881059647e-02
1.349058095365762711e-02
1.348886825144290924e-02
1.348717696964740753e-02
1.348651107400655746e-02
1.348445843905210495e-02
1.348421256989240646e-02
1.348327938467264175e-02
1.348249521106481552e-02
1.348004862666130066e-02
1.347960438579320908e-02
1.347771007567644119e-02
1.347717829048633575e-02
1.347558386623859406e-02
1.347367372363805771e-02
1.347116567194461823e-02
1.346642524003982544e-02
1.346094813197851181e-02
1.345630735158920288e-02
1.345386356115341187e-02
1.344945188611745834e-02
1.344771310687065125e-02
1.344464719295501709e-02
1.344261690974235535e-02
1.343872305005788803e-02
1.343331299722194672e-02
1.342926174402236938e-02
1.342562027275562286e-02
1.341981440782546997e-02
1.341406721621751785e-02
1.340573932975530624e-02
1.339781936258077621e-02
1.338406186550855637e-02
1.337644550949335098e-02
1.336769945919513702e-02
1.335158571600914001e-02
1.333752553910017014e-02
1.331851258873939514e-02
1.330372504889965057e-02
1.328557543456554413e-02
1.327605172991752625e-02
1.326781418174505234e-02
1.326359994709491730e-02
1.325503736734390259e-02
1.325005944818258286e-02
1.323838159441947937e-02
1.322521921247243881e-02
1.321038510650396347e-02
1.319738756865262985e-02
1.318933535367250443e-02
1.318311411887407303e-02
1.317178923636674881e-02
1.316117867827415466e-02
1.314568333327770233e-02
1.313509140163660049e-02
1.312210224568843842e-02
1.311217807233333588e-02
1.310008391737937927e-02
1.309589669108390808e-02
1.307652797549962997e-02
1.306299678981304169e-02
1.305227261036634445e-02
1.304347347468137741e-02
1.303774025291204453e-02
1.302014756947755814e-02
1.300673745572566986e-02
1.298946794122457504e-02
1.297950372099876404e-02
1.297088712453842163e-02
1.296136248856782913e-02
1.294766832143068314e-02
1.293569896370172501e-02
1.292663626372814178e-02
1.292203832417726517e-02
1.291497331112623215e-02
1.290870457887649536e-02
1.290659140795469284e-02
1.289049163460731506e-02
1.288476493209600449e-02
1.287937909364700317e-02
1.287578232586383820e-02
1.286806166172027588e-02
1.285682991147041321e-02
1.284741144627332687e-02
1.283138990402221680e-02
1.281937398016452789e-02
1.280724536627531052e-02
1.280044578015804291e-02
1.279294304549694061e-02
1.278702449053525925e-02
1.278135925531387329e-02
1.277747098356485367e-02
1.277495175600051880e-02
1.277215592563152313e-02
1.276989001780748367e-02
1.276570465415716171e-02
1.276423595845699310e-02
1.276114396750926971e-02
1.275725942105054855e-02
1.275320257991552353e-02
1.274663861840963364e-02
1.274329144507646561e-02
1.273841504007577896e-02
1.273286342620849609e-02
1.272772997617721558e-02
1.272200979292392731e-02
1.271668542176485062e-02
1.271291077136993408e-02
1.270825788378715515e-02
1.270387321710586548e-02
1.270060613751411438e-02
1.269677840173244476e-02
1.269482169300317764e-02
1.269314438104629517e-02
1.269183307886123657e-02
1.268986612558364868e-02
1.268751546740531921e-02
1.268565561622381210e-02
1.268456690013408661e-02
1.268334873020648956e-02
1.268052216619253159e-02
1.267716381698846817e-02
1.267326623201370239e-02
1.266992092132568359e-02
1.266510784626007080e-02
1.266135647892951965e-02
1.265758927911520004e-02
1.264898478984832764e-02
1.264109835028648376e-02
1.263498049229383469e-02
1.263214554637670517e-02
1.262772083282470703e-02
1.262383256107568741e-02
1.261954382061958313e-02
1.261499989777803421e-02
1.261219847947359085e-02
1.260450109839439392e-02
1.259670685976743698e-02
1.258506067097187042e-02
1.257835142314434052e-02
1.257209945470094681e-02
1.256733294576406479e-02
1.256382837891578674e-02
1.255910191684961319e-02
1.255596335977315903e-02
1.255178079009056091e-02
1.255141384899616241e-02
1.254475302994251251e-02
1.254254858940839767e-02
1.253869105130434036e-02
1.253410335630178452e-02
1.253043673932552338e-02
1.252202037721872330e-02
1.251393277198076248e-02
1.250673551112413406e-02
1.249971240758895874e-02
1.249026786535978317e-02
1.248038932681083679e-02
1.246878970414400101e-02
1.245400868356227875e-02
1.243728119879961014e-02
1.242534071207046509e-02
1.241587847471237183e-02
1.241032872349023819e-02
1.240553054958581924e-02
1.239843014627695084e-02
1.239199191331863403e-02
1.238595228642225266e-02
1.237598806619644165e-02
1.237000990658998489e-02
1.236354000866413116e-02
1.235298346728086472e-02
1.234937086701393127e-02
1.234385371208190918e-02
1.233819499611854553e-02
1.232599932700395584e-02
1.231907866895198822e-02
1.230867765843868256e-02
1.230367086827754974e-02
1.229459326714277267e-02
1.228483673185110092e-02
1.227195933461189270e-02
1.225454173982143402e-02
1.223182026296854019e-02
1.221260521560907364e-02
1.220162771642208099e-02
1.218946371227502823e-02
1.218456961214542389e-02
1.217328105121850967e-02
1.215728186070919037e-02
1.213344093412160873e-02
1.212172489613294601e-02
1.210519857704639435e-02
1.209613773971796036e-02
1.208547875285148621e-02
1.207405328750610352e-02
1.206453423947095871e-02
1.205059979110956192e-02
1.204021088778972626e-02
1.203089207410812378e-02
1.201948430389165878e-02
1.200892031192779541e-02
1.199862640351057053e-02
1.199343334883451462e-02
1.198473293334245682e-02
1.197820436209440231e-02
1.196740940213203430e-02
1.196196768432855606e-02
1.195322349667549133e-02
1.194506697356700897e-02
1.193827576935291290e-02
1.192919630557298660e-02
1.192341186106204987e-02
1.191715989261865616e-02
1.191318035125732422e-02
1.190888788551092148e-02
1.190651580691337585e-02
1.190295908600091934e-02
1.189882308244705200e-02
1.189567334949970245e-02
1.189083326607942581e-02
1.188757363706827164e-02
1.188212074339389801e-02
1.187869533896446228e-02
1.187424827367067337e-02
1.186859607696533203e-02
1.186329871416091919e-02
1.185821555554866791e-02
1.185367628931999207e-02
1.184880733489990234e-02
1.184393838047981262e-02
1.183958444744348526e-02
1.183256227523088455e-02
1.182454731315374374e-02
1.181601546704769135e-02
1.180887222290039062e-02
1.179806888103485107e-02
1.177960727363824844e-02
1.176524907350540161e-02
1.174672041088342667e-02
1.173691451549530029e-02
1.172869093716144562e-02
1.172097213566303253e-02
1.171488594263792038e-02
1.170756947249174118e-02
1.169860549271106720e-02
1.169043406844139099e-02
1.168225426226854324e-02
1.167034357786178589e-02
1.165484078228473663e-02
1.164270378649234772e-02
1.161922793835401535e-02
1.160069927573204041e-02
1.159035600721836090e-02
1.158116664737462997e-02
1.157500687986612320e-02
1.157154515385627747e-02
1.156818494200706482e-02
1.156414393335580826e-02
1.155901793390512466e-02
1.155549380928277969e-02
1.154591049998998642e-02
1.153761893510818481e-02
1.152784936130046844e-02
1.151461899280548096e-02
1.149895600974559784e-02
1.147324871271848679e-02
1.145494543015956879e-02
1.143654622137546539e-02
1.142579689621925354e-02
1.141825504601001740e-02
1.140371244400739670e-02
1.139197126030921936e-02
1.137733925133943558e-02
1.136171724647283554e-02
1.135432254523038864e-02
1.134513504803180695e-02
1.133482158184051514e-02
1.132684852927923203e-02
1.131822168827056885e-02
1.130966097116470337e-02
1.130310911685228348e-02
1.129717752337455750e-02
1.128379721194505692e-02
1.127004902809858322e-02
1.125755067914724350e-02
1.124760415405035019e-02
1.123685669153928757e-02
1.122892461717128754e-02
1.121481787413358688e-02
1.119682285934686661e-02
1.117338426411151886e-02
1.116364914923906326e-02
1.114981155842542648e-02
1.114197075366973877e-02
1.113693229854106903e-02
1.113328058272600174e-02
1.112566236406564713e-02
1.112154033035039902e-02
1.111496612429618835e-02
1.110506895929574966e-02
1.109618972986936569e-02
1.108214445412158966e-02
1.107470598071813583e-02
1.106770988553762436e-02
1.106061786413192749e-02
1.105451304465532303e-02
1.105011068284511566e-02
1.104638911783695221e-02
1.104347128421068192e-02
1.104194764047861099e-02
1.103918999433517456e-02
1.103451568633317947e-02
1.103147864341735840e-02
1.102659665048122406e-02
1.102062035351991653e-02
1.101158466190099716e-02
1.100389286875724792e-02
1.100140623748302460e-02
1.099030300974845886e-02
1.098441984504461288e-02
1.097464002668857574e-02
1.096492726355791092e-02
1.095446571707725525e-02
1.094659045338630676e-02
1.094036269932985306e-02
1.093527954071760178e-02
1.093385368585586548e-02
1.093004643917083740e-02
1.092781312763690948e-02
1.092408783733844757e-02
1.091936416923999786e-02
1.091426890343427658e-02
1.091168262064456940e-02
1.090729702264070511e-02
1.090178918093442917e-02
1.089837029576301575e-02
1.089384406805038452e-02
1.088919024914503098e-02
1.088536623865365982e-02
1.088307797908782959e-02
1.087999064475297928e-02
1.087621692568063736e-02
1.087258756160736084e-02
1.086751185357570648e-02
1.086313184350728989e-02
1.085740141570568085e-02
1.085076015442609787e-02
1.084140222519636154e-02
1.083680801093578339e-02
1.083174161612987518e-02
1.082650572061538696e-02
1.082122325897216797e-02
1.081379875540733337e-02
1.080807857215404510e-02
1.080279611051082611e-02
1.079795882105827332e-02
1.079369429498910904e-02
1.078794151544570923e-02
1.078232564032077789e-02
1.077406015247106552e-02
1.076953858137130737e-02
1.076497696340084076e-02
1.075963396579027176e-02
1.075531076639890671e-02
1.075122412294149399e-02
1.074365340173244476e-02
1.074006687849760056e-02
1.073654834181070328e-02
1.073030848056077957e-02
1.072534173727035522e-02
1.071996614336967468e-02
1.071565411984920502e-02
1.071215886622667313e-02
1.070855651050806046e-02
1.070662681013345718e-02
1.070123631507158279e-02
1.070095319300889969e-02
1.069338526576757431e-02
1.068799104541540146e-02
1.068052835762500763e-02
1.067376974970102310e-02
1.066733431071043015e-02
1.066271308809518814e-02
1.065682806074619293e-02
1.065246481448411942e-02
1.065091509371995926e-02
1.064308919012546539e-02
1.064096018671989441e-02
1.063641533255577087e-02
1.063245441764593124e-02
1.063027326017618179e-02
1.062791515141725540e-02
1.062574423849582672e-02
1.062349323183298111e-02
1.062200311571359634e-02
1.061807200312614441e-02
1.061268616467714310e-02
1.060946751385927200e-02
1.060417294502258301e-02
1.060233730822801590e-02
1.059860270470380783e-02
1.059412490576505661e-02
1.058903522789478302e-02
1.058300957083702087e-02
1.057770010083913803e-02
1.057422626763582230e-02
1.056931819766759872e-02
1.056303083896636963e-02
1.055843755602836609e-02
1.055152527987957001e-02
1.054527517408132553e-02
1.053556799888610840e-02
1.052583754062652588e-02
1.051373034715652466e-02
1.050958596169948578e-02
1.050195470452308655e-02
1.049749087542295456e-02
1.049420144408941269e-02
1.049234066158533096e-02
1.048727240413427353e-02
1.048312988132238388e-02
1.047611888498067856e-02
1.047054398804903030e-02
1.046200469136238098e-02
1.045481301844120026e-02
1.044453959912061691e-02
1.043705269694328308e-02
1.042919605970382690e-02
1.042115967720746994e-02
1.041466835886240005e-02
1.040723454207181931e-02
1.039839349687099457e-02
1.039082463830709457e-02
1.038670726120471954e-02
1.038239244371652603e-02
1.037919986993074417e-02
1.037562731653451920e-02
1.037075929343700409e-02
1.036474481225013733e-02
1.036120951175689697e-02
1.035291701555252075e-02
1.034189853817224503e-02
1.033298484981060028e-02
1.032393611967563629e-02
1.031646504998207092e-02
1.031055301427841187e-02
1.030448824167251587e-02
1.029862370342016220e-02
1.029305718839168549e-02
1.028709486126899719e-02
1.027812249958515167e-02
1.026846375316381454e-02
1.026161108165979385e-02
1.025668717920780182e-02
1.025253720581531525e-02
1.024971622973680496e-02
1.024531666189432144e-02
1.023939531296491623e-02
1.023824233561754227e-02
1.022709906101226807e-02
1.021978445351123810e-02
1.021176762878894806e-02
1.020517479628324509e-02
1.019628997892141342e-02
1.019058842211961746e-02
1.018350385129451752e-02
1.017818599939346313e-02
1.017378643155097961e-02
1.016888022422790527e-02
1.016287691891193390e-02
1.015518978238105774e-02
1.014773454517126083e-02
1.014080364257097244e-02
1.013090647757053375e-02
1.012984663248062134e-02
1.011543348431587219e-02
1.010880619287490845e-02
1.010182313621044159e-02
1.009768061339855194e-02
1.009183097630739212e-02
1.008516456931829453e-02
1.006923615932464600e-02
1.006518397480249405e-02
1.004913356155157089e-02
1.003981474786996841e-02
1.003220677375793457e-02
1.002466585487127304e-02
1.001407392323017120e-02
9.999123401939868927e-03
9.990954771637916565e-03
9.984583593904972076e-03
9.978063404560089111e-03
9.965421631932258606e-03
9.958887472748756409e-03
9.951189160346984863e-03
9.944782592356204987e-03
9.939422830939292908e-03
9.935577400028705597e-03
9.931248612701892853e-03
9.926492348313331604e-03
9.922716766595840454e-03
9.918982163071632385e-03
9.915335103869438171e-03
9.908928535878658295e-03
9.902765043079853058e-03
9.898167103528976440e-03
9.893050417304039001e-03
9.888429194688796997e-03
9.884985163807868958e-03
9.881368838250637054e-03
9.878492914140224457e-03
9.876053780317306519e-03
9.873787872493267059e-03
9.869636036455631256e-03
9.868016466498374939e-03
9.861698374152183533e-03
9.856081567704677582e-03
9.844432584941387177e-03
9.837461635470390320e-03
9.832129813730716705e-03
9.829486720263957977e-03
9.826635941863059998e-03
9.824953973293304443e-03
9.821508079767227173e-03
9.816993027925491333e-03
9.810869581997394562e-03
9.806372225284576416e-03
9.803554043173789978e-03
9.799398481845855713e-03
9.797286242246627808e-03
9.793863631784915924e-03
9.790139272809028625e-03
9.785915724933147430e-03
9.782166220247745514e-03
9.777116589248180389e-03
9.773233905434608459e-03
9.769095107913017273e-03
9.763378649950027466e-03
9.759321808815002441e-03
9.754486382007598877e-03
9.748197160661220551e-03
9.744592010974884033e-03
9.740498848259449005e-03
9.737241081893444061e-03
9.734796360135078430e-03
9.731647558510303497e-03
9.727082215249538422e-03
9.722474031150341034e-03
9.717974811792373657e-03
9.712753817439079285e-03
9.707019664347171783e-03
9.698372334241867065e-03
9.694183245301246643e-03
9.688057005405426025e-03
9.681351482868194580e-03
9.676254354417324066e-03
9.668841958045959473e-03
9.662439115345478058e-03
9.655098430812358856e-03
9.647924453020095825e-03
9.641523472964763641e-03
9.636787697672843933e-03
9.632171131670475006e-03
9.626459330320358276e-03
9.620434604585170746e-03
9.615341201424598694e-03
9.610385634005069733e-03
9.604272432625293732e-03
9.596476331353187561e-03
9.586438536643981934e-03
9.580301120877265930e-03
9.576094336807727814e-03
9.570457972586154938e-03
9.566680528223514557e-03
9.562034159898757935e-03
9.558796882629394531e-03
9.555810131132602692e-03
9.550232440233230591e-03
9.547533467411994934e-03
9.544001892209053040e-03
9.538955986499786377e-03
9.531920775771141052e-03
9.520193561911582947e-03
9.516402147710323334e-03
9.502150118350982666e-03
9.493510238826274872e-03
9.485287591814994812e-03
9.478711523115634918e-03
9.473965503275394440e-03
9.468244388699531555e-03
9.461647830903530121e-03
9.451323188841342926e-03
9.447568096220493317e-03
9.441062808036804199e-03
9.435172192752361298e-03
9.429164230823516846e-03
9.423633106052875519e-03
9.417584165930747986e-03
9.411751292645931244e-03
9.403743781149387360e-03
9.397997520864009857e-03
9.393663145601749420e-03
9.388479404151439667e-03
9.384913370013237000e-03
9.380145929753780365e-03
9.378210641443729401e-03
9.376995265483856201e-03
9.375373832881450653e-03
9.372233413159847260e-03
9.369362145662307739e-03
9.367298334836959839e-03
9.365184232592582703e-03
9.363395161926746368e-03
9.361023083329200745e-03
9.359380230307579041e-03
9.351471439003944397e-03
9.346500970423221588e-03
9.341186843812465668e-03
9.335802868008613586e-03
9.330084547400474548e-03
9.321783669292926788e-03
9.314612485468387604e-03
9.310243651270866394e-03
9.306650608777999878e-03
9.304306469857692719e-03
9.303041733801364899e-03
9.299234487116336823e-03
9.294491261243820190e-03
9.292524307966232300e-03
9.288202971220016479e-03
9.285990148782730103e-03
9.282300248742103577e-03
9.278201498091220856e-03
9.274796582758426666e-03
9.271970018744468689e-03
9.268292225897312164e-03
9.264835156500339508e-03
9.255991317331790924e-03
9.243350476026535034e-03
9.233733639121055603e-03
9.225128218531608582e-03
9.215078316628932953e-03
9.205360896885395050e-03
9.194738231599330902e-03
9.190692566335201263e-03
9.183830581605434418e-03
9.180790744721889496e-03
9.177715517580509186e-03
9.175408631563186646e-03
9.171485900878906250e-03
9.168330579996109009e-03
9.164978750050067902e-03
9.164073504507541656e-03
9.162501432001590729e-03
9.159940294921398163e-03
9.156564250588417053e-03
9.150861762464046478e-03
9.145628660917282104e-03
9.143001399934291840e-03
9.139774367213249207e-03
9.136579930782318115e-03
9.131185710430145264e-03
9.125891141593456268e-03
9.120656177401542664e-03
9.112606756389141083e-03
9.102625772356987000e-03
9.092523716390132904e-03
9.084625169634819031e-03
9.077444672584533691e-03
9.072225540876388550e-03
9.064540266990661621e-03
9.058365598320960999e-03
9.051006287336349487e-03
9.045808576047420502e-03
9.039392694830894470e-03
9.032104164361953735e-03
9.025285951793193817e-03
9.015527553856372833e-03
8.998755365610122681e-03
8.987736888229846954e-03
8.972808718681335449e-03
8.961548097431659698e-03
8.951276540756225586e-03
8.939431980252265930e-03
8.927350863814353943e-03
8.916663005948066711e-03
8.907545357942581177e-03
8.898898027837276459e-03
8.890050463378429413e-03
8.881813846528530121e-03
8.875532075762748718e-03
8.869740180671215057e-03
8.858793415129184723e-03
8.837419562041759491e-03
8.815452456474304199e-03
8.788218721747398376e-03
8.773483335971832275e-03
8.759027346968650818e-03
8.747800253331661224e-03
8.730226196348667145e-03
8.720019832253456116e-03
8.710127323865890503e-03
8.702553808689117432e-03
8.694125339388847351e-03
8.681177161633968353e-03
8.667562156915664673e-03
8.659099228680133820e-03
8.645287714898586273e-03
8.632794022560119629e-03
8.624936453998088837e-03
8.620663546025753021e-03
8.615847676992416382e-03
8.609162643551826477e-03
8.604702539741992950e-03
8.599795401096343994e-03
8.597243577241897583e-03
8.596206083893775940e-03
8.594069629907608032e-03
8.590085431933403015e-03
8.586857467889785767e-03
8.582049049437046051e-03
8.578136563301086426e-03
8.570680394768714905e-03
8.566807955503463745e-03
8.563789539039134979e-03
8.558573201298713684e-03
8.552646264433860779e-03
8.544418029487133026e-03
8.536794222891330719e-03
8.529325015842914581e-03
8.525371551513671875e-03
8.520972914993762970e-03
8.516456000506877899e-03
8.509804494678974152e-03
8.502979762852191925e-03
8.498852141201496124e-03
8.494907990097999573e-03
8.491446264088153839e-03
8.488154038786888123e-03
8.485415019094944000e-03
8.483103476464748383e-03
8.478237316012382507e-03
8.473400026559829712e-03
8.468656800687313080e-03
8.464659564197063446e-03
8.461153134703636169e-03
8.458395488560199738e-03
8.456056006252765656e-03
8.452581241726875305e-03
8.448554202914237976e-03
8.443669416010379791e-03
8.442427031695842743e-03
8.438205346465110779e-03
8.436525240540504456e-03
8.434494957327842712e-03
8.433861657977104187e-03
8.432888425886631012e-03
8.432078175246715546e-03
8.430934511125087738e-03
8.429373614490032196e-03
8.428523316979408264e-03
8.425801061093807220e-03
8.423589169979095459e-03
8.422217331826686859e-03
8.420138619840145111e-03
8.418345823884010315e-03
8.417625911533832550e-03
8.417055010795593262e-03
8.416886441409587860e-03
8.416187949478626251e-03
8.414877578616142273e-03
8.412086404860019684e-03
8.409373462200164795e-03
8.407291956245899200e-03
8.406082168221473694e-03
8.405410684645175934e-03
8.404780179262161255e-03
8.402721956372261047e-03
8.401294238865375519e-03
8.398691192269325256e-03
8.396156132221221924e-03
8.392971940338611603e-03
8.389466442167758942e-03
8.385142311453819275e-03
8.381897583603858948e-03
8.379014208912849426e-03
8.376694284379482269e-03
8.372537791728973389e-03
8.367849513888359070e-03
8.362262509763240814e-03
8.355217985808849335e-03
8.349699899554252625e-03
8.345363661646842957e-03
8.341284468770027161e-03
8.337891660630702972e-03
8.335155434906482697e-03
8.333868347108364105e-03
8.331093005836009979e-03
8.329531177878379822e-03
8.328150026500225067e-03
8.326308801770210266e-03
8.324398659169673920e-03
8.321678265929222107e-03
8.320621214807033539e-03
8.319548331201076508e-03
8.318433538079261780e-03
8.317181840538978577e-03
8.315240032970905304e-03
8.312895894050598145e-03
8.310192264616489410e-03
8.308181539177894592e-03
8.306698873639106750e-03
8.304401300847530365e-03
8.302283473312854767e-03
8.299877867102622986e-03
8.297860622406005859e-03
8.295035921037197113e-03
8.292764425277709961e-03
8.290253579616546631e-03
8.287702687084674835e-03
8.286276832222938538e-03
8.282342925667762756e-03
8.279492147266864777e-03
8.276646956801414490e-03
8.273079060018062592e-03
8.269617334008216858e-03
8.266950026154518127e-03
8.264966309070587158e-03
8.263063617050647736e-03
8.260912261903285980e-03
8.259388618171215057e-03
8.255946449935436249e-03
8.254389278590679169e-03
8.252387866377830505e-03
8.249050006270408630e-03
8.246952667832374573e-03
8.243232965469360352e-03
8.240611292421817780e-03
8.237113244831562042e-03
8.234050124883651733e-03
8.231400512158870697e-03
8.227960206568241119e-03
8.221470750868320465e-03
8.215362206101417542e-03
8.209060877561569214e-03
8.205033838748931885e-03
8.201433345675468445e-03
8.199024945497512817e-03
8.198475465178489685e-03
8.194413967430591583e-03
8.193565532565116882e-03
8.190613240003585815e-03
8.183412253856658936e-03
8.179397322237491608e-03
8.170765824615955353e-03
8.166560903191566467e-03
8.163971826434135437e-03
8.160905912518501282e-03
8.155975490808486938e-03
8.149868808686733246e-03
8.144055493175983429e-03
8.139034733176231384e-03
8.134751580655574799e-03
8.129321038722991943e-03
8.124784566462039948e-03
8.122120983898639679e-03
8.119604550302028656e-03
8.116825483739376068e-03
8.114296942949295044e-03
8.112618699669837952e-03
8.110078983008861542e-03
8.109763264656066895e-03
8.104042150080204010e-03
8.101470768451690674e-03
8.096210658550262451e-03
8.090095594525337219e-03
8.086271584033966064e-03
8.078469894826412201e-03
8.071838878095149994e-03
8.065149188041687012e-03
8.059270679950714111e-03
8.051120676100254059e-03
8.039617910981178284e-03
8.033527992665767670e-03
8.025908842682838440e-03
8.019664324820041656e-03
8.014154620468616486e-03
8.009736426174640656e-03
8.007490076124668121e-03
8.004216477274894714e-03
8.000130765140056610e-03
7.996685802936553955e-03
7.990776561200618744e-03
7.983800955116748810e-03
7.975409738719463348e-03
7.969182915985584259e-03
7.962793111801147461e-03
7.957283407449722290e-03
7.953292690217494965e-03
7.945789955556392670e-03
7.933525368571281433e-03
7.924598641693592072e-03
7.919151335954666138e-03
7.914328947663307190e-03
7.911374792456626892e-03
7.909104228019714355e-03
7.906542159616947174e-03
7.904221303761005402e-03
7.901424542069435120e-03
7.898590527474880219e-03
7.897675037384033203e-03
7.896688766777515411e-03
7.894972339272499084e-03
7.892768830060958862e-03
7.890939712524414062e-03
7.889015600085258484e-03
7.887758314609527588e-03
7.885100319981575012e-03
7.881972007453441620e-03
7.879314944148063660e-03
7.878422737121582031e-03
7.877436466515064240e-03
7.875397801399230957e-03
7.871685549616813660e-03
7.869589142501354218e-03
7.866514846682548523e-03
7.864703424274921417e-03
7.863587699830532074e-03
7.862262427806854248e-03
7.861193269491195679e-03
7.860432378947734833e-03
7.859906181693077087e-03
7.859118282794952393e-03
7.857953198254108429e-03
7.856403477489948273e-03
7.854290306568145752e-03
7.852339185774326324e-03
7.851287722587585449e-03
7.850169204175472260e-03
7.847869768738746643e-03
7.845583371818065643e-03
7.843221537768840790e-03
7.840516045689582825e-03
7.837709970772266388e-03
7.834684103727340698e-03
7.830212824046611786e-03
7.828529924154281616e-03
7.823600433766841888e-03
7.822569459676742554e-03
7.820229046046733856e-03
7.818792946636676788e-03
7.817240431904792786e-03
7.814526557922363281e-03
7.813421078026294708e-03
7.812002208083868027e-03
7.810803595930337906e-03
7.810041774064302444e-03
7.809008006006479263e-03
7.808178663253784180e-03
7.807044312357902527e-03
7.805053610354661942e-03
7.803649641573429108e-03
7.801897358149290085e-03
7.799440994858741760e-03
7.797181140631437302e-03
7.795365061610937119e-03
7.792433258146047592e-03
7.791536394506692886e-03
7.789672352373600006e-03
7.788526825606822968e-03
7.787498179823160172e-03
7.786012720316648483e-03
7.784883491694927216e-03
7.784883491694927216e-03
7.784883491694927216e-03
