1.928271865844726562e+01
1.928271865844726562e+01
1.923523330688476562e+01
1.919094657897949219e+01
1.915012168884277344e+01
1.911027336120605469e+01
1.907042312622070312e+01
1.903223419189453125e+01
1.899838447570800781e+01
1.896994590759277344e+01
1.894542503356933594e+01
1.892098808288574219e+01
1.889215278625488281e+01
1.885485839843750000e+01
1.880587005615234375e+01
1.874280548095703125e+01
1.866440010070800781e+01
1.857095336914062500e+01
1.846435928344726562e+01
1.834643936157226562e+01
1.821582603454589844e+01
1.806624031066894531e+01
1.789072036743164062e+01
1.768700981140136719e+01
1.745672225952148438e+01
1.720137596130371094e+01
1.692209243774414062e+01
1.661708831787109375e+01
1.628158569335937500e+01
1.591682624816894531e+01
1.553753185272216797e+01
1.515793132781982422e+01
1.479647827148437500e+01
1.448253917694091797e+01
1.423364543914794922e+01
1.405521202087402344e+01
1.393178939819335938e+01
1.385799121856689453e+01
1.381952476501464844e+01
1.380468845367431641e+01
1.379812908172607422e+01
1.378425025939941406e+01
1.374617576599121094e+01
1.367452430725097656e+01
1.358713436126708984e+01
1.350948524475097656e+01
1.344282245635986328e+01
1.336913013458251953e+01
1.327548980712890625e+01
1.315530586242675781e+01
1.301004314422607422e+01
1.285458278656005859e+01
1.269627189636230469e+01
1.253555774688720703e+01
1.238064956665039062e+01
1.223506641387939453e+01
1.209656429290771484e+01
1.196951866149902344e+01
1.185304832458496094e+01
1.174199390411376953e+01
1.164487266540527344e+01
1.156402778625488281e+01
1.150492858886718750e+01
1.148368644714355469e+01
1.148735141754150391e+01
1.147003364562988281e+01
1.143521881103515625e+01
1.138582897186279297e+01
1.130832004547119141e+01
1.123993873596191406e+01
1.117831134796142578e+01
1.111131191253662109e+01
1.104474925994873047e+01
1.095797443389892578e+01
1.087686443328857422e+01
1.079228878021240234e+01
1.070920467376708984e+01
1.061759471893310547e+01
1.051642417907714844e+01
1.041906166076660156e+01
1.032954311370849609e+01
1.024432754516601562e+01
1.017436695098876953e+01
1.011161994934082031e+01
1.004250907897949219e+01
9.972244262695312500e+00
9.912565231323242188e+00
9.869135856628417969e+00
9.841662406921386719e+00
9.830316543579101562e+00
9.826179504394531250e+00
9.789749145507812500e+00
9.746597290039062500e+00
9.746870994567871094e+00
9.744981765747070312e+00
9.708136558532714844e+00
9.691472053527832031e+00
9.692650794982910156e+00
9.669048309326171875e+00
9.652116775512695312e+00
9.661018371582031250e+00
9.657376289367675781e+00
9.638350486755371094e+00
9.635057449340820312e+00
9.639358520507812500e+00
9.629440307617187500e+00
9.618414878845214844e+00
9.619989395141601562e+00
9.619888305664062500e+00
9.608283996582031250e+00
9.597435951232910156e+00
9.595637321472167969e+00
9.592149734497070312e+00
9.581846237182617188e+00
9.574644088745117188e+00
9.572663307189941406e+00
9.567330360412597656e+00
9.557843208312988281e+00
9.551116943359375000e+00
9.547538757324218750e+00
9.541938781738281250e+00
9.533654212951660156e+00
9.526882171630859375e+00
9.522481918334960938e+00
9.516972541809082031e+00
9.509120941162109375e+00
9.501029968261718750e+00
9.494029045104980469e+00
9.486765861511230469e+00
9.477780342102050781e+00
9.467461585998535156e+00
9.457038879394531250e+00
9.446884155273437500e+00
9.436182975769042969e+00
9.424201965332031250e+00
9.410531997680664062e+00
9.395610809326171875e+00
9.379714012145996094e+00
9.363262176513671875e+00
9.346442222595214844e+00
9.329263687133789062e+00
9.312074661254882812e+00
9.294910430908203125e+00
9.278168678283691406e+00
9.261441230773925781e+00
9.245069503784179688e+00
9.228281974792480469e+00
9.211440086364746094e+00
9.192278861999511719e+00
9.168330192565917969e+00
9.131966590881347656e+00
9.082249641418457031e+00
9.024966239929199219e+00
8.968496322631835938e+00
8.910415649414062500e+00
8.843533515930175781e+00
8.761482238769531250e+00
8.660284042358398438e+00
8.543690681457519531e+00
8.414703369140625000e+00
8.276839256286621094e+00
8.128394126892089844e+00
7.992650508880615234e+00
7.880953311920166016e+00
7.793195724487304688e+00
7.729260921478271484e+00
7.662535667419433594e+00
7.577061176300048828e+00
7.520928859710693359e+00
7.619429111480712891e+00
7.747769355773925781e+00
7.354551315307617188e+00
7.258275032043457031e+00
7.403548240661621094e+00
7.087963581085205078e+00
7.246416568756103516e+00
7.085672855377197266e+00
7.080057621002197266e+00
7.083771228790283203e+00
6.964262008666992188e+00
7.039000511169433594e+00
6.887396812438964844e+00
6.958446979522705078e+00
6.846129894256591797e+00
6.882575035095214844e+00
6.830015182495117188e+00
6.822463989257812500e+00
6.815932273864746094e+00
6.774888515472412109e+00
6.790613651275634766e+00
6.740521430969238281e+00
6.760095596313476562e+00
6.716849803924560547e+00
6.724771976470947266e+00
6.698125839233398438e+00
6.688984394073486328e+00
6.679596900939941406e+00
6.657749176025390625e+00
6.656619548797607422e+00
6.629941463470458984e+00
6.628392219543457031e+00
6.602582931518554688e+00
6.601095676422119141e+00
6.600205421447753906e+00
6.599470138549804688e+00
6.597409248352050781e+00
6.594401359558105469e+00
6.585624217987060547e+00
6.573690891265869141e+00
6.555593967437744141e+00
6.535509109497070312e+00
6.517254352569580078e+00
6.487797737121582031e+00
6.424041271209716797e+00
6.372467994689941406e+00
6.342871665954589844e+00
6.320083618164062500e+00
6.283612251281738281e+00
6.237038612365722656e+00
6.188721656799316406e+00
6.155937194824218750e+00
6.118299484252929688e+00
6.078703403472900391e+00
6.031365394592285156e+00
5.969821453094482422e+00
5.895382881164550781e+00
5.866712570190429688e+00
5.834790706634521484e+00
5.794287204742431641e+00
5.746014118194580078e+00
5.711517333984375000e+00
5.691351890563964844e+00
5.669060707092285156e+00
5.642780303955078125e+00
5.604129314422607422e+00
5.558237075805664062e+00
5.538019657135009766e+00
5.526899814605712891e+00
5.519989967346191406e+00
5.506559371948242188e+00
5.482478618621826172e+00
5.455924987792968750e+00
5.434682369232177734e+00
5.390515327453613281e+00
5.347211360931396484e+00
5.315991401672363281e+00
5.279271602630615234e+00
5.262216567993164062e+00
5.242345333099365234e+00
5.193987369537353516e+00
5.152435779571533203e+00
5.126683712005615234e+00
5.115647315979003906e+00
5.105015277862548828e+00
5.085281848907470703e+00
5.067309379577636719e+00
5.054346561431884766e+00
5.034929275512695312e+00
5.009891986846923828e+00
4.984331607818603516e+00
4.965083599090576172e+00
4.946084022521972656e+00
4.935524463653564453e+00
4.927017211914062500e+00
4.909265518188476562e+00
4.881334304809570312e+00
4.845949172973632812e+00
4.807359218597412109e+00
4.774205684661865234e+00
4.746472358703613281e+00
4.728926658630371094e+00
4.712467670440673828e+00
4.696054935455322266e+00
4.683217525482177734e+00
4.671738624572753906e+00
4.659501552581787109e+00
4.650843143463134766e+00
4.643874168395996094e+00
4.637074947357177734e+00
4.630169391632080078e+00
4.616888046264648438e+00
4.605049610137939453e+00
4.593777179718017578e+00
4.578813076019287109e+00
4.564527988433837891e+00
4.547669410705566406e+00
4.535203933715820312e+00
4.514980792999267578e+00
4.497266769409179688e+00
4.492304325103759766e+00
4.484459400177001953e+00
4.477071762084960938e+00
4.466252326965332031e+00
4.456316471099853516e+00
4.451231479644775391e+00
4.448380947113037109e+00
4.444522857666015625e+00
4.439426898956298828e+00
4.429711341857910156e+00
4.419476032257080078e+00
4.407397270202636719e+00
4.390265464782714844e+00
4.369089126586914062e+00
4.354982852935791016e+00
4.344655990600585938e+00
4.339861392974853516e+00
4.334405899047851562e+00
4.329599380493164062e+00
4.326968193054199219e+00
4.323245048522949219e+00
4.318589210510253906e+00
4.310997962951660156e+00
4.297122478485107422e+00
4.261906147003173828e+00
4.232901096343994141e+00
4.213867187500000000e+00
4.205546855926513672e+00
4.197516441345214844e+00
4.187920570373535156e+00
4.162379741668701172e+00
4.147143840789794922e+00
4.129585742950439453e+00
4.103253841400146484e+00
4.086371421813964844e+00
4.079800605773925781e+00
4.055549144744873047e+00
4.050921916961669922e+00
4.033669948577880859e+00
4.026878833770751953e+00
4.017875194549560547e+00
4.008491516113281250e+00
4.001148700714111328e+00
3.986872196197509766e+00
3.965573549270629883e+00
3.933861255645751953e+00
3.929650783538818359e+00
3.898762464523315430e+00
3.880797624588012695e+00
3.857118368148803711e+00
3.829124212265014648e+00
3.815548181533813477e+00
3.803792953491210938e+00
3.795331239700317383e+00
3.784039974212646484e+00
3.770820856094360352e+00
3.753000974655151367e+00
3.731233119964599609e+00
3.714672803878784180e+00
3.699661970138549805e+00
3.689584016799926758e+00
3.674756288528442383e+00
3.658422470092773438e+00
3.643801212310791016e+00
3.631817817687988281e+00
3.616311073303222656e+00
3.606349945068359375e+00
3.588933467864990234e+00
3.574448347091674805e+00
3.565839290618896484e+00
3.547055959701538086e+00
3.535024404525756836e+00
3.519575595855712891e+00
3.493363380432128906e+00
3.472532987594604492e+00
3.434236049652099609e+00
3.406652927398681641e+00
3.387602806091308594e+00
3.365330696105957031e+00
3.335890293121337891e+00
3.311471462249755859e+00
3.294157743453979492e+00
3.264946699142456055e+00
3.225194931030273438e+00
3.195501804351806641e+00
3.165729999542236328e+00
3.127119779586791992e+00
3.104509830474853516e+00
3.085838317871093750e+00
3.063136577606201172e+00
3.029025554656982422e+00
2.973790407180786133e+00
2.947377920150756836e+00
2.916931390762329102e+00
2.900098085403442383e+00
2.878376483917236328e+00
2.846650600433349609e+00
2.801484107971191406e+00
2.704819679260253906e+00
2.608798980712890625e+00
2.512134313583374023e+00
2.415041923522949219e+00
2.329456806182861328e+00
2.209178209304809570e+00
2.122679710388183594e+00
2.056057691574096680e+00
1.992662072181701660e+00
1.921120643615722656e+00
1.878688812255859375e+00
1.796727895736694336e+00
1.723808884620666504e+00
1.651350140571594238e+00
1.607887148857116699e+00
1.585557460784912109e+00
1.578878998756408691e+00
1.546872019767761230e+00
1.535612463951110840e+00
1.517735004425048828e+00
1.484512090682983398e+00
1.473325610160827637e+00
1.454847574234008789e+00
1.430792808532714844e+00
1.393246769905090332e+00
1.351670742034912109e+00
1.322974324226379395e+00
1.283944845199584961e+00
1.221492767333984375e+00
1.185176134109497070e+00
1.131512284278869629e+00
1.102464079856872559e+00
1.068412780761718750e+00
1.031325697898864746e+00
9.975314140319824219e-01
9.706936478614807129e-01
9.549519419670104980e-01
9.349808692932128906e-01
9.225673079490661621e-01
9.008412361145019531e-01
8.886961340904235840e-01
8.739810585975646973e-01
8.454325795173645020e-01
8.189755678176879883e-01
7.954343557357788086e-01
7.713320851325988770e-01
7.457160353660583496e-01
7.341328859329223633e-01
7.238481044769287109e-01
7.185032963752746582e-01
7.098728418350219727e-01
6.817666888236999512e-01
6.679157018661499023e-01
6.604498624801635742e-01
6.548201441764831543e-01
6.515932083129882812e-01
6.480458974838256836e-01
6.444694399833679199e-01
6.395538449287414551e-01
6.348962187767028809e-01
6.293592453002929688e-01
6.265068054199218750e-01
6.213344335556030273e-01
6.189882159233093262e-01
6.166539192199707031e-01
6.151695847511291504e-01
6.138478517532348633e-01
6.125199794769287109e-01
6.106669902801513672e-01
6.090961694717407227e-01
6.061640977859497070e-01
6.026232838630676270e-01
6.000410914421081543e-01
5.972332358360290527e-01
5.934806466102600098e-01
5.894095301628112793e-01
5.843362212181091309e-01
5.798913240432739258e-01
5.739803910255432129e-01
5.651204586029052734e-01
5.540689229965209961e-01
5.456109642982482910e-01
5.434722900390625000e-01
5.423839092254638672e-01
5.403320789337158203e-01
5.391388535499572754e-01
5.366228222846984863e-01
5.343335866928100586e-01
5.326136946678161621e-01
5.308768749237060547e-01
5.284767746925354004e-01
5.265063643455505371e-01
5.228741765022277832e-01
5.199579596519470215e-01
5.176517367362976074e-01
5.150992274284362793e-01
5.123333334922790527e-01
5.105328559875488281e-01
5.090461969375610352e-01
5.077960491180419922e-01
5.067993402481079102e-01
5.059440732002258301e-01
5.051955580711364746e-01
5.039843320846557617e-01
5.028194189071655273e-01
5.006694197654724121e-01
4.986488521099090576e-01
4.952318072319030762e-01
4.910789132118225098e-01
4.891051948070526123e-01
4.878988265991210938e-01
4.868195354938507080e-01
4.856311082839965820e-01
4.849811792373657227e-01
4.838903844356536865e-01
4.811928868293762207e-01
4.768658876419067383e-01
4.749273359775543213e-01
4.687064290046691895e-01
4.663325548171997070e-01
4.646361172199249268e-01
4.632965028285980225e-01
4.619448482990264893e-01
4.583896100521087646e-01
4.545738101005554199e-01
4.485482573509216309e-01
4.410649538040161133e-01
4.372347295284271240e-01
4.323635101318359375e-01
4.308349490165710449e-01
4.287217855453491211e-01
4.272131025791168213e-01
4.254139065742492676e-01
4.247221350669860840e-01
4.237839877605438232e-01
4.220982193946838379e-01
4.199968874454498291e-01
4.165775477886199951e-01
4.146482646465301514e-01
4.132237434387207031e-01
4.118015170097351074e-01
4.105455279350280762e-01
4.088578224182128906e-01
4.070453047752380371e-01
4.065398275852203369e-01
4.045504927635192871e-01
4.018150866031646729e-01
4.000937640666961670e-01
3.986098170280456543e-01
3.967092633247375488e-01
3.949832618236541748e-01
3.938263058662414551e-01
3.930710554122924805e-01
3.922191262245178223e-01
3.910191655158996582e-01
3.899796903133392334e-01
3.877903223037719727e-01
3.868280351161956787e-01
3.824538588523864746e-01
3.818006515502929688e-01
3.811870217323303223e-01
3.801038861274719238e-01
3.790795505046844482e-01
3.774597346782684326e-01
3.767389655113220215e-01
3.753687143325805664e-01
3.741997182369232178e-01
3.724344968795776367e-01
3.704607486724853516e-01
3.681221902370452881e-01
3.653048872947692871e-01
3.599266707897186279e-01
3.568369746208190918e-01
3.533308207988739014e-01
3.510191738605499268e-01
3.507368862628936768e-01
3.470137417316436768e-01
3.451356887817382812e-01
3.430222868919372559e-01
3.406977355480194092e-01
3.388105332851409912e-01
3.370341658592224121e-01
3.351356685161590576e-01
3.339316546916961670e-01
3.322396278381347656e-01
3.305709660053253174e-01
3.286783099174499512e-01
3.265256583690643311e-01
3.245609104633331299e-01
3.221538662910461426e-01
3.201203346252441406e-01
3.186510801315307617e-01
3.172142803668975830e-01
3.162693083286285400e-01
3.154879212379455566e-01
3.146316707134246826e-01
3.139389753341674805e-01
3.132850229740142822e-01
3.128723502159118652e-01
3.124710619449615479e-01
3.118638694286346436e-01
3.108554780483245850e-01
3.102003335952758789e-01
3.085037469863891602e-01
3.075831532478332520e-01
3.064031600952148438e-01
3.051255047321319580e-01
3.042294979095458984e-01
3.035215735435485840e-01
3.032643496990203857e-01
3.026772439479827881e-01
3.023897409439086914e-01
3.021683096885681152e-01
3.018108606338500977e-01
3.010339140892028809e-01
2.999844253063201904e-01
2.990644574165344238e-01
2.983277440071105957e-01
2.977958023548126221e-01
2.973164319992065430e-01
2.966410517692565918e-01
2.954598367214202881e-01
2.948890626430511475e-01
2.943238019943237305e-01
2.937815487384796143e-01
2.931580841541290283e-01
2.923458218574523926e-01
2.917258739471435547e-01
2.904617190361022949e-01
2.894095480442047119e-01
2.878000438213348389e-01
2.855868637561798096e-01
2.844173908233642578e-01
2.836535274982452393e-01
2.830712199211120605e-01
2.824901342391967773e-01
2.816463112831115723e-01
2.805399000644683838e-01
2.794759273529052734e-01
2.782749533653259277e-01
2.762062847614288330e-01
2.736811339855194092e-01
2.705334722995758057e-01
2.688123285770416260e-01
2.673151195049285889e-01
2.657051682472229004e-01
2.633651494979858398e-01
2.621095776557922363e-01
2.610195875167846680e-01
2.598242461681365967e-01
2.587308883666992188e-01
2.570575177669525146e-01
2.549121975898742676e-01
2.526234984397888184e-01
2.495330572128295898e-01
2.481511980295181274e-01
2.437500506639480591e-01
2.425959557294845581e-01
2.411718070507049561e-01
2.394506037235260010e-01
2.388013154268264771e-01
2.371654659509658813e-01
2.362754940986633301e-01
2.351080626249313354e-01
2.342146486043930054e-01
2.332587838172912598e-01
2.324977517127990723e-01
2.320271879434585571e-01
2.315391004085540771e-01
2.308757007122039795e-01
2.302928417921066284e-01
2.296716570854187012e-01
2.288864105939865112e-01
2.278400063514709473e-01
2.270962148904800415e-01
2.255743741989135742e-01
2.229365706443786621e-01
2.210998982191085815e-01
2.199259102344512939e-01
2.188462764024734497e-01
2.182576656341552734e-01
2.175918221473693848e-01
2.170393764972686768e-01
2.163116931915283203e-01
2.158152908086776733e-01
2.152281105518341064e-01
2.146118432283401489e-01
2.139117717742919922e-01
2.133610397577285767e-01
2.126609236001968384e-01
2.120610624551773071e-01
2.114401906728744507e-01
2.110699266195297241e-01
2.106824219226837158e-01
2.103326916694641113e-01
2.099139988422393799e-01
2.091437578201293945e-01
2.081223130226135254e-01
2.078011333942413330e-01
2.072415798902511597e-01
2.064449340105056763e-01
2.056162953376770020e-01
2.047962099313735962e-01
2.042340934276580811e-01
2.035734355449676514e-01
2.031302154064178467e-01
2.027188390493392944e-01
2.017751336097717285e-01
1.997318118810653687e-01
1.974219083786010742e-01
1.953710615634918213e-01
1.935935765504837036e-01
1.924181431531906128e-01
1.912578642368316650e-01
1.906105875968933105e-01
1.891879141330718994e-01
1.886157989501953125e-01
1.881394833326339722e-01
1.876404583454132080e-01
1.871235668659210205e-01
1.863916963338851929e-01
1.857262998819351196e-01
1.851141601800918579e-01
1.845259070396423340e-01
1.838182061910629272e-01
1.833441853523254395e-01
1.828365027904510498e-01
1.822464466094970703e-01
1.818093061447143555e-01
1.814719289541244507e-01
1.811156421899795532e-01
1.807346940040588379e-01
1.804223954677581787e-01
1.800559461116790771e-01
1.796767264604568481e-01
1.793485879898071289e-01
1.788220703601837158e-01
1.779900193214416504e-01
1.769438087940216064e-01
1.760719418525695801e-01
1.755594909191131592e-01
1.748179942369461060e-01
1.743610203266143799e-01
1.736758947372436523e-01
1.732035130262374878e-01
1.726476848125457764e-01
1.719892024993896484e-01
1.712109893560409546e-01
1.706997156143188477e-01
1.702191531658172607e-01
1.698331534862518311e-01
1.695294082164764404e-01
1.692311316728591919e-01
1.690285354852676392e-01
1.686422824859619141e-01
1.683534234762191772e-01
1.681699603796005249e-01
1.679951101541519165e-01
1.677608937025070190e-01
1.670236289501190186e-01
1.661751121282577515e-01
1.653416007757186890e-01
1.647007018327713013e-01
1.641226261854171753e-01
1.634251028299331665e-01
1.626579910516738892e-01
1.615509092807769775e-01
1.608457267284393311e-01
1.599614471197128296e-01
1.592302918434143066e-01
1.586899906396865845e-01
1.577053219079971313e-01
1.567966639995574951e-01
1.565949916839599609e-01
1.559282988309860229e-01
1.553602516651153564e-01
1.550673544406890869e-01
1.548911780118942261e-01
1.544874012470245361e-01
1.541945189237594604e-01
1.539578288793563843e-01
1.538033187389373779e-01
1.536665260791778564e-01
1.534749418497085571e-01
1.531853973865509033e-01
1.530158668756484985e-01
1.527643203735351562e-01
1.525408476591110229e-01
1.522519588470458984e-01
1.518141478300094604e-01
1.511731147766113281e-01
1.506716310977935791e-01
1.503664702177047729e-01
1.501132696866989136e-01
1.498965322971343994e-01
1.495252251625061035e-01
1.491022706031799316e-01
1.488057971000671387e-01
1.485702395439147949e-01
1.483360975980758667e-01
1.481152772903442383e-01
1.476913243532180786e-01
1.471981108188629150e-01
1.467087268829345703e-01
1.458407491445541382e-01
1.447378545999526978e-01
1.441112160682678223e-01
1.434961259365081787e-01
1.431872993707656860e-01
1.427260488271713257e-01
1.422595083713531494e-01
1.417226642370223999e-01
1.413234025239944458e-01
1.409600824117660522e-01
1.405213475227355957e-01
1.401565223932266235e-01
1.397464126348495483e-01
1.392249315977096558e-01
1.387943625450134277e-01
1.383563578128814697e-01
1.379974633455276489e-01
1.376448124647140503e-01
1.373036503791809082e-01
1.368248462677001953e-01
1.364599466323852539e-01
1.360862702131271362e-01
1.355896890163421631e-01
1.346480846405029297e-01
1.337570697069168091e-01
1.332302391529083252e-01
1.329291909933090210e-01
1.326828002929687500e-01
1.324083507061004639e-01
1.321733891963958740e-01
1.319104433059692383e-01
1.316369473934173584e-01
1.312867552042007446e-01
1.307597756385803223e-01
1.300936937332153320e-01
1.291410475969314575e-01
1.283877342939376831e-01
1.277768611907958984e-01
1.272832155227661133e-01
1.270100325345993042e-01
1.267407536506652832e-01
1.265531927347183228e-01
1.262313425540924072e-01
1.258248984813690186e-01
1.255142539739608765e-01
1.251654028892517090e-01
1.249997019767761230e-01
1.248497217893600464e-01
1.247186958789825439e-01
1.244970113039016724e-01
1.242592707276344299e-01
1.237570717930793762e-01
1.234045401215553284e-01
1.226581260561943054e-01
1.216787546873092651e-01
1.204146742820739746e-01
1.191068962216377258e-01
1.183313280344009399e-01
1.169784367084503174e-01
1.159205883741378784e-01
1.151437833905220032e-01
1.145999506115913391e-01
1.142363324761390686e-01
1.139956712722778320e-01
1.137851551175117493e-01
1.136151328682899475e-01
1.134266555309295654e-01
1.131185591220855713e-01
1.125191599130630493e-01
1.116178482770919800e-01
1.106416434049606323e-01
1.096561178565025330e-01
1.094306483864784241e-01
1.088509187102317810e-01
1.086103469133377075e-01
1.083080023527145386e-01
1.080603301525115967e-01
1.074407175183296204e-01
1.069972738623619080e-01
1.066488176584243774e-01
1.061075702309608459e-01
1.056057289242744446e-01
1.051546111702919006e-01
1.046488285064697266e-01
1.043184325098991394e-01
1.040292531251907349e-01
1.038428694009780884e-01
1.036347374320030212e-01
1.032944992184638977e-01
1.028959676623344421e-01
1.022911295294761658e-01
1.017640829086303711e-01
1.014179363846778870e-01
1.011584997177124023e-01
1.008872911334037781e-01
1.005482599139213562e-01
1.001668721437454224e-01
9.986504167318344116e-02
9.978941828012466431e-02
9.960944950580596924e-02
9.953241795301437378e-02
9.943195432424545288e-02
9.922196716070175171e-02
9.902755171060562134e-02
9.884610027074813843e-02
9.864163398742675781e-02
9.847775101661682129e-02
9.834534674882888794e-02
9.823147207498550415e-02
9.816100448369979858e-02
9.806632995605468750e-02
9.794688969850540161e-02
9.780380129814147949e-02
9.757674485445022583e-02
9.740831702947616577e-02
9.726622700691223145e-02
9.715703874826431274e-02
9.708441048860549927e-02
9.701262414455413818e-02
9.697535634040832520e-02
9.694175422191619873e-02
9.686749428510665894e-02
9.676267951726913452e-02
9.662698954343795776e-02
9.652967005968093872e-02
9.646686911582946777e-02
9.639858454465866089e-02
9.630834311246871948e-02
9.618052840232849121e-02
9.596429765224456787e-02
9.583224356174468994e-02
9.561560302972793579e-02
9.550571441650390625e-02
9.542453289031982422e-02
9.533032029867172241e-02
9.522088617086410522e-02
9.505870938301086426e-02
9.490992873907089233e-02
9.477509558200836182e-02
9.464801847934722900e-02
9.455797821283340454e-02
9.448670595884323120e-02
9.443441033363342285e-02
9.438692778348922729e-02
9.433377534151077271e-02
9.423298388719558716e-02
9.418196976184844971e-02
9.413117170333862305e-02
9.405052661895751953e-02
9.400572627782821655e-02
9.392128139734268188e-02
9.379400312900543213e-02
9.372676908969879150e-02
9.361894428730010986e-02
9.356283396482467651e-02
9.349117428064346313e-02
9.331026673316955566e-02
9.301173686981201172e-02
9.267828613519668579e-02
9.243115782737731934e-02
9.229186922311782837e-02
9.220065921545028687e-02
9.209688007831573486e-02
9.184733033180236816e-02
9.172625094652175903e-02
9.152944386005401611e-02
9.124551713466644287e-02
9.087557345628738403e-02
9.041798114776611328e-02
8.995874971151351929e-02
8.974152803421020508e-02
8.949561417102813721e-02
8.926951885223388672e-02
8.910512924194335938e-02
8.889634162187576294e-02
8.875566720962524414e-02
8.866129815578460693e-02
8.857918530702590942e-02
8.854095637798309326e-02
8.849407732486724854e-02
8.844772726297378540e-02
8.835568279027938843e-02
8.827716112136840820e-02
8.814077079296112061e-02
8.807321637868881226e-02
8.797926455736160278e-02
8.792223781347274780e-02
8.787135779857635498e-02
8.780877292156219482e-02
8.774721622467041016e-02
8.768691122531890869e-02
8.760622143745422363e-02
8.757930994033813477e-02
8.753994107246398926e-02
8.751122653484344482e-02
8.748836815357208252e-02
8.746682852506637573e-02
8.743261545896530151e-02
8.741831779479980469e-02
8.738468587398529053e-02
8.737277984619140625e-02
8.734514564275741577e-02
8.729827404022216797e-02
8.726847171783447266e-02
8.722189068794250488e-02
8.717966824769973755e-02
8.715128153562545776e-02
8.711527287960052490e-02
8.705552667379379272e-02
8.697466552257537842e-02
8.683731406927108765e-02
8.666948974132537842e-02
8.653642237186431885e-02
8.642276376485824585e-02
8.632844686508178711e-02
8.625251054763793945e-02
8.618564158678054810e-02
8.613469451665878296e-02
8.606643974781036377e-02
8.595089614391326904e-02
8.582477271556854248e-02
8.574920147657394409e-02
8.551236987113952637e-02
8.519887179136276245e-02
8.503549546003341675e-02
8.482935279607772827e-02
8.457505702972412109e-02
8.440043777227401733e-02
8.422052860260009766e-02
8.405959606170654297e-02
8.398651331663131714e-02
8.387839049100875854e-02
8.374831825494766235e-02
8.361963927745819092e-02
8.353810012340545654e-02
8.339300751686096191e-02
8.324418216943740845e-02
8.315552026033401489e-02
8.301714062690734863e-02
8.295344561338424683e-02
8.286865800619125366e-02
8.274002373218536377e-02
8.257909864187240601e-02
8.238214999437332153e-02
8.220098167657852173e-02
8.203012496232986450e-02
8.192878216505050659e-02
8.180178701877593994e-02
8.164658397436141968e-02
8.142682909965515137e-02
8.116639405488967896e-02
8.087352663278579712e-02
8.067321032285690308e-02
8.046958595514297485e-02
8.032540231943130493e-02
8.020354062318801880e-02
8.008611202239990234e-02
7.989493757486343384e-02
7.980678230524063110e-02
7.958751916885375977e-02
7.952906191349029541e-02
7.948204874992370605e-02
7.945195585489273071e-02
7.941868901252746582e-02
7.939004898071289062e-02
7.936035096645355225e-02
7.930880784988403320e-02
7.926163822412490845e-02
7.923099398612976074e-02
7.921437919139862061e-02
7.918983697891235352e-02
7.916099578142166138e-02
7.913807034492492676e-02
7.912009209394454956e-02
7.910455018281936646e-02
7.908678054809570312e-02
7.906822115182876587e-02
7.904507964849472046e-02
7.900683581829071045e-02
7.896442711353302002e-02
7.883998751640319824e-02
7.871209830045700073e-02
7.856658101081848145e-02
7.844018936157226562e-02
7.832127064466476440e-02
7.820096611976623535e-02
7.809219509363174438e-02
7.803320884704589844e-02
7.797852158546447754e-02
7.786697894334793091e-02
7.772208005189895630e-02
7.750515639781951904e-02
7.737065851688385010e-02
7.726026326417922974e-02
7.720399647951126099e-02
7.715258747339248657e-02
7.706610858440399170e-02
7.698363065719604492e-02
7.687436789274215698e-02
7.672778517007827759e-02
7.657097280025482178e-02
7.646587491035461426e-02
7.637514919042587280e-02
7.632108032703399658e-02
7.629710435867309570e-02
7.627129554748535156e-02
7.622700929641723633e-02
7.618780434131622314e-02
7.614400982856750488e-02
7.607612013816833496e-02
7.597349584102630615e-02
7.583858072757720947e-02
7.564778625965118408e-02
7.545053213834762573e-02
7.517746090888977051e-02
7.512033730745315552e-02
7.504482567310333252e-02
7.498111575841903687e-02
7.491838932037353516e-02
7.483349740505218506e-02
7.475794851779937744e-02
7.469141483306884766e-02
7.463876903057098389e-02
7.456775009632110596e-02
7.447484135627746582e-02
7.442840933799743652e-02
7.434099912643432617e-02
7.430261373519897461e-02
7.424345612525939941e-02
7.416516542434692383e-02
7.404275983572006226e-02
7.392103970050811768e-02
7.373502105474472046e-02
7.350297272205352783e-02
7.340075075626373291e-02
7.326693087816238403e-02
7.311081886291503906e-02
7.296781241893768311e-02
7.291615754365921021e-02
7.284335792064666748e-02
7.280086725950241089e-02
7.273948937654495239e-02
7.267475128173828125e-02
7.257799804210662842e-02
7.250315696001052856e-02
7.239440828561782837e-02
7.229721546173095703e-02
7.216188311576843262e-02
7.202950119972229004e-02
7.174388319253921509e-02
7.139569520950317383e-02
7.086624205112457275e-02
7.046324014663696289e-02
7.022643834352493286e-02
7.010517269372940063e-02
6.998839974403381348e-02
6.987278908491134644e-02
6.971010565757751465e-02
6.945870816707611084e-02
6.940922141075134277e-02
6.930839270353317261e-02
6.920482218265533447e-02
6.915267556905746460e-02
6.905074417591094971e-02
6.894201040267944336e-02
6.872265040874481201e-02
6.852871179580688477e-02
6.841634958982467651e-02
6.821171939373016357e-02
6.808695942163467407e-02
6.788421422243118286e-02
6.771396845579147339e-02
6.758318096399307251e-02
6.750576198101043701e-02
6.743910163640975952e-02
6.733308732509613037e-02
6.726337969303131104e-02
6.708937883377075195e-02
6.692095100879669189e-02
6.670037657022476196e-02
6.641380488872528076e-02
6.612958759069442749e-02
6.593605875968933105e-02
6.575045734643936157e-02
6.562595069408416748e-02
6.557225435972213745e-02
6.550842523574829102e-02
6.545857340097427368e-02
6.539557874202728271e-02
6.534290313720703125e-02
6.529408693313598633e-02
6.525290757417678833e-02
6.519819051027297974e-02
6.513193994760513306e-02
6.503660231828689575e-02
6.491362303495407104e-02
6.468024104833602905e-02
6.452256441116333008e-02
6.439486891031265259e-02
6.429028511047363281e-02
6.419353187084197998e-02
6.409826129674911499e-02
6.400412321090698242e-02
6.390715390443801880e-02
6.380794942378997803e-02
6.367983669042587280e-02
6.360314786434173584e-02
6.350205838680267334e-02
6.340894103050231934e-02
6.332305818796157837e-02
6.321513652801513672e-02
6.307480484247207642e-02
6.301035732030868530e-02
6.295617669820785522e-02
6.292484700679779053e-02
6.289330869913101196e-02
6.286230683326721191e-02
6.280741840600967407e-02
6.274529546499252319e-02
6.269463896751403809e-02
6.266027688980102539e-02
6.263137608766555786e-02
6.260883808135986328e-02
6.258808076381683350e-02
6.256856769323348999e-02
6.254670768976211548e-02
6.250261515378952026e-02
6.244619190692901611e-02
6.240102648735046387e-02
6.237009167671203613e-02
6.234955787658691406e-02
6.233513355255126953e-02
6.231029331684112549e-02
6.229446828365325928e-02
6.227055191993713379e-02
6.224985048174858093e-02
6.223525106906890869e-02
6.221522763371467590e-02
6.219832226634025574e-02
6.216960027813911438e-02
6.212107464671134949e-02
6.209035590291023254e-02
6.204798445105552673e-02
6.198658794164657593e-02
6.188552081584930420e-02
6.183188408613204956e-02
6.178060919046401978e-02
6.173660606145858765e-02
6.170117482542991638e-02
6.166050955653190613e-02
6.163353845477104187e-02
6.158874556422233582e-02
6.155724450945854187e-02
6.153024733066558838e-02
6.149606406688690186e-02
6.143640726804733276e-02
6.138234958052635193e-02
6.134682521224021912e-02
6.130610778927803040e-02
6.125019490718841553e-02
6.119408085942268372e-02
6.115967035293579102e-02
6.113635376095771790e-02
6.110212206840515137e-02
6.105551496148109436e-02
6.099542975425720215e-02
6.097896769642829895e-02
6.089030206203460693e-02
6.085376814007759094e-02
6.078907847404479980e-02
6.069433689117431641e-02
6.049169972538948059e-02
6.021521613001823425e-02
6.006790325045585632e-02
5.986230820417404175e-02
5.978616699576377869e-02
5.972853302955627441e-02
5.966256558895111084e-02
5.959711968898773193e-02
5.954274535179138184e-02
5.947891622781753540e-02
5.941407009959220886e-02
5.935537070035934448e-02
5.931601300835609436e-02
5.927756428718566895e-02
5.924367532134056091e-02
5.919149518013000488e-02
5.912662670016288757e-02
5.907522514462471008e-02
5.900641530752182007e-02
5.890062078833580017e-02
5.881042778491973877e-02
5.868808180093765259e-02
5.862453207373619080e-02
5.857533961534500122e-02
5.850692838430404663e-02
5.845326557755470276e-02
5.838284641504287720e-02
5.831079557538032532e-02
5.820834264159202576e-02
5.813628807663917542e-02
5.807255581021308899e-02
5.800081416964530945e-02
5.793469026684761047e-02
5.785693228244781494e-02
5.774447694420814514e-02
5.760405212640762329e-02
5.746065825223922729e-02
5.724857002496719360e-02
5.717645958065986633e-02
5.711898207664489746e-02
5.706136673688888550e-02
5.697216838598251343e-02
5.694159865379333496e-02
5.691754072904586792e-02
5.689828097820281982e-02
5.688001215457916260e-02
5.684250593185424805e-02
5.681275576353073120e-02
5.677672103047370911e-02
5.674489960074424744e-02
5.669551715254783630e-02
5.666344612836837769e-02
5.662010982632637024e-02
5.659833177924156189e-02
5.657228454947471619e-02
5.654295906424522400e-02
5.648981034755706787e-02
5.645156279206275940e-02
5.641337111592292786e-02
5.637194588780403137e-02
5.634424835443496704e-02
5.631503090262413025e-02
5.625377595424652100e-02
5.622511357069015503e-02
5.614322796463966370e-02
5.610375851392745972e-02
5.606664344668388367e-02
5.602544918656349182e-02
5.597512423992156982e-02
5.590629205107688904e-02
5.585607886314392090e-02
5.581774935126304626e-02
5.579579621553421021e-02
5.576444789767265320e-02
5.572208762168884277e-02
5.569466948509216309e-02
5.565768852829933167e-02
5.562007054686546326e-02
5.556471273303031921e-02
5.547341704368591309e-02
5.539527535438537598e-02
5.532670021057128906e-02
5.529488623142242432e-02
5.527345836162567139e-02
5.525458976626396179e-02
5.522060766816139221e-02
5.519520491361618042e-02
5.517587810754776001e-02
5.515417456626892090e-02
5.513853579759597778e-02
5.511333420872688293e-02
5.507210269570350647e-02
5.504072457551956177e-02
5.502179265022277832e-02
5.500758811831474304e-02
5.499530211091041565e-02
5.498106032609939575e-02
5.496417358517646790e-02
5.494750663638114929e-02
5.493510141968727112e-02
5.492190644145011902e-02
5.490128695964813232e-02
5.487103760242462158e-02
5.481997504830360413e-02
5.478358268737792969e-02
5.474602803587913513e-02
5.471475422382354736e-02
5.470243096351623535e-02
5.468580126762390137e-02
5.466748401522636414e-02
5.464772135019302368e-02
5.462488532066345215e-02
5.461022630333900452e-02
5.457250028848648071e-02
5.453406646847724915e-02
5.444131791591644287e-02
5.431978777050971985e-02
5.422232672572135925e-02
5.412873253226280212e-02
5.408055335283279419e-02
5.400476977229118347e-02
5.392659455537796021e-02
5.387629196047782898e-02
5.383923649787902832e-02
5.380770191550254822e-02
5.377087369561195374e-02
5.371332168579101562e-02
5.368103832006454468e-02
5.364452302455902100e-02
5.360777676105499268e-02
5.357446521520614624e-02
5.353096872568130493e-02
5.352079495787620544e-02
5.347511917352676392e-02
5.346181616187095642e-02
5.343687906861305237e-02
5.340418964624404907e-02
5.335779488086700439e-02
5.331028997898101807e-02
5.323863029479980469e-02
5.316018685698509216e-02
5.310090631246566772e-02
5.304264277219772339e-02
5.300328135490417480e-02
5.295727401971817017e-02
5.289804935455322266e-02
5.285052955150604248e-02
5.280622839927673340e-02
5.276609584689140320e-02
5.273922905325889587e-02
5.270053818821907043e-02
5.267976969480514526e-02
5.264105275273323059e-02
5.262380093336105347e-02
5.260673165321350098e-02
5.258820205926895142e-02
5.256860330700874329e-02
5.254990607500076294e-02
5.252666771411895752e-02
5.251232534646987915e-02
5.249458923935890198e-02
5.246793851256370544e-02
5.244541913270950317e-02
5.240977182984352112e-02
5.237936601042747498e-02
5.235775932669639587e-02
5.233759433031082153e-02
5.232257768511772156e-02
5.231288075447082520e-02
5.229855701327323914e-02
5.227871239185333252e-02
5.225068703293800354e-02
5.221832543611526489e-02
5.217454209923744202e-02
5.215493217110633850e-02
5.213028565049171448e-02
5.208376795053482056e-02
5.204583704471588135e-02
5.202423408627510071e-02
5.195991694927215576e-02
5.190118402242660522e-02
5.184997990727424622e-02
5.180506780743598938e-02
5.177004262804985046e-02
5.174429342150688171e-02
5.172579362988471985e-02
5.170791223645210266e-02
5.167766660451889038e-02
5.164892598986625671e-02
5.162295699119567871e-02
5.160158500075340271e-02
5.158952623605728149e-02
5.157009139657020569e-02
5.154819041490554810e-02
5.153167247772216797e-02
5.151345953345298767e-02
5.150500684976577759e-02
5.147623270750045776e-02
5.145713686943054199e-02
5.143233388662338257e-02
5.141245573759078979e-02
5.140764266252517700e-02
5.136630311608314514e-02
5.134026706218719482e-02
5.130907520651817322e-02
5.127421393990516663e-02
5.123290047049522400e-02
5.119452625513076782e-02
5.116140097379684448e-02
5.113999545574188232e-02
5.110421031713485718e-02
5.107089504599571228e-02
5.103863030672073364e-02
5.100936815142631531e-02
5.095589905977249146e-02
5.092290416359901428e-02
5.086505040526390076e-02
5.083066970109939575e-02
5.072829499840736389e-02
5.068838596343994141e-02
5.064286291599273682e-02
5.058295279741287231e-02
5.050820857286453247e-02
5.036013200879096985e-02
5.031908676028251648e-02
5.025096982717514038e-02
5.018461868166923523e-02
5.011918768286705017e-02
5.003524199128150940e-02
4.997737333178520203e-02
4.990279674530029297e-02
4.982355237007141113e-02
4.976839199662208557e-02
4.973791539669036865e-02
4.971150681376457214e-02
4.967289045453071594e-02
4.964774474501609802e-02
4.961861297488212585e-02
4.958537220954895020e-02
4.954190552234649658e-02
4.948689043521881104e-02
4.943909123539924622e-02
4.938015341758728027e-02
4.930985718965530396e-02
4.921880736947059631e-02
4.912434518337249756e-02
4.902735725045204163e-02
4.889985918998718262e-02
4.884142428636550903e-02
4.874614626169204712e-02
4.869344830513000488e-02
4.865306615829467773e-02
4.858420416712760925e-02
4.841805621981620789e-02
4.825655370950698853e-02
4.816360026597976685e-02
4.810190200805664062e-02
4.800989851355552673e-02
4.796774312853813171e-02
4.793186485767364502e-02
4.786716029047966003e-02
4.780399054288864136e-02
4.772629588842391968e-02
4.766771197319030762e-02
4.755910485982894897e-02
4.750075563788414001e-02
4.727547615766525269e-02
4.714363440871238708e-02
4.703069478273391724e-02
4.701413586735725403e-02
4.690539836883544922e-02
4.681794717907905579e-02
4.671696946024894714e-02
4.659098386764526367e-02
4.651545360684394836e-02
4.646394774317741394e-02
4.642483592033386230e-02
4.635395482182502747e-02
4.622504115104675293e-02
4.610655084252357483e-02
4.600003361701965332e-02
4.591944068670272827e-02
4.584335535764694214e-02
4.575388506054878235e-02
4.566111043095588684e-02
4.559385403990745544e-02
4.549995064735412598e-02
4.542990773916244507e-02
4.532836377620697021e-02
4.524946212768554688e-02
4.516384005546569824e-02
4.511306062340736389e-02
4.508069157600402832e-02
4.505784809589385986e-02
4.500454664230346680e-02
4.494987428188323975e-02
4.487884789705276489e-02
4.481415450572967529e-02
4.475723579525947571e-02
4.468939825892448425e-02
4.464652761816978455e-02
4.458970203995704651e-02
4.456159099936485291e-02
4.453346133232116699e-02
4.451236128807067871e-02
4.448111727833747864e-02
4.442951083183288574e-02
4.435963556170463562e-02
4.425825178623199463e-02
4.413848370313644409e-02
4.408710822463035583e-02
4.403409734368324280e-02
4.400566592812538147e-02
4.399316012859344482e-02
4.394910484552383423e-02
4.387422278523445129e-02
4.375098645687103271e-02
4.359752684831619263e-02
4.344275221228599548e-02
4.331500455737113953e-02
4.318865761160850525e-02
4.308031871914863586e-02
4.292522743344306946e-02
4.283853620290756226e-02
4.277870059013366699e-02
4.267971962690353394e-02
4.255281388759613037e-02
4.247228428721427917e-02
4.235274717211723328e-02
4.227168858051300049e-02
4.218368604779243469e-02
4.211411625146865845e-02
4.198600351810455322e-02
4.190548881888389587e-02
4.176454618573188782e-02
4.156286269426345825e-02
4.134269058704376221e-02
4.120545461773872375e-02
4.112138599157333374e-02
4.106886684894561768e-02
4.103191196918487549e-02
4.099508747458457947e-02
4.094490781426429749e-02
4.089777544140815735e-02
4.082806035876274109e-02
4.072141647338867188e-02
4.061559587717056274e-02
4.046183452010154724e-02
4.029843211174011230e-02
4.015743732452392578e-02
4.011849686503410339e-02
4.000278189778327942e-02
3.995230048894882202e-02
3.988783434033393860e-02
3.981187567114830017e-02
3.976976871490478516e-02
3.967986255884170532e-02
3.961781784892082214e-02
3.954459354281425476e-02
3.944271057844161987e-02
3.928654268383979797e-02
3.912144899368286133e-02
3.898153081536293030e-02
3.884173184633255005e-02
3.868230432271957397e-02
3.860661014914512634e-02
3.855546191334724426e-02
3.847239911556243896e-02
3.841774538159370422e-02
3.831944987177848816e-02
3.820664808154106140e-02
3.811949118971824646e-02
3.805058076977729797e-02
3.800573945045471191e-02
3.796112537384033203e-02
3.791756555438041687e-02
3.784663975238800049e-02
3.772923350334167480e-02
3.758943453431129456e-02
3.751035407185554504e-02
3.731838986277580261e-02
3.722825273871421814e-02
3.712850436568260193e-02
3.706451877951622009e-02
3.696503490209579468e-02
3.687534108757972717e-02
3.676740452647209167e-02
3.666381910443305969e-02
3.661327064037322998e-02
3.649682551622390747e-02
3.642376884818077087e-02
3.635307028889656067e-02
3.628693148493766785e-02
3.626500442624092102e-02
3.624100610613822937e-02
3.619458153843879700e-02
3.612416610121726990e-02
3.603032603859901428e-02
3.594971075654029846e-02
3.586601838469505310e-02
3.580334037542343140e-02
3.573439270257949829e-02
3.563579171895980835e-02
3.559571132063865662e-02
3.551453724503517151e-02
3.547656908631324768e-02
3.542330861091613770e-02
3.532791137695312500e-02
3.522548452019691467e-02
3.510993719100952148e-02
3.501376509666442871e-02
3.493071720004081726e-02
3.482725098729133606e-02
3.465979918837547302e-02
3.447612375020980835e-02
3.436366468667984009e-02
3.428521007299423218e-02
3.421242907643318176e-02
3.413202613592147827e-02
3.408191725611686707e-02
3.404865786433219910e-02
3.402071073651313782e-02
3.397291153669357300e-02
3.389671072363853455e-02
3.384539857506752014e-02
3.374200686812400818e-02
3.368821367621421814e-02
3.364353626966476440e-02
3.360179066658020020e-02
3.355274721980094910e-02
3.352195397019386292e-02
3.350568562746047974e-02
3.349442034959793091e-02
3.348398208618164062e-02
3.346579521894454956e-02
3.344380483031272888e-02
3.343017771840095520e-02
3.341847285628318787e-02
3.339643031358718872e-02
3.335844352841377258e-02
3.331855684518814087e-02
3.327265754342079163e-02
3.324707597494125366e-02
3.321661800146102905e-02
3.319326415657997131e-02
3.313553705811500549e-02
3.306882083415985107e-02
3.302511572837829590e-02
3.298455104231834412e-02
3.295161575078964233e-02
3.291307017207145691e-02
3.287330642342567444e-02
3.282410651445388794e-02
3.274616599082946777e-02
3.268056362867355347e-02
3.263027966022491455e-02
3.257295489311218262e-02
3.251041844487190247e-02
3.246204927563667297e-02
3.245199844241142273e-02
3.241414204239845276e-02
3.240335732698440552e-02
3.238664567470550537e-02
3.236226364970207214e-02
3.234118595719337463e-02
3.232235461473464966e-02
3.229891508817672729e-02
3.228655084967613220e-02
3.227206692099571228e-02
3.226119279861450195e-02
3.225445374846458435e-02
3.224900737404823303e-02
3.224206343293190002e-02
3.223010525107383728e-02
3.221460431814193726e-02
3.219616413116455078e-02
3.218032792210578918e-02
3.216014057397842407e-02
3.214616328477859497e-02
3.212819993495941162e-02
3.210784122347831726e-02
3.209583088755607605e-02
3.208146989345550537e-02
3.204200044274330139e-02
3.201936557888984680e-02
3.199756145477294922e-02
3.197969868779182434e-02
3.196585550904273987e-02
3.192989528179168701e-02
3.189043700695037842e-02
3.182717412710189819e-02
3.173464536666870117e-02
3.164775297045707703e-02
3.155861794948577881e-02
3.137949854135513306e-02
3.120997361838817596e-02
3.106258809566497803e-02
3.096035681664943695e-02
3.092486038804054260e-02
3.089383617043495178e-02
3.085614927113056183e-02
3.081216290593147278e-02
3.078974410891532898e-02
3.075732290744781494e-02
3.073803521692752838e-02
3.071661479771137238e-02
3.069296665489673615e-02
3.064274787902832031e-02
3.063064068555831909e-02
3.056545183062553406e-02
3.050748258829116821e-02
3.046214394271373749e-02
3.038425371050834656e-02
3.032739646732807159e-02
3.019598312675952911e-02
3.013939782977104187e-02
3.010314702987670898e-02
3.005439788103103638e-02
3.000828623771667480e-02
2.994849346578121185e-02
2.987990528345108032e-02
2.982154116034507751e-02
2.978247776627540588e-02
2.974604815244674683e-02
2.973189949989318848e-02
2.972187288105487823e-02
2.970994263887405396e-02
2.969321236014366150e-02
2.968553639948368073e-02
2.966793067753314972e-02
2.965847216546535492e-02
2.964943833649158478e-02
2.963856235146522522e-02
2.963189780712127686e-02
2.961839549243450165e-02
2.959987148642539978e-02
2.957882359623908997e-02
2.956090122461318970e-02
2.954037487506866455e-02
2.952462062239646912e-02
2.950406074523925781e-02
2.947916090488433838e-02
2.944612875580787659e-02
2.942406758666038513e-02
2.940860018134117126e-02
2.939820289611816406e-02
2.938380651175975800e-02
2.937520295381546021e-02
2.936470322310924530e-02
2.936129085719585419e-02
2.934935502707958221e-02
2.933947555720806122e-02
2.932808734476566315e-02
2.931581623852252960e-02
2.930449135601520538e-02
2.929193153977394104e-02
2.927308529615402222e-02
2.925923839211463928e-02
2.923934906721115112e-02
2.920825034379959106e-02
2.918022125959396362e-02
2.916331589221954346e-02
2.915063127875328064e-02
2.914274111390113831e-02
2.913677133619785309e-02
2.913104929029941559e-02
2.912285365164279938e-02
2.910982258617877960e-02
2.909303829073905945e-02
2.908957563340663910e-02
2.905857749283313751e-02
2.904385514557361603e-02
2.903052605688571930e-02
2.901501022279262543e-02
2.899456024169921875e-02
2.897872589528560638e-02
2.896292135119438171e-02
2.895143814384937286e-02
2.894306369125843048e-02
2.892650477588176727e-02
2.889908663928508759e-02
2.889265492558479309e-02
2.885938249528408051e-02
2.884985134005546570e-02
2.883779443800449371e-02
2.882748655974864960e-02
2.881558425724506378e-02
2.879486978054046631e-02
2.878011576831340790e-02
2.875004149973392487e-02
2.874290756881237030e-02
2.871293388307094574e-02
2.870176918804645538e-02
2.868775464594364166e-02
2.867258340120315552e-02
2.866075932979583740e-02
2.864321693778038025e-02
2.862970158457756042e-02
2.861295081675052643e-02
2.859921567142009735e-02
2.858261018991470337e-02
2.856902405619621277e-02
2.855520136654376984e-02
2.853306196630001068e-02
2.850926481187343597e-02
2.848394215106964111e-02
2.845623902976512909e-02
2.844163216650485992e-02
2.842883765697479248e-02
2.841741405427455902e-02
2.840568684041500092e-02
2.839472331106662750e-02
2.838116511702537537e-02
2.836671844124794006e-02
2.835373207926750183e-02
2.834082581102848053e-02
2.833170816302299500e-02
2.832167968153953552e-02
2.831588126718997955e-02
2.830973640084266663e-02
2.829952165484428406e-02
2.829199656844139099e-02
2.828194573521614075e-02
2.827752567827701569e-02
2.827210165560245514e-02
2.826540917158126831e-02
2.825945243239402771e-02
2.825433947145938873e-02
2.825015969574451447e-02
2.824880927801132202e-02
2.824553474783897400e-02
2.824300713837146759e-02
2.824025601148605347e-02
2.823733724653720856e-02
2.823373302817344666e-02
2.823038958013057709e-02
2.822613716125488281e-02
2.822200581431388855e-02
2.821797877550125122e-02
2.821329608559608459e-02
2.820923365652561188e-02
2.820301614701747894e-02
2.819507196545600891e-02
2.819077298045158386e-02
2.818459458649158478e-02
2.817662432789802551e-02
2.817071042954921722e-02
2.815802022814750671e-02
2.814866602420806885e-02
2.814086899161338806e-02
2.813637442886829376e-02
2.813366428017616272e-02
2.812775596976280212e-02
2.811850607395172119e-02
2.810679189860820770e-02
2.809529937803745270e-02
2.807964384555816650e-02
2.806430496275424957e-02
2.803730405867099762e-02
2.802104130387306213e-02
2.800365909934043884e-02
2.798387594521045685e-02
2.796966210007667542e-02
2.794162742793560028e-02
2.791212126612663269e-02
2.788752503693103790e-02
2.785737998783588409e-02
2.783360891044139862e-02
2.781571261584758759e-02
2.779125235974788666e-02
2.777581475675106049e-02
2.776660211384296417e-02
2.775212936103343964e-02
2.772610075771808624e-02
2.768704853951931000e-02
2.764427289366722107e-02
2.762511186301708221e-02
2.758349105715751648e-02
2.755549736320972443e-02
2.752773649990558624e-02
2.750227786600589752e-02
2.747528813779354095e-02
2.745038084685802460e-02
2.743311785161495209e-02
2.741534635424613953e-02
2.739969268441200256e-02
2.738154679536819458e-02
2.735990844666957855e-02
2.734219282865524292e-02
2.732589654624462128e-02
2.730736508965492249e-02
2.729528024792671204e-02
2.728980034589767456e-02
2.728591300547122955e-02
2.728122100234031677e-02
2.727189473807811737e-02
2.725909464061260223e-02
2.724386192858219147e-02
2.721889317035675049e-02
2.719393372535705566e-02
2.717272937297821045e-02
2.715562470257282257e-02
2.713959291577339172e-02
2.712143585085868835e-02
2.710152976214885712e-02
2.708166465163230896e-02
2.706287428736686707e-02
2.704747952520847321e-02
2.703110687434673309e-02
2.701597288250923157e-02
2.700295113027095795e-02
2.699114568531513214e-02
2.697974815964698792e-02
2.695880457758903503e-02
2.693662233650684357e-02
2.690815180540084839e-02
2.689255960285663605e-02
2.686529234051704407e-02
2.683007717132568359e-02
2.679234370589256287e-02
2.677069790661334991e-02
2.675255760550498962e-02
2.673717215657234192e-02
2.672546170651912689e-02
2.670704014599323273e-02
2.668524347245693207e-02
2.666924148797988892e-02
2.665794827044010162e-02
2.665089070796966553e-02
2.664336375892162323e-02
2.663524448871612549e-02
2.662287652492523193e-02
2.661713771522045135e-02
2.660981379449367523e-02
2.660246565937995911e-02
2.659895271062850952e-02
2.659563347697257996e-02
2.658873982727527618e-02
2.657845616340637207e-02
2.656999789178371429e-02
2.656259387731552124e-02
2.655890770256519318e-02
2.655297331511974335e-02
2.653852477669715881e-02
2.653378434479236603e-02
2.652448602020740509e-02
2.651566825807094574e-02
2.651163749396800995e-02
2.650224231183528900e-02
2.649370953440666199e-02
2.647828310728073120e-02
2.646559476852416992e-02
2.645441889762878418e-02
2.644606307148933411e-02
2.643605507910251617e-02
2.642790600657463074e-02
2.642169222235679626e-02
2.641357295215129852e-02
2.640830539166927338e-02
2.640236727893352509e-02
2.639781869947910309e-02
2.639281377196311951e-02
2.638725191354751587e-02
2.637992985546588898e-02
2.636980824172496796e-02
2.635951153934001923e-02
2.635168470442295074e-02
2.634138055145740509e-02
2.633312158286571503e-02
2.632916159927845001e-02
2.631660178303718567e-02
2.631182409822940826e-02
2.630675211548805237e-02
2.630285173654556274e-02
2.629769220948219299e-02
2.629357576370239258e-02
2.629062905907630920e-02
2.628775313496589661e-02
2.628347277641296387e-02
2.627778239548206329e-02
2.627171576023101807e-02
2.625912986695766449e-02
2.624724805355072021e-02
2.623727545142173767e-02
2.623283304274082184e-02
2.622597478330135345e-02
2.621938660740852356e-02
2.621231228113174438e-02
2.620628289878368378e-02
2.619932778179645538e-02
2.619292959570884705e-02
2.618367411196231842e-02
2.617609314620494843e-02
2.616843767464160919e-02
2.615934237837791443e-02
2.614407241344451904e-02
2.613641135394573212e-02
2.612078934907913208e-02
2.611169964075088501e-02
2.610138803720474243e-02
2.608937770128250122e-02
2.608331106603145599e-02
2.607257850468158722e-02
2.606452070176601410e-02
2.605378255248069763e-02
2.603553235530853271e-02
2.601720578968524933e-02
2.600880898535251617e-02
2.597732283174991608e-02
2.596204355359077454e-02
2.594509720802307129e-02
2.593058161437511444e-02
2.591835893690586090e-02
2.590091712772846222e-02
2.588278613984584808e-02
2.584745548665523529e-02
2.581066265702247620e-02
2.577728964388370514e-02
2.576497197151184082e-02
2.573809027671813965e-02
2.573131397366523743e-02
2.572576701641082764e-02
2.571059949696063995e-02
2.570095658302307129e-02
2.568786963820457458e-02
2.567563951015472412e-02
2.566732093691825867e-02
2.565359324216842651e-02
2.563808113336563110e-02
2.563523501157760620e-02
2.561235241591930389e-02
2.560205385088920593e-02
2.558815293014049530e-02
2.558167278766632080e-02
2.556897141039371490e-02
2.555751055479049683e-02
2.554289996623992920e-02
2.552757970988750458e-02
2.551403082907199860e-02
2.550251223146915436e-02
2.549365721642971039e-02
2.548462338745594025e-02
2.546995691955089569e-02
2.544794790446758270e-02
2.542888745665550232e-02
2.541580982506275177e-02
2.539976686239242554e-02
2.538766525685787201e-02
2.537235431373119354e-02
2.535822428762912750e-02
2.533255144953727722e-02
2.532139793038368225e-02
2.529055625200271606e-02
2.525709569454193115e-02
2.523820474743843079e-02
2.521679736673831940e-02
2.520034275949001312e-02
2.518943697214126587e-02
2.517871372401714325e-02
2.516268007457256317e-02
2.514546923339366913e-02
2.510774321854114532e-02
2.508591115474700928e-02
2.505797520279884338e-02
2.504038996994495392e-02
2.503126673400402069e-02
2.501868084073066711e-02
2.500686049461364746e-02
2.499290928244590759e-02
2.497580274939537048e-02
2.496811002492904663e-02
2.496040426194667816e-02
2.495092898607254028e-02
2.493855729699134827e-02
2.492845989763736725e-02
2.491643466055393219e-02
2.490606345236301422e-02
2.489101886749267578e-02
2.487540617585182190e-02
2.486729808151721954e-02
2.485017850995063782e-02
2.484602108597755432e-02
2.484287880361080170e-02
2.483214437961578369e-02
2.481795474886894226e-02
2.481377311050891876e-02
2.479506842792034149e-02
2.478224225342273712e-02
2.476260252296924591e-02
2.474383451044559479e-02
2.472560480237007141e-02
2.471004240214824677e-02
2.469399385154247284e-02
2.468115836381912231e-02
2.465870790183544159e-02
2.464657649397850037e-02
2.463660575449466705e-02
2.462305128574371338e-02
2.460722811520099640e-02
2.459589764475822449e-02
2.458387799561023712e-02
2.457087114453315735e-02
2.456060796976089478e-02
2.454914711415767670e-02
2.453375048935413361e-02
2.451869100332260132e-02
2.450434491038322449e-02
2.450166642665863037e-02
2.449608594179153442e-02
2.449330128729343414e-02
2.449160441756248474e-02
2.448843792080879211e-02
2.448359131813049316e-02
2.447926253080368042e-02
2.447373233735561371e-02
2.446736209094524384e-02
2.445713244378566742e-02
2.444104477763175964e-02
2.442773617804050446e-02
2.441263012588024139e-02
2.439858019351959229e-02
2.438543550670146942e-02
2.437702193856239319e-02
2.437177300453186035e-02
2.436644956469535828e-02
2.436087280511856079e-02
2.434989809989929199e-02
2.434353530406951904e-02
2.433648891746997833e-02
2.432984299957752228e-02
2.432196587324142456e-02
2.431699633598327637e-02
2.431393414735794067e-02
2.431001141667366028e-02
2.430683001875877380e-02
2.430082671344280243e-02
2.429889328777790070e-02
2.429200150072574615e-02
2.428918518126010895e-02
2.428576536476612091e-02
2.428221702575683594e-02
2.427339553833007812e-02
2.427119202911853790e-02
2.424877509474754333e-02
2.423837222158908844e-02
2.422713674604892731e-02
2.421808987855911255e-02
2.420149929821491241e-02
2.418608032166957855e-02
2.417255751788616180e-02
2.416269294917583466e-02
2.415380626916885376e-02
2.413980662822723389e-02
2.412416413426399231e-02
2.411250770092010498e-02
2.410535700619220734e-02
2.409227564930915833e-02
2.407230064272880554e-02
2.405800297856330872e-02
2.404489926993846893e-02
2.402748167514801025e-02
2.400263585150241852e-02
2.397677302360534668e-02
2.395535632967948914e-02
2.394234761595726013e-02
2.393211424350738525e-02
2.392450161278247833e-02
2.391668781638145447e-02
2.391195110976696014e-02
2.390758320689201355e-02
2.389556914567947388e-02
2.387566119432449341e-02
2.386004850268363953e-02
2.384697459638118744e-02
2.383546903729438782e-02
2.382188104093074799e-02
2.380096539855003357e-02
2.378440089523792267e-02
2.378146164119243622e-02
2.377311140298843384e-02
2.376657724380493164e-02
2.376230247318744659e-02
2.375588379800319672e-02
2.374671027064323425e-02
2.373927645385265350e-02
2.372505702078342438e-02
2.371223643422126770e-02
2.368944697082042694e-02
2.367956936359405518e-02
2.366922050714492798e-02
2.365886047482490540e-02
2.364653535187244415e-02
2.363090217113494873e-02
2.361722476780414581e-02
2.360647730529308319e-02
2.359666861593723297e-02
2.359094098210334778e-02
2.357898652553558350e-02
2.356380410492420197e-02
2.354390919208526611e-02
2.353142574429512024e-02
2.352342754602432251e-02
2.351487614214420319e-02
2.350478619337081909e-02
2.348950877785682678e-02
2.347404882311820984e-02
2.345952950417995453e-02
2.343866974115371704e-02
2.342795394361019135e-02
2.340746857225894928e-02
2.338598296046257019e-02
2.337701618671417236e-02
2.336728386580944061e-02
2.335768565535545349e-02
2.334669418632984161e-02
2.333730459213256836e-02
2.333027496933937073e-02
2.331785485148429871e-02
2.330784127116203308e-02
2.329394221305847168e-02
2.326434291899204254e-02
2.324773184955120087e-02
2.322112955152988434e-02
2.319815009832382202e-02
2.316987700760364532e-02
2.314398810267448425e-02
2.312692999839782715e-02
2.311399392783641815e-02
2.309550158679485321e-02
2.307219617068767548e-02
2.305000461637973785e-02
2.303522080183029175e-02
2.302261069416999817e-02
2.300570532679557800e-02
2.300406992435455322e-02
2.298396080732345581e-02
2.297367714345455170e-02
2.296248637139797211e-02
2.295104600489139557e-02
2.293847315013408661e-02
2.292595431208610535e-02
2.291225455701351166e-02
2.290423028171062469e-02
2.289487421512603760e-02
2.288332767784595490e-02
2.287308685481548309e-02
2.286719158291816711e-02
2.285834401845932007e-02
2.284609712660312653e-02
2.283291704952716827e-02
2.282140217721462250e-02
2.281392365694046021e-02
2.280725911259651184e-02
2.279795520007610321e-02
2.278840355575084686e-02
2.277765236794948578e-02
2.276810631155967712e-02
2.275918796658515930e-02
2.275405637919902802e-02
2.274996228516101837e-02
2.274636551737785339e-02
2.274255640804767609e-02
2.273800596594810486e-02
2.273049578070640564e-02
2.272287942469120026e-02
2.271635457873344421e-02
2.270994707942008972e-02
2.270451933145523071e-02
2.270066924393177032e-02
2.269227802753448486e-02
2.267941460013389587e-02
2.267261594533920288e-02
2.265703491866588593e-02
2.264886721968650818e-02
2.264330349862575531e-02
2.263704873621463776e-02
2.263334579765796661e-02
2.261946350336074829e-02
2.261504717171192169e-02
2.260756306350231171e-02
2.259760163724422455e-02
2.258783951401710510e-02
2.257863245904445648e-02
2.257052622735500336e-02
2.256440557539463043e-02
2.256091497838497162e-02
2.255458943545818329e-02
2.254783175885677338e-02
2.254044078290462494e-02
2.252829819917678833e-02
2.251188643276691437e-02
2.249904721975326538e-02
2.247832715511322021e-02
2.246261388063430786e-02
2.243669144809246063e-02
2.241685800254344940e-02
2.239869534969329834e-02
2.238715253770351410e-02
2.237431146204471588e-02
2.236086875200271606e-02
2.234938740730285645e-02
2.233777754008769989e-02
2.233125828206539154e-02
2.232394367456436157e-02
2.231578901410102844e-02
2.230640873312950134e-02
2.229622751474380493e-02
2.228428050875663757e-02
2.227854169905185699e-02
2.227454259991645813e-02
2.226790785789489746e-02
2.226227149367332458e-02
2.225469052791595459e-02
2.224740758538246155e-02
2.223803475499153137e-02
2.222176641225814819e-02
2.221150510013103485e-02
2.220049314200878143e-02
2.219558879733085632e-02
2.219300530850887299e-02
2.219190262258052826e-02
2.219094149768352509e-02
2.218814007937908173e-02
2.218542620539665222e-02
2.218105085194110870e-02
2.217598445713520050e-02
2.216974459588527679e-02
2.216153964400291443e-02
2.214401215314865112e-02
2.213828079402446747e-02
2.212579920887947083e-02
2.211777679622173309e-02
2.211019955575466156e-02
2.209888398647308350e-02
2.208657935261726379e-02
2.207164466381072998e-02
2.206208556890487671e-02
2.205574512481689453e-02
2.205081470310688019e-02
2.204513177275657654e-02
2.203812263906002045e-02
2.202277816832065582e-02
2.201010286808013916e-02
2.200336195528507233e-02
2.199244312942028046e-02
2.198531478643417358e-02
2.197702042758464813e-02
2.196868881583213806e-02
2.195934578776359558e-02
2.195633947849273682e-02
2.195102162659168243e-02
2.194235473871231079e-02
2.193449437618255615e-02
2.192304469645023346e-02
2.191490121185779572e-02
2.190806902945041656e-02
2.190483734011650085e-02
2.189838327467441559e-02
2.189226076006889343e-02
2.188590541481971741e-02
2.187659032642841339e-02
2.186599001288414001e-02
2.185370586812496185e-02
2.184424549341201782e-02
2.183941379189491272e-02
2.183537557721138000e-02
2.183016017079353333e-02
2.182643488049507141e-02
2.182100713253021240e-02
2.181348949670791626e-02
2.180630527436733246e-02
2.179538458585739136e-02
2.178277634084224701e-02
2.176874317228794098e-02
2.175274118781089783e-02
2.173363976180553436e-02
2.172423340380191803e-02
2.171463519334793091e-02
2.170086465775966644e-02
2.166485600173473358e-02
2.163000218570232391e-02
2.157446928322315216e-02
2.155097573995590210e-02
2.150734886527061462e-02
2.147774584591388702e-02
2.146962285041809082e-02
2.145075425505638123e-02
2.143309079110622406e-02
2.141871117055416107e-02
2.140293084084987640e-02
2.138624154031276703e-02
2.136867865920066833e-02
2.135540917515754700e-02
2.134515903890132904e-02
2.133652940392494202e-02
2.132238075137138367e-02
2.130362018942832947e-02
2.128092944622039795e-02
2.127160131931304932e-02
2.125871367752552032e-02
2.125492878258228302e-02
2.124570310115814209e-02
2.124111168086528778e-02
2.122351713478565216e-02
2.120465971529483795e-02
2.119818143546581268e-02
2.116840891540050507e-02
2.115815132856369019e-02
2.113691717386245728e-02
2.112187631428241730e-02
2.110591344535350800e-02
2.109181508421897888e-02
2.107954025268554688e-02
2.106378413736820221e-02
2.104667946696281433e-02
2.102497592568397522e-02
2.100039646029472351e-02
2.098702453076839447e-02
2.095643803477287292e-02
2.092907577753067017e-02
2.089384756982326508e-02
2.088290080428123474e-02
2.083045244216918945e-02
2.079959027469158173e-02
2.076944522559642792e-02
2.074803225696086884e-02
2.072915807366371155e-02
2.070957049727439880e-02
2.069055661559104919e-02
2.067709341645240784e-02
2.065067924559116364e-02
2.062381431460380554e-02
2.059555798768997192e-02
2.057450078427791595e-02
2.055177092552185059e-02
2.050122246146202087e-02
2.046433091163635254e-02
2.040185034275054932e-02
2.037721499800682068e-02
2.035749703645706177e-02
2.034800127148628235e-02
2.033760584890842438e-02
2.032415010035037994e-02
2.029993757605552673e-02
2.029185369610786438e-02
2.027619816362857819e-02
2.025920525193214417e-02
2.024328894913196564e-02
2.022971957921981812e-02
2.021979913115501404e-02
2.020561508834362030e-02
2.019021287560462952e-02
2.017263323068618774e-02
2.015358954668045044e-02
2.013536915183067322e-02
2.011604234576225281e-02
2.008220925927162170e-02
2.006096765398979187e-02
2.003668248653411865e-02
2.001238241791725159e-02
1.999918557703495026e-02
1.998394168913364410e-02
1.996297948062419891e-02
1.994501054286956787e-02
1.993394829332828522e-02
1.991668529808521271e-02
1.990460418164730072e-02
1.987872458994388580e-02
1.986688934266567230e-02
1.983471587300300598e-02
1.982215233147144318e-02
1.981010288000106812e-02
1.979158446192741394e-02
1.976688392460346222e-02
1.973802037537097931e-02
1.969530992209911346e-02
1.967147551476955414e-02
1.962251961231231689e-02
1.958726905286312103e-02
1.956021972000598907e-02
1.954083144664764404e-02
1.952327415347099304e-02
1.950692571699619293e-02
1.949139125645160675e-02
1.948802731931209564e-02
1.947116106748580933e-02
1.946311071515083313e-02
1.945437304675579071e-02
1.944086886942386627e-02
1.941952668130397797e-02
1.941064372658729553e-02
1.939342729747295380e-02
1.938121020793914795e-02
1.936711184680461884e-02
1.934773847460746765e-02
1.933136954903602600e-02
1.931507699191570282e-02
1.930960267782211304e-02
1.930378936231136322e-02
1.930133439600467682e-02
1.929820515215396881e-02
1.929509267210960388e-02
1.929135806858539581e-02
1.928942464292049408e-02
1.928356476128101349e-02
1.928036287426948547e-02
1.927598752081394196e-02
1.927128992974758148e-02
1.926593668758869171e-02
1.926144957542419434e-02
1.925370842218399048e-02
1.924893260002136230e-02
1.923792436718940735e-02
1.923176459968090057e-02
1.922858692705631256e-02
1.922506652772426605e-02
1.921956986188888550e-02
1.921306550502777100e-02
1.920552738010883331e-02
1.920183189213275909e-02
1.918707042932510376e-02
1.918019540607929230e-02
1.917327754199504852e-02
1.916915550827980042e-02
1.916342787444591522e-02
1.915683038532733917e-02
1.915344968438148499e-02
1.915023662149906158e-02
1.914503239095211029e-02
1.913900487124919891e-02
1.913190074265003204e-02
1.912564411759376526e-02
1.912008784711360931e-02
1.911608316004276276e-02
1.910602301359176636e-02
1.910133473575115204e-02
1.909605786204338074e-02
1.909039914608001709e-02
1.908611319959163666e-02
1.908035203814506531e-02
1.907235756516456604e-02
1.906475611031055450e-02
1.906082406640052795e-02
1.905918121337890625e-02
1.905682682991027832e-02
1.905516535043716431e-02
1.905452646315097809e-02
1.905299350619316101e-02
1.905093714594841003e-02
1.904880441725254059e-02
1.904606074094772339e-02
1.904305070638656616e-02
1.903929933905601501e-02
1.903649233281612396e-02
1.903383247554302216e-02
1.903235353529453278e-02
1.903068274259567261e-02
1.902914606034755707e-02
1.902833394706249237e-02
1.902483962476253510e-02
1.902276091277599335e-02
1.902165077626705170e-02
1.901929639279842377e-02
1.901699788868427277e-02
1.901574060320854187e-02
1.901461370289325714e-02
1.901168376207351685e-02
1.901021972298622131e-02
1.900744996964931488e-02
1.900490187108516693e-02
1.900087669491767883e-02
1.899506524205207825e-02
1.899043098092079163e-02
1.898581534624099731e-02
1.898308098316192627e-02
1.898122020065784454e-02
1.897739619016647339e-02
1.897420175373554230e-02
1.897339895367622375e-02
1.897122710943222046e-02
1.896834746003150940e-02
1.896603591740131378e-02
1.896438561379909515e-02
1.896082423627376556e-02
1.895444281399250031e-02
1.895007118582725525e-02
1.894580759108066559e-02
1.894056983292102814e-02
1.893706433475017548e-02
1.892902329564094543e-02
1.892245747148990631e-02
1.891724206507205963e-02
1.891115680336952209e-02
1.890668645501136780e-02
1.890342310070991516e-02
1.889603771269321442e-02
1.889414899051189423e-02
1.888528652489185333e-02
1.888242736458778381e-02
1.887770555913448334e-02
1.887148618698120117e-02
1.886925101280212402e-02
1.886286213994026184e-02
1.886180415749549866e-02
1.886052265763282776e-02
1.885848492383956909e-02
1.885634660720825195e-02
1.885426603257656097e-02
1.885086297988891602e-02
1.884946040809154510e-02
1.884878613054752350e-02
1.884698122739791870e-02
1.884564571082592010e-02
1.884434185922145844e-02
1.884268410503864288e-02
1.884234882891178131e-02
1.884052902460098267e-02
1.883997023105621338e-02
1.883823424577713013e-02
1.883709989488124847e-02
1.883587054908275604e-02
1.883365400135517120e-02
1.883067004382610321e-02
1.882764510810375214e-02
1.882755942642688751e-02
1.882415451109409332e-02
1.882184855639934540e-02
1.881909929215908051e-02
1.881455630064010620e-02
1.880778744816780090e-02
1.880556717514991760e-02
1.879434101283550262e-02
1.879026927053928375e-02
1.878697425127029419e-02
1.878356002271175385e-02
1.877935230731964111e-02
1.877588219940662384e-02
1.877156645059585571e-02
1.876761950552463531e-02
1.876491121947765350e-02
1.876373216509819031e-02
1.875951327383518219e-02
1.875934377312660217e-02
1.875498332083225250e-02
1.874915696680545807e-02
1.874448545277118683e-02
1.873780041933059692e-02
1.873279176652431488e-02
1.872839778661727905e-02
1.872286759316921234e-02
1.871754974126815796e-02
1.870535314083099365e-02
1.870189607143402100e-02
1.869861222803592682e-02
1.869676820933818817e-02
1.868646591901779175e-02
1.867675036191940308e-02
1.866714283823966980e-02
1.865673437714576721e-02
1.864824444055557251e-02
1.863948814570903778e-02
1.863164454698562622e-02
1.862540468573570251e-02
1.861986890435218811e-02
1.861634850502014160e-02
1.861015148460865021e-02
1.860289275646209717e-02
1.859424449503421783e-02
1.858471520245075226e-02
1.857879385352134705e-02
1.856933534145355225e-02
1.856379956007003784e-02
1.855790428817272186e-02
1.854783482849597931e-02
1.853950321674346924e-02
1.852781325578689575e-02
1.851294562220573425e-02
1.849370077252388000e-02
1.848368160426616669e-02
1.846388913691043854e-02
1.845195889472961426e-02
1.843902468681335449e-02
1.841682940721511841e-02
1.840259879827499390e-02
1.838795281946659088e-02
1.838164031505584717e-02
1.837923005223274231e-02
1.837706193327903748e-02
1.837120763957500458e-02
1.836618222296237946e-02
1.836027391254901886e-02
1.834653690457344055e-02
1.833181641995906830e-02
1.831465959548950195e-02
1.828255690634250641e-02
1.825815811753273010e-02
1.823567412793636322e-02
1.822074316442012787e-02
1.820946112275123596e-02
1.820069551467895508e-02
1.819319650530815125e-02
1.818077638745307922e-02
1.816743984818458557e-02
1.815229840576648712e-02
1.813896745443344116e-02
1.812818460166454315e-02
1.812280155718326569e-02
1.811602897942066193e-02
1.811098493635654449e-02
1.810128614306449890e-02
1.808352768421173096e-02
1.806788705289363861e-02
1.805300079286098480e-02
1.804737001657485962e-02
1.803320460021495819e-02
1.802458800375461578e-02
1.800971105694770813e-02
1.799292303621768951e-02
1.796807162463665009e-02
1.793632842600345612e-02
1.792055368423461914e-02
1.791250146925449371e-02
1.789269037544727325e-02
1.788281090557575226e-02
1.787131465971469879e-02
1.786101795732975006e-02
1.784315891563892365e-02
1.781417056918144226e-02
1.778602972626686096e-02
1.774931699037551880e-02
1.772086322307586670e-02
1.768349297344684601e-02
1.766394078731536865e-02
1.764640770852565765e-02
1.763056218624114990e-02
1.762363314628601074e-02
1.761397905647754669e-02
1.760597154498100281e-02
1.759899221360683441e-02
1.758241653442382812e-02
1.756611280143260956e-02
1.755275949835777283e-02
1.753185316920280457e-02
1.751293241977691650e-02
1.749726757407188416e-02
1.748287677764892578e-02
1.747218705713748932e-02
1.746333949267864227e-02
1.745569333434104919e-02
1.744478568434715271e-02
1.743629947304725647e-02
1.742560788989067078e-02
1.741757057607173920e-02
1.741064153611660004e-02
1.740192063152790070e-02
1.739009656012058258e-02
1.738104410469532013e-02
1.737402752041816711e-02
1.736459508538246155e-02
1.735626161098480225e-02
1.734714768826961517e-02
1.733591035008430481e-02
1.732520759105682373e-02
1.731462031602859497e-02
1.730179600417613983e-02
1.729237288236618042e-02
1.728264614939689636e-02
1.727055385708808899e-02
1.726142130792140961e-02
1.724893227219581604e-02
1.724090799689292908e-02
1.722709648311138153e-02
1.721147075295448303e-02
1.719186082482337952e-02
1.716698147356510162e-02
1.714161038398742676e-02
1.711963862180709839e-02
1.710597984492778778e-02
1.709516905248165131e-02
1.707680709660053253e-02
1.706418208777904510e-02
1.704532280564308167e-02
1.702947542071342468e-02
1.701311953365802765e-02
1.700047962367534637e-02
1.698965393006801605e-02
1.697560213506221771e-02
1.696519181132316589e-02
1.695819757878780365e-02
1.694712229073047638e-02
1.693663187325000763e-02
1.692759059369564056e-02
1.691035181283950806e-02
1.689786836504936218e-02
1.687855459749698639e-02
1.686681993305683136e-02
1.684983819723129272e-02
1.682407595217227936e-02
1.680426858365535736e-02
1.678245887160301208e-02
1.677171327173709869e-02
1.675359904766082764e-02
1.674633659422397614e-02
1.673260144889354706e-02
1.672417856752872467e-02
1.670519262552261353e-02
1.669595204293727875e-02
1.668586768209934235e-02
1.668126136064529419e-02
1.667619310319423676e-02
1.666932925581932068e-02
1.666298136115074158e-02
1.665693894028663635e-02
1.665057055652141571e-02
1.664445735514163971e-02
1.663675718009471893e-02
1.662599667906761169e-02
1.661999896168708801e-02
1.661088876426219940e-02
1.660239696502685547e-02
1.659209839999675751e-02
1.657938770949840546e-02
1.657196693122386932e-02
1.656236872076988220e-02
1.655763201415538788e-02
1.655445806682109833e-02
1.655132137238979340e-02
1.654678024351596832e-02
1.654106378555297852e-02
1.653353497385978699e-02
1.652414351701736450e-02
1.651451736688613892e-02
1.650700159370899200e-02
1.650165207684040070e-02
1.649011671543121338e-02
1.648108847439289093e-02
1.647521741688251495e-02
1.646757684648036957e-02
1.646053232252597809e-02
1.645314507186412811e-02
1.644472777843475342e-02
1.643920131027698517e-02
1.643580757081508636e-02
1.642868109047412872e-02
1.642161607742309570e-02
1.641295105218887329e-02
1.640855520963668823e-02
1.640169508755207062e-02
1.639840565621852875e-02
1.639417372643947601e-02
1.638906821608543396e-02
1.638533547520637512e-02
1.637428440153598785e-02
1.636286266148090363e-02
1.634874194860458374e-02
1.633022911846637726e-02
1.632345281541347504e-02
1.631426252424716949e-02
1.630985736846923828e-02
1.630570739507675171e-02
1.630212925374507904e-02
1.629731617867946625e-02
1.629081368446350098e-02
1.628134585916996002e-02
1.627862267196178436e-02
1.627155393362045288e-02
1.626516133546829224e-02
1.625810004770755768e-02
1.624971628189086914e-02
1.624707505106925964e-02
1.624294184148311615e-02
1.623954065144062042e-02
1.623678766191005707e-02
1.623316109180450439e-02
1.622736267745494843e-02
1.622137986123561859e-02
1.621165312826633453e-02
1.620654761791229248e-02
1.618602871894836426e-02
1.618026196956634521e-02
1.617610268294811249e-02
1.617463305592536926e-02
1.616830565035343170e-02
1.615971140563488007e-02
1.614991389214992523e-02
1.613814197480678558e-02
1.612667366862297058e-02
1.611891575157642365e-02
1.611246913671493530e-02
1.610719785094261169e-02
1.610107906162738800e-02
1.609426736831665039e-02
1.608164608478546143e-02
1.607380993664264679e-02
1.606696471571922302e-02
1.606258004903793335e-02
1.605337299406528473e-02
1.605201512575149536e-02
1.604519411921501160e-02
1.604056358337402344e-02
1.603660546243190765e-02
1.603190228343009949e-02
1.602839678525924683e-02
1.602418720722198486e-02
1.602265611290931702e-02
1.601817645132541656e-02
1.601470634341239929e-02
1.600956730544567108e-02
1.600583270192146301e-02
1.600493118166923523e-02
1.600310951471328735e-02
1.600229740142822266e-02
1.600204035639762878e-02
1.599955186247825623e-02
1.599733158946037292e-02
1.599705405533313751e-02
1.599438302218914032e-02
1.599397510290145874e-02
1.599367707967758179e-02
1.599172130227088928e-02
1.599070802330970764e-02
1.598901115357875824e-02
1.598624140024185181e-02
1.598426327109336853e-02
1.597959920763969421e-02
1.597527042031288147e-02
1.597300730645656586e-02
1.596956886351108551e-02
1.596604473888874054e-02
1.596207916736602783e-02
1.595723815262317657e-02
1.595437712967395782e-02
1.594927906990051270e-02
1.594722084701061249e-02
1.594593934714794159e-02
1.594256423413753510e-02
1.593974418938159943e-02
1.593790017068386078e-02
1.593547128140926361e-02
1.593336649239063263e-02
1.593078114092350006e-02
1.592786982655525208e-02
1.592477038502693176e-02
1.591910608112812042e-02
1.591150276362895966e-02
1.590630225837230682e-02
1.590068265795707703e-02
1.589223183691501617e-02
1.588104479014873505e-02
1.587225310504436493e-02
1.586011983454227448e-02
1.584884151816368103e-02
1.584202796220779419e-02
1.583563722670078278e-02
1.583318598568439484e-02
1.582989469170570374e-02
1.582890748977661133e-02
1.582843437790870667e-02
1.582596451044082642e-02
1.582374796271324158e-02
1.582246273756027222e-02
1.582193747162818909e-02
1.582016982138156891e-02
1.581930369138717651e-02
1.581739075481891632e-02
1.581670343875885010e-02
1.581558585166931152e-02
1.581373251974582672e-02
1.581224054098129272e-02
1.580930873751640320e-02
1.580486074090003967e-02
1.580116711556911469e-02
1.579836569726467133e-02
1.579521410167217255e-02
1.579121500253677368e-02
1.578390598297119141e-02
1.577556319534778595e-02
1.576449163258075714e-02
1.575473882257938385e-02
1.574843749403953552e-02
1.574435271322727203e-02
1.574002020061016083e-02
1.573694124817848206e-02
1.572927646338939667e-02
1.572219468653202057e-02
1.571529544889926910e-02
1.571219787001609802e-02
1.570685766637325287e-02
1.570194214582443237e-02
1.569757238030433655e-02
1.569248735904693604e-02
1.568788848817348480e-02
1.568243838846683502e-02
1.567794568836688995e-02
1.567327603697776794e-02
1.566395349800586700e-02
1.565877720713615417e-02
1.564669795334339142e-02
1.563701406121253967e-02
1.563113182783126831e-02
1.562813110649585724e-02
1.562277972698211670e-02
1.562036015093326569e-02
1.561696082353591919e-02
1.561480108648538589e-02
1.561104785650968552e-02
1.560806948691606522e-02
1.560728903859853745e-02
1.560406573116779327e-02
1.559984311461448669e-02
1.559730526059865952e-02
1.559601537883281708e-02
1.559583935886621475e-02
1.559431012719869614e-02
1.559157110750675201e-02
1.558992546051740646e-02
1.558733917772769928e-02
1.558538060635328293e-02
1.558258663862943649e-02
1.558113377541303635e-02
1.558015588670969009e-02
1.557754073292016983e-02
1.557590253651142120e-02
1.557280123233795166e-02
1.556793507188558578e-02
1.556157879531383514e-02
1.556035038083791733e-02
1.555595826357603073e-02
1.555059850215911865e-02
1.554761361330747604e-02
1.554541103541851044e-02
1.554202008992433548e-02
1.553880795836448669e-02
1.553513482213020325e-02
1.553151942789554596e-02
1.552887540310621262e-02
1.552607957273721695e-02
1.552242692559957504e-02
1.552028395235538483e-02
1.551507133990526199e-02
1.551223546266555786e-02
1.550887804478406906e-02
1.550598349422216415e-02
1.550568453967571259e-02
1.550320908427238464e-02
1.550272386521100998e-02
1.549971196800470352e-02
1.549940649420022964e-02
1.549795083701610565e-02
1.549751497805118561e-02
1.549540087580680847e-02
1.549296546727418900e-02
1.549105066806077957e-02
1.549020037055015564e-02
1.548706740140914917e-02
1.548681966960430145e-02
1.548470277339220047e-02
1.548304967582225800e-02
1.548190228641033173e-02
1.547672878950834274e-02
1.547118835151195526e-02
1.546860300004482269e-02
1.546573080122470856e-02
1.546134892851114273e-02
1.545932516455650330e-02
1.545728184282779694e-02
1.545329857617616653e-02
1.544929668307304382e-02
1.544599886983633041e-02
1.544361747801303864e-02
1.544173154979944229e-02
1.543864794075489044e-02
1.543569657951593399e-02
1.543131936341524124e-02
1.542788278311491013e-02
1.542126480489969254e-02
1.541871204972267151e-02
1.541403494775295258e-02
1.541006378829479218e-02
1.540551427751779556e-02
1.540311612188816071e-02
1.540012750774621964e-02
1.539951283484697342e-02
1.539741270244121552e-02
1.539489720016717911e-02
1.539208181202411652e-02
1.538997236639261246e-02
1.538639608770608902e-02
1.538462471216917038e-02
1.538350805640220642e-02
1.538280304521322250e-02
1.538141258060932159e-02
1.537941396236419678e-02
1.537720579653978348e-02
1.537437923252582550e-02
1.537242904305458069e-02
1.536980457603931427e-02
1.536380965262651443e-02
1.536140125244855881e-02
1.536054536700248718e-02
1.535924337804317474e-02
1.535651367157697678e-02
1.535447407513856888e-02
1.535249408334493637e-02
1.535199210047721863e-02
1.534986030310392380e-02
1.534731034189462662e-02
1.534663047641515732e-02
1.534393057227134705e-02
1.534184627234935760e-02
1.533973217010498047e-02
1.533652283251285553e-02
1.533323712646961212e-02
1.532949600368738174e-02
1.532583404332399368e-02
1.532396394759416580e-02
1.531938277184963226e-02
1.531375665217638016e-02
1.530862506479024887e-02
1.530715264379978180e-02
1.530206017196178436e-02
1.529856771230697632e-02
1.529303751885890961e-02
1.528706401586532593e-02
1.528323348611593246e-02
1.527730189263820648e-02
1.527002919465303421e-02
1.526051387190818787e-02
1.525496598333120346e-02
1.525149680674076080e-02
1.524897012859582901e-02
1.524489279836416245e-02
1.524136401712894440e-02
1.523705199360847473e-02
1.523024961352348328e-02
1.522147841751575470e-02
1.521369628608226776e-02
1.520920824259519577e-02
1.520585734397172928e-02
1.520302426069974899e-02
1.520113740116357803e-02
1.519924215972423553e-02
1.519852783530950546e-02
1.519634667783975601e-02
1.519571989774703979e-02
1.519198715686798096e-02
1.519072055816650391e-02
1.518658921122550964e-02
1.518307253718376160e-02
1.518115028738975525e-02
1.517863757908344269e-02
1.517133694142103195e-02
1.516417041420936584e-02
1.515447814017534256e-02
1.514729857444763184e-02
1.514452323317527771e-02
1.514385174959897995e-02
1.514254696667194366e-02
1.514077186584472656e-02
1.513722818344831467e-02
1.513597555458545685e-02
1.513333432376384735e-02
1.513017062097787857e-02
1.512675546109676361e-02
1.512347254902124405e-02
1.512193586677312851e-02
1.511895656585693359e-02
1.511678565293550491e-02
1.511408202350139618e-02
1.511160284280776978e-02
1.511067897081375122e-02
1.510697230696678162e-02
1.510324701666831970e-02
1.509673334658145905e-02
1.509240642189979553e-02
1.507966127246618271e-02
1.506910286843776703e-02
1.505815610289573669e-02
1.504814811050891876e-02
1.503618154674768448e-02
1.502259075641632080e-02
1.501678582280874252e-02
1.500780228525400162e-02
1.499634794890880585e-02
1.498782727867364883e-02
1.497931499034166336e-02
1.497289817780256271e-02
1.496717240661382675e-02
1.495879422873258591e-02
1.495347358286380768e-02
1.494587864726781845e-02
1.493341196328401566e-02
1.492304727435112000e-02
1.490941829979419708e-02
1.489583216607570648e-02
1.488661672919988632e-02
1.487929653376340866e-02
1.487232372164726257e-02
1.486671995371580124e-02
1.486065890640020370e-02
1.485588308423757553e-02
1.484844367951154709e-02
1.484007667750120163e-02
1.482932362705469131e-02
1.482149492949247360e-02
1.481611188501119614e-02
1.480898167937994003e-02
1.480053365230560303e-02
1.479595154523849487e-02
1.479091588407754898e-02
1.478789653629064560e-02
1.478325389325618744e-02
1.477560214698314667e-02
1.477165706455707550e-02
1.476037781685590744e-02
1.475051511079072952e-02
1.474135834723711014e-02
1.473125722259283066e-02
1.472777035087347031e-02
1.471513509750366211e-02
1.471090596169233322e-02
1.470508705824613571e-02
1.469764765352010727e-02
1.468512695282697678e-02
1.467320229858160019e-02
1.466689072549343109e-02
1.466062851250171661e-02
1.465343963354825974e-02
1.464497763663530350e-02
1.463619712740182877e-02
1.462947949767112732e-02
1.462479587644338608e-02
1.462039630860090256e-02
1.461015548557043076e-02
1.459275186061859131e-02
1.458807289600372314e-02
1.458354201167821884e-02
1.457728724926710129e-02
1.456977054476737976e-02
1.456078235059976578e-02
1.455206144601106644e-02
1.454565953463315964e-02
1.454081665724515915e-02
1.453318074345588684e-02
1.452658418565988541e-02
1.451981998980045319e-02
1.451266556978225708e-02
1.450277585536241531e-02
1.449296157807111740e-02
1.448184624314308167e-02
1.447380892932415009e-02
1.446657720953226089e-02
1.445307396352291107e-02
1.444291789084672928e-02
1.443572435528039932e-02
1.442917250096797943e-02
1.442247349768877029e-02
1.441421639174222946e-02
1.440191455185413361e-02
1.439481880515813828e-02
1.438383851200342178e-02
1.438178308308124542e-02
1.437196880578994751e-02
1.436617225408554077e-02
1.435878314077854156e-02
1.435229089111089706e-02
1.434695534408092499e-02
1.434241048991680145e-02
1.433884818106889725e-02
1.433589775115251541e-02
1.433223020285367966e-02
1.432600244879722595e-02
1.432069018483161926e-02
1.431458443403244019e-02
1.430629193782806396e-02
1.430360320955514908e-02
1.430136058479547501e-02
1.430002134293317795e-02
1.429745089262723923e-02
1.429105922579765320e-02
1.428500469774007797e-02
1.428055111318826675e-02
1.427794992923736572e-02
1.427399367094039917e-02
1.427130308002233505e-02
1.426788605749607086e-02
1.426477823406457901e-02
1.426067482680082321e-02
1.425899472087621689e-02
1.425461005419492722e-02
1.424937788397073746e-02
1.424616575241088867e-02
1.424337457865476608e-02
1.424188353121280670e-02
1.424010284245014191e-02
1.423625368624925613e-02
1.423619687557220459e-02
1.423417404294013977e-02
1.423362921923398972e-02
1.423317659646272659e-02
1.423132792115211487e-02
1.422773674130439758e-02
1.422595884650945663e-02
1.422371063381433487e-02
1.421894598752260208e-02
1.421346515417098999e-02
1.420639920979738235e-02
1.419937890022993088e-02
1.419259328395128250e-02
1.418728195130825043e-02
1.418026071041822433e-02
1.417343597859144211e-02
1.417010650038719177e-02
1.416340097784996033e-02
1.415793877094984055e-02
1.415122207254171371e-02
1.414447743445634842e-02
1.413689460605382919e-02
1.413132995367050171e-02
1.412239018827676773e-02
1.411339454352855682e-02
1.410339213907718658e-02
1.409648731350898743e-02
1.409124862402677536e-02
1.408525463193655014e-02
1.407585944980382919e-02
1.406810712069272995e-02
1.405944861471652985e-02
1.405008975416421890e-02
1.403298974037170410e-02
1.402100734412670135e-02
1.400927361100912094e-02
1.399481855332851410e-02
1.397408731281757355e-02
1.396590285003185272e-02
1.393851917237043381e-02
1.391633879393339157e-02
1.389200985431671143e-02
1.388358231633901596e-02
1.386949326843023300e-02
1.386075653135776520e-02
1.384901907294988632e-02
1.384014356881380081e-02
1.383211277425289154e-02
1.382545102387666702e-02
1.381932292133569717e-02
1.380878128111362457e-02
1.380288414657115936e-02
1.379225216805934906e-02
1.377857010811567307e-02
1.376819889992475510e-02
1.375706493854522705e-02
1.375148538500070572e-02
1.374343037605285645e-02
1.372984610497951508e-02
1.371831260621547699e-02
1.369925867766141891e-02
1.367070060223340988e-02
1.364667713642120361e-02
1.362727303057909012e-02
1.361238583922386169e-02
1.360100042074918747e-02
1.359116099774837494e-02
1.358496211469173431e-02
1.358111295849084854e-02
1.357648614794015884e-02
1.357142906635999680e-02
1.356378849595785141e-02
1.355234067887067795e-02
1.354278810322284698e-02
1.353769470006227493e-02
1.352939475327730179e-02
1.352469157427549362e-02
1.351784449070692062e-02
1.351156458258628845e-02
1.350257545709609985e-02
1.349531672894954681e-02
1.348800305277109146e-02
1.348041184246540070e-02
1.346945203840732574e-02
1.345957443118095398e-02
1.343725156038999557e-02
1.341689936816692352e-02
1.340026315301656723e-02
1.338557247072458267e-02
1.338086090981960297e-02
1.337662432342767715e-02
1.336980704218149185e-02
1.336254086345434189e-02
1.335438806563615799e-02
1.334955450147390366e-02
1.334156654775142670e-02
1.333404611796140671e-02
1.332192681729793549e-02
1.330745127052068710e-02
1.329517923295497894e-02
1.329101249575614929e-02
1.328639779239892960e-02
1.328209321945905685e-02
1.328105665743350983e-02
1.327327080070972443e-02
1.326914690434932709e-02
1.326299179345369339e-02
1.325883157551288605e-02
1.325224712491035461e-02
1.324176974594593048e-02
1.323441602289676666e-02
1.322773844003677368e-02
1.322081312537193298e-02
1.321536954492330551e-02
1.320896297693252563e-02
1.319976802915334702e-02
1.319174934178590775e-02
1.318468619138002396e-02
1.317878253757953644e-02
1.317174918949604034e-02
1.316216029226779938e-02
1.315339747816324234e-02
1.314592361450195312e-02
1.313714124262332916e-02
1.311569474637508392e-02
1.311225537210702896e-02
1.309456210583448410e-02
1.308928243815898895e-02
1.308324374258518219e-02
1.307861693203449249e-02
1.306594815105199814e-02
1.305644679814577103e-02
1.304947771131992340e-02
1.304099429398775101e-02
1.303574070334434509e-02
1.303035859018564224e-02
1.302672829478979111e-02
1.301823370158672333e-02
1.300999801605939865e-02
1.300395466387271881e-02
1.299861725419759750e-02
1.299349404871463776e-02
1.298926491290330887e-02
1.298454310745000839e-02
1.297702733427286148e-02
1.297479122877120972e-02
1.296888012439012527e-02
1.296615414321422577e-02
1.296032965183258057e-02
1.295808237046003342e-02
1.295551843941211700e-02
1.295231748372316360e-02
1.294857356697320938e-02
1.294447761029005051e-02
1.293986476957798004e-02
1.293751411139965057e-02
1.293179579079151154e-02
1.292924862354993820e-02
1.292666513472795486e-02
1.292324997484683990e-02
1.291935797780752182e-02
1.291471906006336212e-02
1.291125640273094177e-02
1.291026454418897629e-02
1.290728989988565445e-02
1.290339510887861252e-02
1.290277298539876938e-02
1.289995759725570679e-02
1.289650611579418182e-02
1.289548911154270172e-02
1.289356034249067307e-02
1.289026997983455658e-02
1.288795750588178635e-02
1.288570091128349304e-02
1.288352161645889282e-02
1.288145780563354492e-02
1.287890598177909851e-02
1.287748478353023529e-02
1.287673879414796829e-02
1.287317276000976562e-02
1.287075318396091461e-02
1.286980137228965759e-02
1.286703906953334808e-02
1.286534313112497330e-02
1.286309212446212769e-02
1.286170724779367447e-02
1.286021620035171509e-02
1.285936031490564346e-02
1.285818498581647873e-02
1.285763736814260483e-02
1.285587437450885773e-02
1.285362057387828827e-02
1.284853368997573853e-02
1.284413784742355347e-02
1.283787377178668976e-02
1.282930560410022736e-02
1.282375864684581757e-02
1.281791273504495621e-02
1.281572785228490829e-02
1.281297579407691956e-02
1.280921883881092072e-02
1.280447281897068024e-02
1.279832329601049423e-02
1.279061101377010345e-02
1.278252527117729187e-02
1.277761626988649368e-02
1.276804786175489426e-02
1.276163198053836823e-02
1.274904422461986542e-02
1.273924112319946289e-02
1.273202057927846909e-02
1.272566150873899460e-02
1.271696947515010834e-02
1.271023228764533997e-02
1.270361803472042084e-02
1.269920263439416885e-02
1.269353274255990982e-02
1.268917694687843323e-02
1.268771663308143616e-02
1.268571615219116211e-02
1.268500834703445435e-02
1.268275640904903412e-02
1.267956010997295380e-02
1.267577800899744034e-02
1.267412491142749786e-02
1.267020031809806824e-02
1.266851741820573807e-02
1.266520284116268158e-02
1.266162004321813583e-02
1.265996508300304413e-02
1.265778299421072006e-02
1.265693083405494690e-02
1.265671104192733765e-02
1.265610102564096451e-02
1.265477854758501053e-02
1.265181973576545715e-02
1.265171170234680176e-02
1.265134289860725403e-02
1.265053916722536087e-02
1.264942809939384460e-02
1.264797057956457138e-02
1.264727208763360977e-02
1.264703087508678436e-02
1.264571864157915115e-02
1.264429092407226562e-02
1.264365483075380325e-02
1.264006085693836212e-02
1.263815164566040039e-02
1.263534836471080780e-02
1.263151969760656357e-02
1.263062655925750732e-02
1.262925006449222565e-02
1.262623816728591919e-02
1.262551359832286835e-02
1.262403279542922974e-02
1.262134965509176254e-02
1.261613238602876663e-02
1.261557918041944504e-02
1.261557918041944504e-02
1.261557918041944504e-02
