1.916077232360839844e+01
1.916077232360839844e+01
1.915260314941406250e+01
1.915084457397460938e+01
1.914715576171875000e+01
1.913688278198242188e+01
1.911836051940917969e+01
1.909114265441894531e+01
1.905548858642578125e+01
1.901227760314941406e+01
1.896310424804687500e+01
1.891041946411132812e+01
1.885775566101074219e+01
1.880979347229003906e+01
1.877165412902832031e+01
1.874713897705078125e+01
1.873560905456542969e+01
1.873081398010253906e+01
1.872399139404296875e+01
1.871019172668457031e+01
1.869026184082031250e+01
1.866766166687011719e+01
1.864514732360839844e+01
1.862358856201171875e+01
1.860246086120605469e+01
1.858045196533203125e+01
1.855571365356445312e+01
1.852599716186523438e+01
1.848877143859863281e+01
1.844162559509277344e+01
1.838291549682617188e+01
1.831206512451171875e+01
1.822949790954589844e+01
1.813586235046386719e+01
1.802824783325195312e+01
1.789795494079589844e+01
1.773942565917968750e+01
1.755499458312988281e+01
1.735079956054687500e+01
1.712844276428222656e+01
1.687884330749511719e+01
1.659312629699707031e+01
1.627664566040039062e+01
1.594725418090820312e+01
1.561934852600097656e+01
1.530696201324462891e+01
1.504045677185058594e+01
1.482125568389892578e+01
1.463746929168701172e+01
1.450496006011962891e+01
1.438102149963378906e+01
1.421785736083984375e+01
1.401929664611816406e+01
1.380340480804443359e+01
1.362167453765869141e+01
1.350664043426513672e+01
1.342896461486816406e+01
1.337534904479980469e+01
1.331256866455078125e+01
1.323095893859863281e+01
1.313160324096679688e+01
1.302230548858642578e+01
1.291759777069091797e+01
1.281328201293945312e+01
1.273194122314453125e+01
1.268501186370849609e+01
1.266197299957275391e+01
1.262628746032714844e+01
1.257285404205322266e+01
1.251949310302734375e+01
1.248303318023681641e+01
1.246323966979980469e+01
1.245328521728515625e+01
1.244586467742919922e+01
1.243376255035400391e+01
1.241406250000000000e+01
1.238679695129394531e+01
1.235883235931396484e+01
1.233819007873535156e+01
1.232586574554443359e+01
1.231346416473388672e+01
1.229741859436035156e+01
1.228003692626953125e+01
1.226225566864013672e+01
1.224204921722412109e+01
1.222250938415527344e+01
1.220756340026855469e+01
1.219554233551025391e+01
1.218120288848876953e+01
1.216277313232421875e+01
1.214110183715820312e+01
1.211656951904296875e+01
1.208985805511474609e+01
1.206187629699707031e+01
1.203375720977783203e+01
1.200405216217041016e+01
1.197035026550292969e+01
1.193181705474853516e+01
1.188990592956542969e+01
1.184445667266845703e+01
1.179504108428955078e+01
1.174253940582275391e+01
1.168723392486572266e+01
1.162803363800048828e+01
1.156480312347412109e+01
1.149886989593505859e+01
1.143099403381347656e+01
1.136182880401611328e+01
1.129264068603515625e+01
1.122502994537353516e+01
1.116024684906005859e+01
1.109986591339111328e+01
1.104545783996582031e+01
1.099751091003417969e+01
1.095620632171630859e+01
1.092070960998535156e+01
1.088896751403808594e+01
1.085966396331787109e+01
1.083167266845703125e+01
1.080474090576171875e+01
1.077946472167968750e+01
1.075608825683593750e+01
1.073504066467285156e+01
1.071619796752929688e+01
1.069904422760009766e+01
1.068328857421875000e+01
1.066834545135498047e+01
1.065378475189208984e+01
1.063921260833740234e+01
1.062409973144531250e+01
1.060822772979736328e+01
1.059132766723632812e+01
1.057295608520507812e+01
1.055261516571044922e+01
1.052972984313964844e+01
1.050396442413330078e+01
1.047507572174072266e+01
1.044288539886474609e+01
1.040749263763427734e+01
1.036917972564697266e+01
1.032844924926757812e+01
1.028578376770019531e+01
1.024133682250976562e+01
1.019478034973144531e+01
1.014547824859619141e+01
1.009317302703857422e+01
1.003813457489013672e+01
9.981174468994140625e+00
9.923251152038574219e+00
9.865023612976074219e+00
9.806824684143066406e+00
9.748807907104492188e+00
9.691016197204589844e+00
9.633107185363769531e+00
9.574838638305664062e+00
9.516056060791015625e+00
9.457030296325683594e+00
9.398866653442382812e+00
9.342603683471679688e+00
9.288500785827636719e+00
9.236682891845703125e+00
9.187586784362792969e+00
9.143196105957031250e+00
9.110870361328125000e+00
9.123641967773437500e+00
9.115118026733398438e+00
9.006771087646484375e+00
8.992223739624023438e+00
8.988288879394531250e+00
8.907057762145996094e+00
8.923375129699707031e+00
8.862031936645507812e+00
8.844393730163574219e+00
8.818194389343261719e+00
8.778300285339355469e+00
8.769414901733398438e+00
8.725656509399414062e+00
8.718458175659179688e+00
8.679171562194824219e+00
8.668417930603027344e+00
8.635412216186523438e+00
8.621420860290527344e+00
8.591471672058105469e+00
8.574039459228515625e+00
8.546246528625488281e+00
8.527755737304687500e+00
8.501370429992675781e+00
8.482503890991210938e+00
8.457093238830566406e+00
8.439467430114746094e+00
8.415007591247558594e+00
8.398504257202148438e+00
8.375633239746093750e+00
8.359293937683105469e+00
8.339088439941406250e+00
8.321992874145507812e+00
8.303624153137207031e+00
8.286505699157714844e+00
8.268854141235351562e+00
8.253299713134765625e+00
8.235748291015625000e+00
8.219483375549316406e+00
8.219081878662109375e+00
8.214943885803222656e+00
8.209729194641113281e+00
8.191895484924316406e+00
8.163721084594726562e+00
8.144423484802246094e+00
8.120958328247070312e+00
8.096693992614746094e+00
8.082086563110351562e+00
8.037737846374511719e+00
7.999172687530517578e+00
7.944961071014404297e+00
7.888902187347412109e+00
7.827214717864990234e+00
7.774149417877197266e+00
7.697806835174560547e+00
7.634754180908203125e+00
7.496338367462158203e+00
7.368932723999023438e+00
7.126497745513916016e+00
7.027262687683105469e+00
6.975258350372314453e+00
6.932618618011474609e+00
6.900604248046875000e+00
6.870556831359863281e+00
6.827029705047607422e+00
6.763494014739990234e+00
6.690096855163574219e+00
6.622284889221191406e+00
6.573977470397949219e+00
6.526447296142578125e+00
6.480123519897460938e+00
6.412950515747070312e+00
6.363532066345214844e+00
6.349449157714843750e+00
6.321987628936767578e+00
6.295991897583007812e+00
6.262534141540527344e+00
6.215537548065185547e+00
6.120731353759765625e+00
6.006260871887207031e+00
5.798986434936523438e+00
5.569623947143554688e+00
5.415908336639404297e+00
5.319334983825683594e+00
5.225009918212890625e+00
5.145908355712890625e+00
5.053217887878417969e+00
4.956268787384033203e+00
4.864217758178710938e+00
4.765304088592529297e+00
4.675361156463623047e+00
4.537660598754882812e+00
4.461954593658447266e+00
4.401403427124023438e+00
4.342252731323242188e+00
4.290549278259277344e+00
4.232180595397949219e+00
4.187041759490966797e+00
4.117078781127929688e+00
4.048864841461181641e+00
4.000254631042480469e+00
3.973606109619140625e+00
3.953964233398437500e+00
3.938761472702026367e+00
3.908131361007690430e+00
3.827651977539062500e+00
3.797237634658813477e+00
3.746104717254638672e+00
3.706144571304321289e+00
3.661638021469116211e+00
3.630564928054809570e+00
3.582120180130004883e+00
3.545992612838745117e+00
3.511656522750854492e+00
3.477697610855102539e+00
3.445859670639038086e+00
3.408244609832763672e+00
3.365590333938598633e+00
3.324162006378173828e+00
3.292273759841918945e+00
3.257538795471191406e+00
3.217809438705444336e+00
3.197636127471923828e+00
3.181835889816284180e+00
3.163468360900878906e+00
3.140610456466674805e+00
3.114921092987060547e+00
3.100136041641235352e+00
3.085745334625244141e+00
3.063987970352172852e+00
3.032652139663696289e+00
2.987465620040893555e+00
2.914844989776611328e+00
2.858621120452880859e+00
2.818088769912719727e+00
2.796034097671508789e+00
2.772824764251708984e+00
2.754921197891235352e+00
2.736732006072998047e+00
2.720784425735473633e+00
2.713953495025634766e+00
2.699599266052246094e+00
2.690461158752441406e+00
2.677946567535400391e+00
2.664565086364746094e+00
2.653328657150268555e+00
2.647575139999389648e+00
2.643871307373046875e+00
2.639312982559204102e+00
2.633736371994018555e+00
2.626613378524780273e+00
2.617033004760742188e+00
2.603308439254760742e+00
2.587742090225219727e+00
2.578092813491821289e+00
2.571779966354370117e+00
2.567770242691040039e+00
2.564839363098144531e+00
2.561159133911132812e+00
2.553971767425537109e+00
2.541594266891479492e+00
2.530314922332763672e+00
2.520439386367797852e+00
2.513391256332397461e+00
2.505691766738891602e+00
2.499202966690063477e+00
2.483468055725097656e+00
2.476579427719116211e+00
2.467607975006103516e+00
2.455722808837890625e+00
2.445756435394287109e+00
2.431727647781372070e+00
2.425951004028320312e+00
2.420449495315551758e+00
2.410405635833740234e+00
2.405547380447387695e+00
2.398864269256591797e+00
2.389955043792724609e+00
2.380974054336547852e+00
2.364376544952392578e+00
2.344155311584472656e+00
2.327761411666870117e+00
2.310355186462402344e+00
2.291846036911010742e+00
2.283674240112304688e+00
2.276385307312011719e+00
2.269751548767089844e+00
2.264105796813964844e+00
2.248169422149658203e+00
2.227514505386352539e+00
2.204939365386962891e+00
2.161961317062377930e+00
2.133615493774414062e+00
2.118064880371093750e+00
2.098428487777709961e+00
2.080078840255737305e+00
2.056904077529907227e+00
2.039597034454345703e+00
2.018791437149047852e+00
2.000375032424926758e+00
1.983101248741149902e+00
1.960501313209533691e+00
1.937971115112304688e+00
1.915991425514221191e+00
1.898114919662475586e+00
1.886854648590087891e+00
1.873245596885681152e+00
1.861712098121643066e+00
1.856638669967651367e+00
1.849862813949584961e+00
1.843848824501037598e+00
1.835411190986633301e+00
1.819300889968872070e+00
1.800574183464050293e+00
1.793699860572814941e+00
1.789222717285156250e+00
1.786483883857727051e+00
1.783977150917053223e+00
1.781613349914550781e+00
1.778097152709960938e+00
1.773260235786437988e+00
1.765114903450012207e+00
1.751382470130920410e+00
1.737159967422485352e+00
1.725270986557006836e+00
1.716230869293212891e+00
1.708879351615905762e+00
1.703054308891296387e+00
1.697935819625854492e+00
1.693720102310180664e+00
1.689609169960021973e+00
1.686140775680541992e+00
1.682729005813598633e+00
1.677274107933044434e+00
1.672289490699768066e+00
1.667026281356811523e+00
1.657718896865844727e+00
1.637690901756286621e+00
1.624827623367309570e+00
1.600121855735778809e+00
1.582010030746459961e+00
1.566296815872192383e+00
1.551975727081298828e+00
1.525024533271789551e+00
1.502561569213867188e+00
1.488781094551086426e+00
1.470291972160339355e+00
1.463101506233215332e+00
1.457260608673095703e+00
1.449104189872741699e+00
1.440183997154235840e+00
1.432569622993469238e+00
1.426373481750488281e+00
1.421152710914611816e+00
1.413318037986755371e+00
1.404732942581176758e+00
1.397699117660522461e+00
1.391829013824462891e+00
1.387313485145568848e+00
1.384457230567932129e+00
1.379427433013916016e+00
1.374380707740783691e+00
1.368666887283325195e+00
1.361450672149658203e+00
1.352414608001708984e+00
1.344930171966552734e+00
1.341636776924133301e+00
1.337965130805969238e+00
1.332575440406799316e+00
1.326133728027343750e+00
1.317987084388732910e+00
1.308440923690795898e+00
1.298738718032836914e+00
1.294087171554565430e+00
1.287845015525817871e+00
1.283840060234069824e+00
1.277269601821899414e+00
1.266186237335205078e+00
1.252373337745666504e+00
1.239123940467834473e+00
1.226926088333129883e+00
1.209289908409118652e+00
1.188230991363525391e+00
1.177228450775146484e+00
1.159031867980957031e+00
1.143944621086120605e+00
1.132442235946655273e+00
1.123468637466430664e+00
1.099374055862426758e+00
1.070128202438354492e+00
1.044477939605712891e+00
1.038840770721435547e+00
1.020097374916076660e+00
1.003297090530395508e+00
9.792082309722900391e-01
9.576041698455810547e-01
9.334878325462341309e-01
9.185508489608764648e-01
9.102233052253723145e-01
8.909111618995666504e-01
8.791158199310302734e-01
8.595249652862548828e-01
8.497842550277709961e-01
8.373425006866455078e-01
8.232049345970153809e-01
8.081513643264770508e-01
7.926262021064758301e-01
7.831438183784484863e-01
7.750047445297241211e-01
7.672951221466064453e-01
7.634864449501037598e-01
7.571868896484375000e-01
7.465907931327819824e-01
7.343891263008117676e-01
7.168545722961425781e-01
6.912364363670349121e-01
6.735311150550842285e-01
6.636751890182495117e-01
6.543429493904113770e-01
6.505581736564636230e-01
6.478728055953979492e-01
6.442067623138427734e-01
6.395839452743530273e-01
6.342182159423828125e-01
6.287142038345336914e-01
6.238538026809692383e-01
6.153727173805236816e-01
6.073994636535644531e-01
5.963278412818908691e-01
5.868090987205505371e-01
5.809435844421386719e-01
5.743206143379211426e-01
5.690117478370666504e-01
5.639770030975341797e-01
5.542452335357666016e-01
5.458165407180786133e-01
5.408080816268920898e-01
5.371396541595458984e-01
5.339926481246948242e-01
5.298739671707153320e-01
5.251654982566833496e-01
5.194022059440612793e-01
5.124747157096862793e-01
5.030465126037597656e-01
4.881591498851776123e-01
4.727745652198791504e-01
4.656692743301391602e-01
4.573503732681274414e-01
4.525385797023773193e-01
4.470069706439971924e-01
4.427486956119537354e-01
4.386743009090423584e-01
4.372331202030181885e-01
4.343445301055908203e-01
4.294244050979614258e-01
4.219615757465362549e-01
4.160970151424407959e-01
4.133639931678771973e-01
4.113348126411437988e-01
4.100007116794586182e-01
4.089401364326477051e-01
4.073833823204040527e-01
4.060025811195373535e-01
4.044733345508575439e-01
4.033160209655761719e-01
4.018398821353912354e-01
3.987235426902770996e-01
3.970950543880462646e-01
3.956260085105895996e-01
3.936509490013122559e-01
3.919726014137268066e-01
3.890849947929382324e-01
3.868156373500823975e-01
3.832580447196960449e-01
3.822608888149261475e-01
3.806866407394409180e-01
3.789240717887878418e-01
3.773249685764312744e-01
3.730544149875640869e-01
3.693515062332153320e-01
3.659202158451080322e-01
3.617438375949859619e-01
3.599250316619873047e-01
3.589268922805786133e-01
3.586025238037109375e-01
3.576067984104156494e-01
3.561603426933288574e-01
3.547300696372985840e-01
3.528994619846343994e-01
3.504662215709686279e-01
3.478350937366485596e-01
3.459688425064086914e-01
3.437290787696838379e-01
3.413952291011810303e-01
3.392259478569030762e-01
3.355874419212341309e-01
3.325508832931518555e-01
3.306738436222076416e-01
3.296612203121185303e-01
3.275021910667419434e-01
3.247251808643341064e-01
3.218807280063629150e-01
3.189153373241424561e-01
3.153268694877624512e-01
3.137840926647186279e-01
3.102704584598541260e-01
3.029551506042480469e-01
2.988184094429016113e-01
2.961552441120147705e-01
2.915135622024536133e-01
2.884785234928131104e-01
2.848847210407257080e-01
2.822036445140838623e-01
2.790428996086120605e-01
2.762067317962646484e-01
2.739740610122680664e-01
2.724820971488952637e-01
2.721590399742126465e-01
2.713590860366821289e-01
2.706043720245361328e-01
2.697721123695373535e-01
2.692942917346954346e-01
2.686815261840820312e-01
2.667496502399444580e-01
2.648828029632568359e-01
2.639341950416564941e-01
2.615457475185394287e-01
2.599335014820098877e-01
2.589363157749176025e-01
2.578075230121612549e-01
2.563456594944000244e-01
2.557549178600311279e-01
2.555768489837646484e-01
2.544331550598144531e-01
2.539467215538024902e-01
2.521484792232513428e-01
2.491427063941955566e-01
2.448200881481170654e-01
2.431222647428512573e-01
2.399444282054901123e-01
2.382069379091262817e-01
2.373197078704833984e-01
2.368258535861968994e-01
2.364195883274078369e-01
2.358300089836120605e-01
2.353248298168182373e-01
2.349852025508880615e-01
2.346237301826477051e-01
2.342619746923446655e-01
2.340454012155532837e-01
2.336419671773910522e-01
2.333092093467712402e-01
2.330811619758605957e-01
2.327238917350769043e-01
2.323246300220489502e-01
2.320093810558319092e-01
2.316212654113769531e-01
2.311345338821411133e-01
2.306439727544784546e-01
2.302844375371932983e-01
2.299803644418716431e-01
2.296931445598602295e-01
2.294816374778747559e-01
2.292406708002090454e-01
2.289064675569534302e-01
2.286442816257476807e-01
2.284201383590698242e-01
2.282077521085739136e-01
2.278590202331542969e-01
2.277389764785766602e-01
2.275141477584838867e-01
2.270745635032653809e-01
2.267697155475616455e-01
2.265398204326629639e-01
2.263529151678085327e-01
2.261007875204086304e-01
2.255313396453857422e-01
2.247594445943832397e-01
2.238335162401199341e-01
2.231650501489639282e-01
2.226185947656631470e-01
2.215601950883865356e-01
2.195334285497665405e-01
2.179822027683258057e-01
2.170797735452651978e-01
2.161653488874435425e-01
2.151302099227905273e-01
2.142244577407836914e-01
2.140762805938720703e-01
2.133023589849472046e-01
2.125834375619888306e-01
2.122391313314437866e-01
2.119665443897247314e-01
2.118153572082519531e-01
2.117306441068649292e-01
2.116524875164031982e-01
2.115876078605651855e-01
2.114753276109695435e-01
2.112226039171218872e-01
2.107930928468704224e-01
2.100352793931961060e-01
2.095159739255905151e-01
2.090368270874023438e-01
2.088291943073272705e-01
2.085774987936019897e-01
2.081700563430786133e-01
2.077051252126693726e-01
2.072627544403076172e-01
2.069747000932693481e-01
2.065747976303100586e-01
2.062968164682388306e-01
2.059103548526763916e-01
2.054290920495986938e-01
2.050880491733551025e-01
2.046552300453186035e-01
2.041874676942825317e-01
2.035160064697265625e-01
2.028615921735763550e-01
2.022294700145721436e-01
2.018709033727645874e-01
2.013413608074188232e-01
2.003737986087799072e-01
1.998830437660217285e-01
1.989206969738006592e-01
1.974242627620697021e-01
1.957551687955856323e-01
1.946502923965454102e-01
1.932886540889739990e-01
1.922901421785354614e-01
1.913310289382934570e-01
1.906918138265609741e-01
1.901588737964630127e-01
1.897207349538803101e-01
1.891314536333084106e-01
1.888136416673660278e-01
1.886672526597976685e-01
1.882686913013458252e-01
1.878833472728729248e-01
1.873817145824432373e-01
1.871849000453948975e-01
1.869499236345291138e-01
1.866712868213653564e-01
1.862857490777969360e-01
1.860476136207580566e-01
1.855910122394561768e-01
1.853444278240203857e-01
1.851331591606140137e-01
1.849922388792037964e-01
1.848382800817489624e-01
1.846029460430145264e-01
1.843454837799072266e-01
1.841886043548583984e-01
1.841019839048385620e-01
1.840315759181976318e-01
1.839291006326675415e-01
1.837492585182189941e-01
1.836939901113510132e-01
1.835130155086517334e-01
1.832057237625122070e-01
1.829479634761810303e-01
1.826267987489700317e-01
1.821586340665817261e-01
1.818106770515441895e-01
1.813156753778457642e-01
1.809018254280090332e-01
1.801746338605880737e-01
1.794285178184509277e-01
1.785936057567596436e-01
1.784593462944030762e-01
1.777754426002502441e-01
1.774487346410751343e-01
1.771291643381118774e-01
1.769023239612579346e-01
1.765961498022079468e-01
1.761428117752075195e-01
1.757198274135589600e-01
1.756291240453720093e-01
1.750692874193191528e-01
1.747561991214752197e-01
1.742274016141891479e-01
1.737421452999114990e-01
1.733763217926025391e-01
1.731623858213424683e-01
1.729916334152221680e-01
1.728380173444747925e-01
1.726259887218475342e-01
1.724619865417480469e-01
1.721057295799255371e-01
1.718293428421020508e-01
1.715784519910812378e-01
1.713576465845108032e-01
1.711391806602478027e-01
1.709035634994506836e-01
1.707272529602050781e-01
1.703467369079589844e-01
1.700533330440521240e-01
1.694422513246536255e-01
1.687355637550354004e-01
1.677506715059280396e-01
1.671743690967559814e-01
1.666033416986465454e-01
1.655809730291366577e-01
1.643359363079071045e-01
1.631012856960296631e-01
1.622503101825714111e-01
1.614189594984054565e-01
1.590742319822311401e-01
1.576046794652938843e-01
1.560851186513900757e-01
1.538109332323074341e-01
1.515062898397445679e-01
1.507196575403213501e-01
1.492788195610046387e-01
1.477602720260620117e-01
1.471351683139801025e-01
1.466716378927230835e-01
1.459780186414718628e-01
1.453057527542114258e-01
1.444607377052307129e-01
1.438487619161605835e-01
1.429473459720611572e-01
1.423338353633880615e-01
1.418097913265228271e-01
1.412422508001327515e-01
1.405591368675231934e-01
1.402266472578048706e-01
1.394536942243576050e-01
1.389382779598236084e-01
1.386412829160690308e-01
1.380868256092071533e-01
1.375391185283660889e-01
1.367186903953552246e-01
1.360990703105926514e-01
1.352516710758209229e-01
1.346289813518524170e-01
1.341363042593002319e-01
1.336635649204254150e-01
1.333057880401611328e-01
1.330559700727462769e-01
1.328411996364593506e-01
1.326441764831542969e-01
1.324961930513381958e-01
1.323873400688171387e-01
1.322858333587646484e-01
1.322070062160491943e-01
1.321053802967071533e-01
1.320286989212036133e-01
1.319766193628311157e-01
1.319326609373092651e-01
1.318478286266326904e-01
1.317703723907470703e-01
1.316969394683837891e-01
1.316005736589431763e-01
1.313390284776687622e-01
1.312411874532699585e-01
1.311442852020263672e-01
1.309779286384582520e-01
1.308137476444244385e-01
1.306987702846527100e-01
1.306409388780593872e-01
1.304976046085357666e-01
1.303571760654449463e-01
1.302080750465393066e-01
1.299844384193420410e-01
1.296852231025695801e-01
1.292383074760437012e-01
1.291852295398712158e-01
1.290579140186309814e-01
1.288702636957168579e-01
1.287032663822174072e-01
1.283754408359527588e-01
1.281337141990661621e-01
1.278926879167556763e-01
1.277440637350082397e-01
1.275498121976852417e-01
1.273482739925384521e-01
1.272075921297073364e-01
1.270998269319534302e-01
1.269995272159576416e-01
1.268445104360580444e-01
1.267238259315490723e-01
1.266468018293380737e-01
1.265929341316223145e-01
1.264987140893936157e-01
1.263267397880554199e-01
1.261295527219772339e-01
1.259315758943557739e-01
1.255370974540710449e-01
1.251112967729568481e-01
1.247455030679702759e-01
1.242382228374481201e-01
1.237990856170654297e-01
1.224424242973327637e-01
1.210076063871383667e-01
1.199309229850769043e-01
1.191194951534271240e-01
1.187523975968360901e-01
1.184591501951217651e-01
1.181333363056182861e-01
1.175771281123161316e-01
1.169582977890968323e-01
1.164162680506706238e-01
1.159117221832275391e-01
1.154432967305183411e-01
1.150873005390167236e-01
1.148008480668067932e-01
1.145734488964080811e-01
1.143837720155715942e-01
1.142233684659004211e-01
1.139466613531112671e-01
1.135948002338409424e-01
1.132965162396430969e-01
1.127934157848358154e-01
1.123511940240859985e-01
1.119061186909675598e-01
1.115162819623947144e-01
1.112503260374069214e-01
1.109828352928161621e-01
1.107732579112052917e-01
1.106176152825355530e-01
1.104775965213775635e-01
1.103811562061309814e-01
1.103062927722930908e-01
1.102484762668609619e-01
1.102097332477569580e-01
1.101601123809814453e-01
1.100835874676704407e-01
1.100492700934410095e-01
1.099169105291366577e-01
1.098538786172866821e-01
1.097834110260009766e-01
1.097357794642448425e-01
1.096537858247756958e-01
1.095472276210784912e-01
1.094587519764900208e-01
1.093598902225494385e-01
1.092723682522773743e-01
1.091597229242324829e-01
1.090551167726516724e-01
1.089388951659202576e-01
1.088819429278373718e-01
1.087951287627220154e-01
1.086970567703247070e-01
1.086503267288208008e-01
1.086180880665779114e-01
1.086039915680885315e-01
1.085743606090545654e-01
1.085225343704223633e-01
1.084976643323898315e-01
1.084760427474975586e-01
1.084602922201156616e-01
1.083921045064926147e-01
1.083336099982261658e-01
1.082533150911331177e-01
1.080419197678565979e-01
1.079146936535835266e-01
1.078511178493499756e-01
1.077873110771179199e-01
1.076073944568634033e-01
1.074469983577728271e-01
1.073297187685966492e-01
1.071665287017822266e-01
1.069040596485137939e-01
1.067104786634445190e-01
1.064352914690971375e-01
1.062148138880729675e-01
1.060205996036529541e-01
1.058370471000671387e-01
1.056947112083435059e-01
1.055620983242988586e-01
1.054572388529777527e-01
1.053551733493804932e-01
1.052502691745758057e-01
1.051750779151916504e-01
1.050949394702911377e-01
1.049993783235549927e-01
1.049007624387741089e-01
1.047595292329788208e-01
1.045986935496330261e-01
1.044302135705947876e-01
1.040845811367034912e-01
1.037968993186950684e-01
1.034903228282928467e-01
1.032376810908317566e-01
1.030992940068244934e-01
1.029517278075218201e-01
1.027790158987045288e-01
1.026796475052833557e-01
1.025584116578102112e-01
1.023639515042304993e-01
1.021045893430709839e-01
1.018873304128646851e-01
1.017511188983917236e-01
1.016617789864540100e-01
1.015828326344490051e-01
1.014648228883743286e-01
1.012889072299003601e-01
1.011311262845993042e-01
1.009825989603996277e-01
1.008821949362754822e-01
1.007602587342262268e-01
1.006748080253601074e-01
1.005585417151451111e-01
1.005147397518157959e-01
1.004083305597305298e-01
1.003313809633255005e-01
1.002651900053024292e-01
1.001879870891571045e-01
1.001388654112815857e-01
1.000607684254646301e-01
1.000290140509605408e-01
9.996939450502395630e-02
9.987644106149673462e-02
9.983386099338531494e-02
9.964637458324432373e-02
9.952388703823089600e-02
9.939743578433990479e-02
9.931460022926330566e-02
9.921445697546005249e-02
9.919036179780960083e-02
9.907184541225433350e-02
9.902604669332504272e-02
9.896794706583023071e-02
9.890049695968627930e-02
9.878381341695785522e-02
9.874194860458374023e-02
9.852598607540130615e-02
9.840527176856994629e-02
9.824407100677490234e-02
9.814133495092391968e-02
9.803377836942672729e-02
9.791018813848495483e-02
9.780370444059371948e-02
9.767412394285202026e-02
9.756025671958923340e-02
9.735379368066787720e-02
9.714040160179138184e-02
9.683018177747726440e-02
9.656374901533126831e-02
9.638192504644393921e-02
9.626492112874984741e-02
9.611949324607849121e-02
9.602706134319305420e-02
9.581440687179565430e-02
9.555929154157638550e-02
9.525123238563537598e-02
9.512247890233993530e-02
9.480520337820053101e-02
9.462161362171173096e-02
9.440267831087112427e-02
9.419764578342437744e-02
9.388022869825363159e-02
9.348065406084060669e-02
9.318437427282333374e-02
9.299258142709732056e-02
9.277954697608947754e-02
9.241461008787155151e-02
9.220743924379348755e-02
9.205197542905807495e-02
9.191261231899261475e-02
9.176282584667205811e-02
9.161922335624694824e-02
9.147175401449203491e-02
9.128022938966751099e-02
9.115353971719741821e-02
9.106521308422088623e-02
9.098731726408004761e-02
9.093286842107772827e-02
9.086161106824874878e-02
9.074025601148605347e-02
9.062296152114868164e-02
9.051539748907089233e-02
9.042466431856155396e-02
9.035165607929229736e-02
9.027408808469772339e-02
9.019144624471664429e-02
9.008833020925521851e-02
9.001470357179641724e-02
8.991577476263046265e-02
8.986601978540420532e-02
8.975702524185180664e-02
8.964391052722930908e-02
8.950722217559814453e-02
8.936173468828201294e-02
8.922497928142547607e-02
8.908917009830474854e-02
8.892571926116943359e-02
8.863491564989089966e-02
8.850502967834472656e-02
8.827268332242965698e-02
8.807252347469329834e-02
8.781340718269348145e-02
8.764080703258514404e-02
8.736895769834518433e-02
8.705952018499374390e-02
8.691159635782241821e-02
8.669127523899078369e-02
8.653466403484344482e-02
8.645763248205184937e-02
8.632806688547134399e-02
8.626458048820495605e-02
8.609008044004440308e-02
8.586597442626953125e-02
8.556880801916122437e-02
8.549591153860092163e-02
8.516935259103775024e-02
8.485817909240722656e-02
8.470131456851959229e-02
8.444225788116455078e-02
8.421164005994796753e-02
8.390393108129501343e-02
8.377727866172790527e-02
8.351749181747436523e-02
8.330076187849044800e-02
8.311518281698226929e-02
8.295957744121551514e-02
8.275087177753448486e-02
8.252540230751037598e-02
8.227267116308212280e-02
8.206814527511596680e-02
8.195081353187561035e-02
8.184269070625305176e-02
8.175159245729446411e-02
8.165957033634185791e-02
8.156679570674896240e-02
8.148158341646194458e-02
8.129504323005676270e-02
8.112689107656478882e-02
8.090652525424957275e-02
8.075642585754394531e-02
8.064617961645126343e-02
8.049340546131134033e-02
8.027568459510803223e-02
7.997540384531021118e-02
7.985232770442962646e-02
7.973851263523101807e-02
7.951467484235763550e-02
7.938089966773986816e-02
7.921573519706726074e-02
7.904635369777679443e-02
7.885670661926269531e-02
7.871899753808975220e-02
7.859139144420623779e-02
7.850194722414016724e-02
7.838416099548339844e-02
7.832514494657516479e-02
7.824853062629699707e-02
7.816724479198455811e-02
7.809708267450332642e-02
7.802682369947433472e-02
7.795229554176330566e-02
7.779553532600402832e-02
7.757127285003662109e-02
7.735417038202285767e-02
7.715477049350738525e-02
7.703131437301635742e-02
7.687702775001525879e-02
7.676540315151214600e-02
7.672435045242309570e-02
7.662097364664077759e-02
7.656554877758026123e-02
7.649432867765426636e-02
7.642276585102081299e-02
7.633779942989349365e-02
7.627219706773757935e-02
7.618815451860427856e-02
7.611430436372756958e-02
7.601630687713623047e-02
7.595690339803695679e-02
7.588613033294677734e-02
7.577274739742279053e-02
7.561305165290832520e-02
7.545419782400131226e-02
7.524213194847106934e-02
7.498010247945785522e-02
7.482814788818359375e-02
7.469901442527770996e-02
7.458212971687316895e-02
7.452118396759033203e-02
7.447499781847000122e-02
7.441460341215133667e-02
7.428386062383651733e-02
7.413673400878906250e-02
7.394428551197052002e-02
7.388710230588912964e-02
7.378941774368286133e-02
7.370083779096603394e-02
7.363392412662506104e-02
7.344808429479598999e-02
7.341191172599792480e-02
7.331921160221099854e-02
7.329072058200836182e-02
7.326301187276840210e-02
7.322409749031066895e-02
7.320101559162139893e-02
7.316597551107406616e-02
7.313232868909835815e-02
7.309977710247039795e-02
7.306577265262603760e-02
7.303804904222488403e-02
7.299805432558059692e-02
7.295936346054077148e-02
7.292314618825912476e-02
7.287044823169708252e-02
7.281325757503509521e-02
7.275836914777755737e-02
7.268499583005905151e-02
7.253075391054153442e-02
7.242044061422348022e-02
7.227713614702224731e-02
7.218602299690246582e-02
7.213614881038665771e-02
7.207845151424407959e-02
7.199620455503463745e-02
7.180387526750564575e-02
7.152134180068969727e-02
7.129730284214019775e-02
7.110415399074554443e-02
7.093271613121032715e-02
7.076407223939895630e-02
7.061802595853805542e-02
7.038019597530364990e-02
7.006664574146270752e-02
6.991605460643768311e-02
6.972132623195648193e-02
6.939865648746490479e-02
6.918074190616607666e-02
6.896749138832092285e-02
6.885756552219390869e-02
6.863784044981002808e-02
6.857439875602722168e-02
6.850416958332061768e-02
6.838996708393096924e-02
6.831140816211700439e-02
6.825876981019973755e-02
6.812693178653717041e-02
6.792901456356048584e-02
6.769794225692749023e-02
6.746542453765869141e-02
6.720755249261856079e-02
6.699540466070175171e-02
6.680861115455627441e-02
6.661139428615570068e-02
6.637946516275405884e-02
6.613531708717346191e-02
6.601128727197647095e-02
6.573543697595596313e-02
6.563096493482589722e-02
6.541694700717926025e-02
6.511519849300384521e-02
6.486885249614715576e-02
6.474697589874267578e-02
6.449156254529953003e-02
6.434635818004608154e-02
6.412876397371292114e-02
6.388509273529052734e-02
6.371603161096572876e-02
6.363324075937271118e-02
6.355769932270050049e-02
6.349656730890274048e-02
6.343839317560195923e-02
6.337477266788482666e-02
6.328716129064559937e-02
6.321582943201065063e-02
6.309990584850311279e-02
6.287575513124465942e-02
6.273354589939117432e-02
6.264941394329071045e-02
6.243614479899406433e-02
6.228595227003097534e-02
6.214293092489242554e-02
6.202368065714836121e-02
6.191828846931457520e-02
6.185076013207435608e-02
6.173628941178321838e-02
6.167385354638099670e-02
6.159285083413124084e-02
6.151773780584335327e-02
6.144399195909500122e-02
6.139753386378288269e-02
6.136411055922508240e-02
6.131653860211372375e-02
6.122756004333496094e-02
6.121770292520523071e-02
6.115022301673889160e-02
6.112930178642272949e-02
6.109152361750602722e-02
6.104357168078422546e-02
6.098849698901176453e-02
6.093857809901237488e-02
6.088299304246902466e-02
6.084900349378585815e-02
6.082563102245330811e-02
6.080662086606025696e-02
6.077900528907775879e-02
6.075708568096160889e-02
6.072211265563964844e-02
6.065602973103523254e-02
6.055365502834320068e-02
6.039345264434814453e-02
6.024891138076782227e-02
6.020992249250411987e-02
6.009013578295707703e-02
6.003404408693313599e-02
5.998217314481735229e-02
5.975972488522529602e-02
5.971720814704895020e-02
5.948842316865921021e-02
5.947039276361465454e-02
5.936715006828308105e-02
5.933690443634986877e-02
5.928961560130119324e-02
5.921304225921630859e-02
5.915075168013572693e-02
5.904413387179374695e-02
5.892121791839599609e-02
5.879678577184677124e-02
5.861783027648925781e-02
5.845334753394126892e-02
5.827341228723526001e-02
5.813365802168846130e-02
5.804726481437683105e-02
5.794110894203186035e-02
5.774505436420440674e-02
5.746806785464286804e-02
5.730806663632392883e-02
5.695841461420059204e-02
5.678107962012290955e-02
5.666348338127136230e-02
5.660029500722885132e-02
5.653067678213119507e-02
5.649202316999435425e-02
5.645236745476722717e-02
5.640363693237304688e-02
5.637944862246513367e-02
5.630023404955863953e-02
5.624301731586456299e-02
5.618656799197196960e-02
5.609687417745590210e-02
5.593463778495788574e-02
5.582814291119575500e-02
5.568636953830718994e-02
5.554032325744628906e-02
5.546593666076660156e-02
5.543513223528862000e-02
5.533653870224952698e-02
5.529734492301940918e-02
5.526926368474960327e-02
5.524247884750366211e-02
5.519743636250495911e-02
5.515103414654731750e-02
5.507711321115493774e-02
5.498202890157699585e-02
5.494331568479537964e-02
5.491755530238151550e-02
5.485370755195617676e-02
5.481320247054100037e-02
5.476930364966392517e-02
5.472538620233535767e-02
5.470545962452888489e-02
5.468429252505302429e-02
5.466575548052787781e-02
5.463165417313575745e-02
5.459884554147720337e-02
5.456037074327468872e-02
5.452208220958709717e-02
5.446560308337211609e-02
5.443483218550682068e-02
5.439223721623420715e-02
5.434189364314079285e-02
5.431887507438659668e-02
5.430826172232627869e-02
5.429049581289291382e-02
5.427492409944534302e-02
5.426081269979476929e-02
5.424312874674797058e-02
5.422606691718101501e-02
5.420639738440513611e-02
5.418394878506660461e-02
5.413837730884552002e-02
5.410360172390937805e-02
5.406866967678070068e-02
5.403338745236396790e-02
5.399029701948165894e-02
5.395167320966720581e-02
5.388992652297019958e-02
5.383474007248878479e-02
5.381926521658897400e-02
5.374288186430931091e-02
5.370421335101127625e-02
5.361784622073173523e-02
5.351910740137100220e-02
5.336604267358779907e-02
5.321555212140083313e-02
5.309192836284637451e-02
5.302008613944053650e-02
5.296047031879425049e-02
5.290939658880233765e-02
5.285745859146118164e-02
5.277960002422332764e-02
5.274083092808723450e-02
5.270081758499145508e-02
5.266591161489486694e-02
5.265080556273460388e-02
5.262149125337600708e-02
5.258897691965103149e-02
5.256439745426177979e-02
5.252126604318618774e-02
5.244870483875274658e-02
5.232271552085876465e-02
5.224371328949928284e-02
5.212415009737014771e-02
5.205666273832321167e-02
5.199613794684410095e-02
5.192233622074127197e-02
5.185658484697341919e-02
5.180325359106063843e-02
5.177537724375724792e-02
5.176017805933952332e-02
5.173877254128456116e-02
5.171131715178489685e-02
5.168842896819114685e-02
5.165995284914970398e-02
5.163000524044036865e-02
5.161138251423835754e-02
5.158655345439910889e-02
5.154947191476821899e-02
5.152400583028793335e-02
5.148053914308547974e-02
5.145017430186271667e-02
5.139609426259994507e-02
5.134759843349456787e-02
5.129244178533554077e-02
5.124714225530624390e-02
5.118525400757789612e-02
5.112891271710395813e-02
5.106144398450851440e-02
5.099891871213912964e-02
5.093813315033912659e-02
5.089218914508819580e-02
5.081773549318313599e-02
5.067581310868263245e-02
5.054566264152526855e-02
5.043021962046623230e-02
5.030804872512817383e-02
5.024250969290733337e-02
5.016104131937026978e-02
5.012717097997665405e-02
5.007102712988853455e-02
4.996672645211219788e-02
4.982944577932357788e-02
4.950729012489318848e-02
4.936845600605010986e-02
4.920732975006103516e-02
4.899591952562332153e-02
4.879711195826530457e-02
4.875597357749938965e-02
4.859016835689544678e-02
4.856038466095924377e-02
4.848850145936012268e-02
4.840681329369544983e-02
4.830983653664588928e-02
4.817750677466392517e-02
4.809250682592391968e-02
4.804455488920211792e-02
4.801104590296745300e-02
4.796116799116134644e-02
4.794821888208389282e-02
4.781956970691680908e-02
4.773648828268051147e-02
4.765159636735916138e-02
4.758800938725471497e-02
4.752615094184875488e-02
4.746013879776000977e-02
4.739180207252502441e-02
4.736236482858657837e-02
4.733109846711158752e-02
4.730020463466644287e-02
4.723366349935531616e-02
4.719676822423934937e-02
4.711081087589263916e-02
4.702240228652954102e-02
4.698348045349121094e-02
4.692633077502250671e-02
4.689525812864303589e-02
4.685685411095619202e-02
4.679979011416435242e-02
4.677318781614303589e-02
4.675548523664474487e-02
4.674721509218215942e-02
4.673242568969726562e-02
4.670195654034614563e-02
4.666531458497047424e-02
4.663415253162384033e-02
4.661674425005912781e-02
4.659441486001014709e-02
4.656430333852767944e-02
4.651632532477378845e-02
4.645990207791328430e-02
4.638092964887619019e-02
4.629404842853546143e-02
4.620753601193428040e-02
4.613245278596878052e-02
4.606569558382034302e-02
4.598522558808326721e-02
4.589076712727546692e-02
4.583377763628959656e-02
4.578127339482307434e-02
4.573550075292587280e-02
4.570376127958297729e-02
4.568263515830039978e-02
4.567346349358558655e-02
4.564591869711875916e-02
4.563310742378234863e-02
4.561936110258102417e-02
4.560392722487449646e-02
4.558658599853515625e-02
4.556053876876831055e-02
4.553315788507461548e-02
4.551135748624801636e-02
4.545892775058746338e-02
4.542634636163711548e-02
4.538459703326225281e-02
4.534514248371124268e-02
4.529973492026329041e-02
4.526127129793167114e-02
4.521382227540016174e-02
4.518056288361549377e-02
4.514596611261367798e-02
4.511736333370208740e-02
4.508413374423980713e-02
4.501523450016975403e-02
4.498103260993957520e-02
4.492481425404548645e-02
4.486055299639701843e-02
4.476792365312576294e-02
4.464690387248992920e-02
4.450669139623641968e-02
4.437008127570152283e-02
4.431288689374923706e-02
4.423843696713447571e-02
4.419895261526107788e-02
4.416194558143615723e-02
4.413641989231109619e-02
4.410434141755104065e-02
4.406040906906127930e-02
4.402526095509529114e-02
4.397765174508094788e-02
4.395441338419914246e-02
4.389613121747970581e-02
4.383506998419761658e-02
4.374556243419647217e-02
4.368550702929496765e-02
4.362908378243446350e-02
4.357974603772163391e-02
4.350862652063369751e-02
4.347461462020874023e-02
4.340693727135658264e-02
4.336630925536155701e-02
4.331066831946372986e-02
4.325398802757263184e-02
4.321175068616867065e-02
4.318410158157348633e-02
4.317115247249603271e-02
4.315957427024841309e-02
4.314340278506278992e-02
4.312862828373908997e-02
4.310300201177597046e-02
4.307183250784873962e-02
4.303295910358428955e-02
4.301000759005546570e-02
4.298740997910499573e-02
4.297393560409545898e-02
4.294622689485549927e-02
4.291199520230293274e-02
4.286693036556243896e-02
4.282411187887191772e-02
4.278484731912612915e-02
4.275470227003097534e-02
4.273095726966857910e-02
4.271075874567031860e-02
4.268188029527664185e-02
4.265041276812553406e-02
4.258139804005622864e-02
4.251378774642944336e-02
4.235476627945899963e-02
4.211656749248504639e-02
4.201036319136619568e-02
4.194809496402740479e-02
4.188818484544754028e-02
4.184532910585403442e-02
4.180912300944328308e-02
4.179015383124351501e-02
4.177029430866241455e-02
4.174535721540451050e-02
4.172647744417190552e-02
4.170090332627296448e-02
4.166580364108085632e-02
4.165155440568923950e-02
4.161406308412551880e-02
4.159443080425262451e-02
4.156154766678810120e-02
4.149486869573593140e-02
4.145793244242668152e-02
4.137319698929786682e-02
4.133348166942596436e-02
4.130437597632408142e-02
4.126587137579917908e-02
4.125028476119041443e-02
4.122862219810485840e-02
4.119140654802322388e-02
4.116802662611007690e-02
4.114368185400962830e-02
4.111687466502189636e-02
4.109935462474822998e-02
4.108101502060890198e-02
4.105293378233909607e-02
4.104011878371238708e-02
4.101412370800971985e-02
4.098842293024063110e-02
4.096716269850730896e-02
4.094114899635314941e-02
4.093196988105773926e-02
4.088366031646728516e-02
4.085237532854080200e-02
4.080696031451225281e-02
4.074854403734207153e-02
4.073005542159080505e-02
4.064768180251121521e-02
4.061929881572723389e-02
4.058409109711647034e-02
4.054644703865051270e-02
4.052496701478958130e-02
4.050182923674583435e-02
4.047164693474769592e-02
4.045334085822105408e-02
4.043699800968170166e-02
4.039974883198738098e-02
4.035434126853942871e-02
4.030176997184753418e-02
4.023372754454612732e-02
4.019779711961746216e-02
4.016397893428802490e-02
4.015102237462997437e-02
4.012633115053176880e-02
4.005508869886398315e-02
4.003052785992622375e-02
4.000189527869224548e-02
3.997311741113662720e-02
3.994071111083030701e-02
3.990645334124565125e-02
3.988983109593391418e-02
3.986687213182449341e-02
3.985166177153587341e-02
3.983344882726669312e-02
3.980540111660957336e-02
3.978688269853591919e-02
3.977746516466140747e-02
3.976960107684135437e-02
3.976255282759666443e-02
3.973885253071784973e-02
3.971352428197860718e-02
3.967518359422683716e-02
3.965719416737556458e-02
3.964730724692344666e-02
3.963886573910713196e-02
3.963401541113853455e-02
3.962823748588562012e-02
3.962057828903198242e-02
3.960793837904930115e-02
3.959854319691658020e-02
3.958649933338165283e-02
3.956918790936470032e-02
3.954568505287170410e-02
3.950249403715133667e-02
3.945039212703704834e-02
3.938012570142745972e-02
3.932881355285644531e-02
3.929885104298591614e-02
3.927714750170707703e-02
3.926850110292434692e-02
3.925536945462226868e-02
3.924228250980377197e-02
3.922083973884582520e-02
3.920084983110427856e-02
3.918235749006271362e-02
3.916145116090774536e-02
3.914338350296020508e-02
3.911988437175750732e-02
3.906797245144844055e-02
3.901250287890434265e-02
3.895360976457595825e-02
3.889287263154983521e-02
3.887326642870903015e-02
3.885247558355331421e-02
3.883098438382148743e-02
3.881723061203956604e-02
3.880017995834350586e-02
3.876816481351852417e-02
3.873652219772338867e-02
3.872836753726005554e-02
3.869358822703361511e-02
3.866848349571228027e-02
3.864048048853874207e-02
3.860434517264366150e-02
3.856351226568222046e-02
3.850389271974563599e-02
3.846956789493560791e-02
3.843000531196594238e-02
3.837671875953674316e-02
3.831016644835472107e-02
3.827017173171043396e-02
3.820271417498588562e-02
3.811284527182579041e-02
3.798725083470344543e-02
3.785802423954010010e-02
3.778145089745521545e-02
3.769360855221748352e-02
3.761994838714599609e-02
3.753622248768806458e-02
3.743989765644073486e-02
3.739728406071662903e-02
3.735353425145149231e-02
3.730267286300659180e-02
3.725792467594146729e-02
3.721363469958305359e-02
3.714270889759063721e-02
3.707512840628623962e-02
3.700919449329376221e-02
3.695643693208694458e-02
3.689700737595558167e-02
3.685122728347778320e-02
3.677408769726753235e-02
3.671212121844291687e-02
3.666277974843978882e-02
3.662241622805595398e-02
3.657439351081848145e-02
3.652028739452362061e-02
3.645842894911766052e-02
3.638191893696784973e-02
3.631490468978881836e-02
3.628997132182121277e-02
3.622921556234359741e-02
3.622453659772872925e-02
3.617858141660690308e-02
3.616842627525329590e-02
3.614325821399688721e-02
3.612175583839416504e-02
3.605997562408447266e-02
3.601356223225593567e-02
3.593341633677482605e-02
3.587458655238151550e-02
3.580831363797187805e-02
3.572248667478561401e-02
3.567460551857948303e-02
3.562251478433609009e-02
3.555465489625930786e-02
3.549669310450553894e-02
3.546097502112388611e-02
3.543537110090255737e-02
3.540876135230064392e-02
3.537326306104660034e-02
3.529333695769309998e-02
3.524610772728919983e-02
3.521853312849998474e-02
3.520090132951736450e-02
3.517856448888778687e-02
3.514290601015090942e-02
3.510128334164619446e-02
3.506596013903617859e-02
3.503947332501411438e-02
3.500796109437942505e-02
3.497964143753051758e-02
3.494126349687576294e-02
3.491112962365150452e-02
3.488275781273841858e-02
3.486116975545883179e-02
3.484211117029190063e-02
3.482882678508758545e-02
3.482097387313842773e-02
3.480945527553558350e-02
3.479244560003280640e-02
3.477250784635543823e-02
3.475322574377059937e-02
3.473611921072006226e-02
3.472550958395004272e-02
3.471334651112556458e-02
3.469940274953842163e-02
3.469397500157356262e-02
3.467880934476852417e-02
3.466146439313888550e-02
3.465343266725540161e-02
3.464128077030181885e-02
3.463538736104965210e-02
3.462641313672065735e-02
3.462056815624237061e-02
3.460653498768806458e-02
3.459513932466506958e-02
3.457800671458244324e-02
3.456102311611175537e-02
3.454643487930297852e-02
3.452726826071739197e-02
3.451445698738098145e-02
3.450264409184455872e-02
3.448960185050964355e-02
3.447382897138595581e-02
3.446087241172790527e-02
3.443962335586547852e-02
3.440765663981437683e-02
3.436319530010223389e-02
3.435399755835533142e-02
3.434566035866737366e-02
3.433027118444442749e-02
3.431917354464530945e-02
3.430279344320297241e-02
3.428850322961807251e-02
3.427149727940559387e-02
3.425825759768486023e-02
3.424357995390892029e-02
3.423105925321578979e-02
3.421701118350028992e-02
3.418854996562004089e-02
3.417743742465972900e-02
3.416492789983749390e-02
3.414518758654594421e-02
3.413495421409606934e-02
3.411309421062469482e-02
3.410708904266357422e-02
3.409766405820846558e-02
3.409190848469734192e-02
3.408553823828697205e-02
3.407299518585205078e-02
3.406468778848648071e-02
3.403865545988082886e-02
3.401045128703117371e-02
3.397877141833305359e-02
3.395706787705421448e-02
3.393727168440818787e-02
3.391870111227035522e-02
3.389744088053703308e-02
3.388255089521408081e-02
3.386742621660232544e-02
3.385393321514129639e-02
3.383405879139900208e-02
3.379882872104644775e-02
3.378998115658760071e-02
3.375604003667831421e-02
3.374883159995079041e-02
3.373632952570915222e-02
3.371557593345642090e-02
3.368551656603813171e-02
3.367264196276664734e-02
3.365863487124443054e-02
3.365214541554450989e-02
3.364048525691032410e-02
3.363306820392608643e-02
3.361201658844947815e-02
3.360443562269210815e-02
3.358689323067665100e-02
3.353886306285858154e-02
3.349889814853668213e-02
3.346116095781326294e-02
3.344122320413589478e-02
3.342633694410324097e-02
3.340808674693107605e-02
3.339154645800590515e-02
3.336495161056518555e-02
3.334043174982070923e-02
3.332246840000152588e-02
3.330050781369209290e-02
3.327044472098350525e-02
3.322874754667282104e-02
3.321111574769020081e-02
3.314724192023277283e-02
3.310832008719444275e-02
3.305650502443313599e-02
3.301414474844932556e-02
3.297777846455574036e-02
3.295246884226799011e-02
3.291382268071174622e-02
3.286155685782432556e-02
3.283615782856941223e-02
3.281880915164947510e-02
3.280018270015716553e-02
3.277332335710525513e-02
3.272497653961181641e-02
3.267054632306098938e-02
3.263171762228012085e-02
3.260294348001480103e-02
3.256333991885185242e-02
3.250402584671974182e-02
3.247431293129920959e-02
3.239075094461441040e-02
3.235254809260368347e-02
3.232529386878013611e-02
3.229394555091857910e-02
3.225580230355262756e-02
3.219530358910560608e-02
3.213568404316902161e-02
3.208229318261146545e-02
3.203976526856422424e-02
3.200446069240570068e-02
3.196564316749572754e-02
3.192201629281044006e-02
3.189989924430847168e-02
3.187862411141395569e-02
3.186418488621711731e-02
3.184831142425537109e-02
3.183250129222869873e-02
3.182353079319000244e-02
3.180693089962005615e-02
3.179829940199851990e-02
3.178091347217559814e-02
3.176872059702873230e-02
3.173947334289550781e-02
3.171023353934288025e-02
3.167686611413955688e-02
3.165117651224136353e-02
3.162403032183647156e-02
3.160346299409866333e-02
3.157967329025268555e-02
3.156255930662155151e-02
3.154970705509185791e-02
3.154391050338745117e-02
3.153353184461593628e-02
3.152022883296012878e-02
3.150679171085357666e-02
3.149611502885818481e-02
3.147936984896659851e-02
3.146028146147727966e-02
3.144476562738418579e-02
3.144077211618423462e-02
3.143018111586570740e-02
3.142457827925682068e-02
3.141247481107711792e-02
3.139888122677803040e-02
3.137515857815742493e-02
3.134024888277053833e-02
3.130363672971725464e-02
3.126909956336021423e-02
3.125263378024101257e-02
3.123773820698261261e-02
3.121696040034294128e-02
3.120634146034717560e-02
3.119913116097450256e-02
3.119198232889175415e-02
3.118184581398963928e-02
3.117545507848262787e-02
3.116883710026741028e-02
3.116010501980781555e-02
3.115501999855041504e-02
3.114513307809829712e-02
3.113931044936180115e-02
3.113100863993167877e-02
3.112176433205604553e-02
3.110799193382263184e-02
3.109376505017280579e-02
3.108282200992107391e-02
3.106654249131679535e-02
3.105472773313522339e-02
3.104509413242340088e-02
3.102795779705047607e-02
3.101062029600143433e-02
3.099275380373001099e-02
3.097304329276084900e-02
3.096416220068931580e-02
3.095582500100135803e-02
3.095032647252082825e-02
3.093505650758743286e-02
3.092891536653041840e-02
3.092320822179317474e-02
3.091526776552200317e-02
3.090862557291984558e-02
3.090215660631656647e-02
3.089535050094127655e-02
3.088393807411193848e-02
3.087487071752548218e-02
3.086679987609386444e-02
3.086264245212078094e-02
3.085554204881191254e-02
3.084471262991428375e-02
3.083029389381408691e-02
3.080841153860092163e-02
3.078965470194816589e-02
3.077603504061698914e-02
3.075524047017097473e-02
3.074240125715732574e-02
3.072669915854930878e-02
3.070662543177604675e-02
3.069675154983997345e-02
3.067978098988533020e-02
3.066148795187473297e-02
3.063440136611461639e-02
3.060005977749824524e-02
3.056907840073108673e-02
3.054681234061717987e-02
3.052971512079238892e-02
3.051685728132724762e-02
3.051268123090267181e-02
3.050917200744152069e-02
3.050616569817066193e-02
3.050129674375057220e-02
3.049432486295700073e-02
3.049243614077568054e-02
3.048555739223957062e-02
3.047931753098964691e-02
3.047329932451248169e-02
3.046519309282302856e-02
3.045790083706378937e-02
3.044731914997100830e-02
3.043330833315849304e-02
3.042472340166568756e-02
3.042165562510490417e-02
3.041395917534828186e-02
3.040837496519088745e-02
3.040416911244392395e-02
3.039097599685192108e-02
3.038414753973484039e-02
3.037888370454311371e-02
3.037375770509243011e-02
3.036772087216377258e-02
3.036416880786418915e-02
3.036185726523399353e-02
3.035984747111797333e-02
3.035209327936172485e-02
3.034317865967750549e-02
3.033254481852054596e-02
3.032499179244041443e-02
3.032135218381881714e-02
3.031545132398605347e-02
3.030703589320182800e-02
3.030017018318176270e-02
3.029219247400760651e-02
3.028431162238121033e-02
3.027896210551261902e-02
3.027028962969779968e-02
3.026288934051990509e-02
3.025701642036437988e-02
3.024372644722461700e-02
3.022609092295169830e-02
3.020435944199562073e-02
3.017874620854854584e-02
3.015311807394027710e-02
3.014440648257732391e-02
3.013702481985092163e-02
3.012566640973091125e-02
3.011089935898780823e-02
3.009120374917984009e-02
3.008258342742919922e-02
3.006826899945735931e-02
3.005498461425304413e-02
3.002859093248844147e-02
3.000588342547416687e-02
2.999739535152912140e-02
2.998243086040019989e-02
2.997532673180103302e-02
2.996485494077205658e-02
2.995679527521133423e-02
2.994677051901817322e-02
2.994038164615631104e-02
2.993459627032279968e-02
2.992454729974269867e-02
2.991975843906402588e-02
2.991326153278350830e-02
2.990553528070449829e-02
2.989790402352809906e-02
2.989126741886138916e-02
2.988813258707523346e-02
2.988244779407978058e-02
2.987683936953544617e-02
2.987174503505229950e-02
2.986623719334602356e-02
2.986187115311622620e-02
2.985452301800251007e-02
2.984846942126750946e-02
2.984330989420413971e-02
2.983657829463481903e-02
2.982958965003490448e-02
2.982030622661113739e-02
2.981282584369182587e-02
2.979652397334575653e-02
2.978198044002056122e-02
2.976474165916442871e-02
2.974806167185306549e-02
2.973107434809207916e-02
2.971059270203113556e-02
2.968922629952430725e-02
2.966431900858879089e-02
2.964392304420471191e-02
2.961959503591060638e-02
2.959563396871089935e-02
2.958056889474391937e-02
2.955827116966247559e-02
2.954323217272758484e-02
2.953300811350345612e-02
2.952501364052295685e-02
2.952004596590995789e-02
2.951281517744064331e-02
2.950629591941833496e-02
2.949877828359603882e-02
2.948924526572227478e-02
2.948534861207008362e-02
2.946873009204864502e-02
2.945386990904808044e-02
2.943636476993560791e-02
2.941438928246498108e-02
2.940035611391067505e-02
2.938809990882873535e-02
2.938321977853775024e-02
2.937536127865314484e-02
2.936814539134502411e-02
2.936206571757793427e-02
2.936043590307235718e-02
2.935628034174442291e-02
2.935378625988960266e-02
2.935114875435829163e-02
2.934879623353481293e-02
2.933819964528083801e-02
2.933447249233722687e-02
2.932890690863132477e-02
2.932544425129890442e-02
2.932295575737953186e-02
2.931776829063892365e-02
2.931120060384273529e-02
2.930266782641410828e-02
2.929539233446121216e-02
2.928550168871879578e-02
2.927217446267604828e-02
2.926301583647727966e-02
2.924167923629283905e-02
2.921907231211662292e-02
2.919925749301910400e-02
2.918182685971260071e-02
2.917439676821231842e-02
2.915170788764953613e-02
2.912929281592369080e-02
2.910964936017990112e-02
2.909773588180541992e-02
2.909107692539691925e-02
2.908408455550670624e-02
2.907980978488922119e-02
2.907555922865867615e-02
2.907303348183631897e-02
2.906836010515689850e-02
2.906332351267337799e-02
2.905790135264396667e-02
2.904810383915901184e-02
2.903618663549423218e-02
2.901757508516311646e-02
2.900486253201961517e-02
2.899361960589885712e-02
2.899145334959030151e-02
2.898877672851085663e-02
2.898430824279785156e-02
2.897913008928298950e-02
2.897390350699424744e-02
2.897160127758979797e-02
2.896620705723762512e-02
2.895950339734554291e-02
2.895313687622547150e-02
2.894640527665615082e-02
2.894008532166481018e-02
2.893693931400775909e-02
2.893476933240890503e-02
2.892782539129257202e-02
2.892680093646049500e-02
2.892436832189559937e-02
2.892158180475234985e-02
2.891875430941581726e-02
2.891802601516246796e-02
2.891531214118003845e-02
2.891053259372711182e-02
2.890633977949619293e-02
2.889998443424701691e-02
2.889827825129032135e-02
2.889202907681465149e-02
2.888582833111286163e-02
2.887881919741630554e-02
2.886514551937580109e-02
2.886339090764522552e-02
2.885982021689414978e-02
2.885464578866958618e-02
2.885287627577781677e-02
2.884345874190330505e-02
2.883660979568958282e-02
2.883174270391464233e-02
2.882475405931472778e-02
2.881897799670696259e-02
2.881506085395812988e-02
2.881074324250221252e-02
2.880306541919708252e-02
2.879853732883930206e-02
2.879756875336170197e-02
2.879138849675655365e-02
2.878588065505027771e-02
2.877999283373355865e-02
2.877391688525676727e-02
2.876940183341503143e-02
2.876228466629981995e-02
2.875175327062606812e-02
2.873825095593929291e-02
2.872818335890769958e-02
2.871932275593280792e-02
2.871494181454181671e-02
2.870795316994190216e-02
2.870095148682594299e-02
2.869371511042118073e-02
2.869146689772605896e-02
2.868447825312614441e-02
2.867726236581802368e-02
2.867004834115505219e-02
2.866327762603759766e-02
2.865475043654441833e-02
2.864677831530570984e-02
2.863916195929050446e-02
2.863483130931854248e-02
2.862528339028358459e-02
2.861962281167507172e-02
2.861144207417964935e-02
2.859920263290405273e-02
2.857973612844944000e-02
2.855984680354595184e-02
2.850407734513282776e-02
2.846861071884632111e-02
2.842031791806221008e-02
2.839614264667034149e-02
2.837737277150154114e-02
2.835987880825996399e-02
2.833697758615016937e-02
2.831090241670608521e-02
2.828201279044151306e-02
2.824762836098670959e-02
2.821836993098258972e-02
2.819284424185752869e-02
2.817430347204208374e-02
2.814068645238876343e-02
2.812215313315391541e-02
2.809950336813926697e-02
2.807831764221191406e-02
2.806488238275051117e-02
2.802168019115924835e-02
2.795500680804252625e-02
2.791387587785720825e-02
2.785836532711982727e-02
2.781382389366626740e-02
2.776232734322547913e-02
2.772790007293224335e-02
2.767626009881496429e-02
2.763222157955169678e-02
2.760612964630126953e-02
2.757870033383369446e-02
2.752883918583393097e-02
2.748099528253078461e-02
2.744600549340248108e-02
2.740602195262908936e-02
2.736743725836277008e-02
2.733574993908405304e-02
2.728915028274059296e-02
2.723356150090694427e-02
2.718075364828109741e-02
2.711574733257293701e-02
2.704859152436256409e-02
2.696498669683933258e-02
2.692226320505142212e-02
2.682684920728206635e-02
2.677059918642044067e-02
2.666658535599708557e-02
2.661044709384441376e-02
2.656227722764015198e-02
2.653652429580688477e-02
2.651629783213138580e-02
2.650628052651882172e-02
2.647940628230571747e-02
2.645031176507472992e-02
2.641632780432701111e-02
2.636686339974403381e-02
2.632199227809906006e-02
2.626443281769752502e-02
2.617633529007434845e-02
2.612167224287986755e-02
2.606657147407531738e-02
2.601308375597000122e-02
2.594959735870361328e-02
2.587254904210567474e-02
2.583392150700092316e-02
2.580463327467441559e-02
2.577527984976768494e-02
2.575530856847763062e-02
2.573774009943008423e-02
2.572417072951793671e-02
2.569974586367607117e-02
2.567921578884124756e-02
2.564590424299240112e-02
2.561875991523265839e-02
2.558520250022411346e-02
2.556987106800079346e-02
2.555500902235507965e-02
2.551578357815742493e-02
2.550404891371726990e-02
2.544915303587913513e-02
2.541826292872428894e-02
2.538879774510860443e-02
2.536832541227340698e-02
2.535027079284191132e-02
2.533706277608871460e-02
2.532912790775299072e-02
2.532640844583511353e-02
2.531794272363185883e-02
2.529788389801979065e-02
2.527616918087005615e-02
2.525262162089347839e-02
2.522898279130458832e-02
2.521382272243499756e-02
2.519496344029903412e-02
2.517806738615036011e-02
2.516311220824718475e-02
2.515002153813838959e-02
2.513645403087139130e-02
2.511667460203170776e-02
2.510509267449378967e-02
2.509702369570732117e-02
2.508752048015594482e-02
2.507500723004341125e-02
2.507393993437290192e-02
2.506775967776775360e-02
2.506547421216964722e-02
2.506214752793312073e-02
2.505865693092346191e-02
2.505259402096271515e-02
2.504899911582469940e-02
2.504321187734603882e-02
2.504022978246212006e-02
2.503566443920135498e-02
2.502959407866001129e-02
2.501615509390830994e-02
2.500576898455619812e-02
2.499554306268692017e-02
2.498903311789035797e-02
2.497818879783153534e-02
2.496958337724208832e-02
2.495396696031093597e-02
2.494820393621921539e-02
2.494234591722488403e-02
2.493292465806007385e-02
2.493233233690261841e-02
2.492788620293140411e-02
2.492469176650047302e-02
2.491952292621135712e-02
2.491074986755847931e-02
2.490443177521228790e-02
2.490002289414405823e-02
2.489345334470272064e-02
2.489036694169044495e-02
2.487928979098796844e-02
2.487688511610031128e-02
2.487622201442718506e-02
2.487349882721900940e-02
2.487096190452575684e-02
2.486625127494335175e-02
2.486234158277511597e-02
2.485994063317775726e-02
2.485433034598827362e-02
2.485036291182041168e-02
2.484438568353652954e-02
2.483634091913700104e-02
2.483567968010902405e-02
2.483214251697063446e-02
2.483176253736019135e-02
2.483076043426990509e-02
2.482701838016510010e-02
2.482452616095542908e-02
2.482374571263790131e-02
2.482333593070507050e-02
2.481997385621070862e-02
2.481822296977043152e-02
2.481551654636859894e-02
2.481231838464736938e-02
2.481147274374961853e-02
2.480822615325450897e-02
2.480522915720939636e-02
2.480345964431762695e-02
2.479803003370761871e-02
2.479121647775173187e-02
2.478282153606414795e-02
2.478027716279029846e-02
2.477737143635749817e-02
2.477315440773963928e-02
2.476732991635799408e-02
2.476218342781066895e-02
2.475372701883316040e-02
2.474993839859962463e-02
2.474436722695827484e-02
2.474237605929374695e-02
2.473812364041805267e-02
2.473172359168529510e-02
2.472852542996406555e-02
2.472742088139057159e-02
2.471736818552017212e-02
2.471445873379707336e-02
2.471130713820457458e-02
2.470818161964416504e-02
2.470522932708263397e-02
2.470224723219871521e-02
2.470110356807708740e-02
2.470031566917896271e-02
2.469966374337673187e-02
2.469918318092823029e-02
2.469818666577339172e-02
2.469463460147380829e-02
2.469296008348464966e-02
2.468890510499477386e-02
2.468612603843212128e-02
2.468480728566646576e-02
2.468226104974746704e-02
2.467772364616394043e-02
2.467220835387706757e-02
2.467018924653530121e-02
2.466924861073493958e-02
2.466480433940887451e-02
2.466480433940887451e-02
2.466480433940887451e-02
