1.910807991027832031e+01
1.910807991027832031e+01
1.908813476562500000e+01
1.906207656860351562e+01
1.903170013427734375e+01
1.899850654602050781e+01
1.896442604064941406e+01
1.893326187133789062e+01
1.890964889526367188e+01
1.889571380615234375e+01
1.888950347900390625e+01
1.888581657409667969e+01
1.887837982177734375e+01
1.886456489562988281e+01
1.884652900695800781e+01
1.882712745666503906e+01
1.880713272094726562e+01
1.878573417663574219e+01
1.876204681396484375e+01
1.873528289794921875e+01
1.870215034484863281e+01
1.865485000610351562e+01
1.858422470092773438e+01
1.848182296752929688e+01
1.834215927124023438e+01
1.816102027893066406e+01
1.792089462280273438e+01
1.760788154602050781e+01
1.722999572753906250e+01
1.679086494445800781e+01
1.628963851928710938e+01
1.575783634185791016e+01
1.522615814208984375e+01
1.478210735321044922e+01
1.452705192565917969e+01
1.458609867095947266e+01
1.484004878997802734e+01
1.492005348205566406e+01
1.468943691253662109e+01
1.430167961120605469e+01
1.397798347473144531e+01
1.382622051239013672e+01
1.383351993560791016e+01
1.388858795166015625e+01
1.389440059661865234e+01
1.382252216339111328e+01
1.369781875610351562e+01
1.356919193267822266e+01
1.349895095825195312e+01
1.349920749664306641e+01
1.350782680511474609e+01
1.345448398590087891e+01
1.333941650390625000e+01
1.321949005126953125e+01
1.315250015258789062e+01
1.312807178497314453e+01
1.310082912445068359e+01
1.304059219360351562e+01
1.294396114349365234e+01
1.284119319915771484e+01
1.277209758758544922e+01
1.274137401580810547e+01
1.271212673187255859e+01
1.265254402160644531e+01
1.256878662109375000e+01
1.249993610382080078e+01
1.245256042480468750e+01
1.238888359069824219e+01
1.229355907440185547e+01
1.218956089019775391e+01
1.208766269683837891e+01
1.196603679656982422e+01
1.183389472961425781e+01
1.171940994262695312e+01
1.157336425781250000e+01
1.139902210235595703e+01
1.124798297882080078e+01
1.108562374114990234e+01
1.093125343322753906e+01
1.077972793579101562e+01
1.062469863891601562e+01
1.048386478424072266e+01
1.038258361816406250e+01
1.037704277038574219e+01
1.024357986450195312e+01
9.932880401611328125e+00
9.904420852661132812e+00
9.668676376342773438e+00
9.518582344055175781e+00
9.373710632324218750e+00
9.196599006652832031e+00
9.165758132934570312e+00
9.053559303283691406e+00
9.090138435363769531e+00
9.064849853515625000e+00
9.039533615112304688e+00
9.051330566406250000e+00
8.970949172973632812e+00
8.953203201293945312e+00
8.874464988708496094e+00
8.843742370605468750e+00
8.804070472717285156e+00
8.776784896850585938e+00
8.766538619995117188e+00
8.733331680297851562e+00
8.723441123962402344e+00
8.697005271911621094e+00
8.671974182128906250e+00
8.654977798461914062e+00
8.625226020812988281e+00
8.607997894287109375e+00
8.589798927307128906e+00
8.564391136169433594e+00
8.557052612304687500e+00
8.532929420471191406e+00
8.519310951232910156e+00
8.502866744995117188e+00
8.481902122497558594e+00
8.466433525085449219e+00
8.451210975646972656e+00
8.428688049316406250e+00
8.413226127624511719e+00
8.392752647399902344e+00
8.373326301574707031e+00
8.356762886047363281e+00
8.336603164672851562e+00
8.317645072937011719e+00
8.302269935607910156e+00
8.282857894897460938e+00
8.264476776123046875e+00
8.246638298034667969e+00
8.228522300720214844e+00
8.206987380981445312e+00
8.187284469604492188e+00
8.166663169860839844e+00
8.143413543701171875e+00
8.118941307067871094e+00
8.093878746032714844e+00
8.067131996154785156e+00
8.038184165954589844e+00
8.008501052856445312e+00
7.976561546325683594e+00
7.941733837127685547e+00
7.904451847076416016e+00
7.863710403442382812e+00
7.819728374481201172e+00
7.771574497222900391e+00
7.718079090118408203e+00
7.658319473266601562e+00
7.591113567352294922e+00
7.517472267150878906e+00
7.438471794128417969e+00
7.355157852172851562e+00
7.269547462463378906e+00
7.184657096862792969e+00
7.103211402893066406e+00
7.027780532836914062e+00
6.961293697357177734e+00
6.910158634185791016e+00
6.913807868957519531e+00
7.044090270996093750e+00
7.160303115844726562e+00
6.783876895904541016e+00
6.625227928161621094e+00
6.850203514099121094e+00
6.493991851806640625e+00
6.482347965240478516e+00
6.486067295074462891e+00
6.280306339263916016e+00
6.305384635925292969e+00
6.244181632995605469e+00
6.121473312377929688e+00
6.140765666961669922e+00
6.083376407623291016e+00
5.970563411712646484e+00
6.014791965484619141e+00
5.913842678070068359e+00
5.865619182586669922e+00
5.886719703674316406e+00
5.789648056030273438e+00
5.773083686828613281e+00
5.774137973785400391e+00
5.695283889770507812e+00
5.684838771820068359e+00
5.685135841369628906e+00
5.628042221069335938e+00
5.605382919311523438e+00
5.613565444946289062e+00
5.584198474884033203e+00
5.554276466369628906e+00
5.540832042694091797e+00
5.548422813415527344e+00
5.523120880126953125e+00
5.497395992279052734e+00
5.488630294799804688e+00
5.485664844512939453e+00
5.468297481536865234e+00
5.441155433654785156e+00
5.432218551635742188e+00
5.423566818237304688e+00
5.408055782318115234e+00
5.382935523986816406e+00
5.381736278533935547e+00
5.381231784820556641e+00
5.380271434783935547e+00
5.378636360168457031e+00
5.374212741851806641e+00
5.365905284881591797e+00
5.347774505615234375e+00
5.319219589233398438e+00
5.290763378143310547e+00
5.252886295318603516e+00
5.221847057342529297e+00
5.168191909790039062e+00
5.141252040863037109e+00
5.094007968902587891e+00
5.082895755767822266e+00
5.068125247955322266e+00
5.042802333831787109e+00
5.013681888580322266e+00
4.984034061431884766e+00
4.954817771911621094e+00
4.947914123535156250e+00
4.933552265167236328e+00
4.925003051757812500e+00
4.910531997680664062e+00
4.889804363250732422e+00
4.860367298126220703e+00
4.847867012023925781e+00
4.839312076568603516e+00
4.835586071014404297e+00
4.833130836486816406e+00
4.827808856964111328e+00
4.821800231933593750e+00
4.808447360992431641e+00
4.790783405303955078e+00
4.767807483673095703e+00
4.745771408081054688e+00
4.730178356170654297e+00
4.706138610839843750e+00
4.677038669586181641e+00
4.668336868286132812e+00
4.650918483734130859e+00
4.645431518554687500e+00
4.639396667480468750e+00
4.613922119140625000e+00
4.587055206298828125e+00
4.534373760223388672e+00
4.493094444274902344e+00
4.457652568817138672e+00
4.440574169158935547e+00
4.415734767913818359e+00
4.401508808135986328e+00
4.392452239990234375e+00
4.369152545928955078e+00
4.352527141571044922e+00
4.330977916717529297e+00
4.302176475524902344e+00
4.273688316345214844e+00
4.243038177490234375e+00
4.225787162780761719e+00
4.215606212615966797e+00
4.204719543457031250e+00
4.179429054260253906e+00
4.160426616668701172e+00
4.135900974273681641e+00
4.121729850769042969e+00
4.107279300689697266e+00
4.096299171447753906e+00
4.079203605651855469e+00
4.055390357971191406e+00
4.024642944335937500e+00
3.985146045684814453e+00
3.923565149307250977e+00
3.859523296356201172e+00
3.776295661926269531e+00
3.669929504394531250e+00
3.638415813446044922e+00
3.629467248916625977e+00
3.586036443710327148e+00
3.577584266662597656e+00
3.559646606445312500e+00
3.543845415115356445e+00
3.511840105056762695e+00
3.462638616561889648e+00
3.435052633285522461e+00
3.416512727737426758e+00
3.404614686965942383e+00
3.379828453063964844e+00
3.356262445449829102e+00
3.335369348526000977e+00
3.317095756530761719e+00
3.292409658432006836e+00
3.266376018524169922e+00
3.209264755249023438e+00
3.157075643539428711e+00
3.108733892440795898e+00
3.070592403411865234e+00
3.038856029510498047e+00
3.009760856628417969e+00
2.995411634445190430e+00
2.982798099517822266e+00
2.962553501129150391e+00
2.927028656005859375e+00
2.898707628250122070e+00
2.844070911407470703e+00
2.802076339721679688e+00
2.774050712585449219e+00
2.745321989059448242e+00
2.724067926406860352e+00
2.708916187286376953e+00
2.698592424392700195e+00
2.689118385314941406e+00
2.680466175079345703e+00
2.674158811569213867e+00
2.668013811111450195e+00
2.650262594223022461e+00
2.637414216995239258e+00
2.619810819625854492e+00
2.596979618072509766e+00
2.577877044677734375e+00
2.565760374069213867e+00
2.556510448455810547e+00
2.541657924652099609e+00
2.517628431320190430e+00
2.497496843338012695e+00
2.461510896682739258e+00
2.430677175521850586e+00
2.418460845947265625e+00
2.403129816055297852e+00
2.400498628616333008e+00
2.397959947586059570e+00
2.393146276473999023e+00
2.386053562164306641e+00
2.368907213211059570e+00
2.350673675537109375e+00
2.332179307937622070e+00
2.317151546478271484e+00
2.309539079666137695e+00
2.302715301513671875e+00
2.296163320541381836e+00
2.291224956512451172e+00
2.284545898437500000e+00
2.276951551437377930e+00
2.267047166824340820e+00
2.257235765457153320e+00
2.242860078811645508e+00
2.222507238388061523e+00
2.198065280914306641e+00
2.182395935058593750e+00
2.167325973510742188e+00
2.151382207870483398e+00
2.142976284027099609e+00
2.138384342193603516e+00
2.134650468826293945e+00
2.132118701934814453e+00
2.128749608993530273e+00
2.123876571655273438e+00
2.113536596298217773e+00
2.098351001739501953e+00
2.076732158660888672e+00
2.066403388977050781e+00
2.051353931427001953e+00
2.044566631317138672e+00
2.028645038604736328e+00
2.025010108947753906e+00
2.020191669464111328e+00
2.014968633651733398e+00
2.010481834411621094e+00
2.003492832183837891e+00
1.998794198036193848e+00
1.995399713516235352e+00
1.989471197128295898e+00
1.984774589538574219e+00
1.970324993133544922e+00
1.953071475028991699e+00
1.929242014884948730e+00
1.907899498939514160e+00
1.894214749336242676e+00
1.887299656867980957e+00
1.884643793106079102e+00
1.880070686340332031e+00
1.876539230346679688e+00
1.873210310935974121e+00
1.871327400207519531e+00
1.869238615036010742e+00
1.867797970771789551e+00
1.865718007087707520e+00
1.858558177947998047e+00
1.850942730903625488e+00
1.844632863998413086e+00
1.836358547210693359e+00
1.829232454299926758e+00
1.824436187744140625e+00
1.816383361816406250e+00
1.805845499038696289e+00
1.797378182411193848e+00
1.787840366363525391e+00
1.782737374305725098e+00
1.778380274772644043e+00
1.776093363761901855e+00
1.773569107055664062e+00
1.769939541816711426e+00
1.765845894813537598e+00
1.760274887084960938e+00
1.753857254981994629e+00
1.747741937637329102e+00
1.738268494606018066e+00
1.729921817779541016e+00
1.725033998489379883e+00
1.720108389854431152e+00
1.715417623519897461e+00
1.708958387374877930e+00
1.704503655433654785e+00
1.699918627738952637e+00
1.693680644035339355e+00
1.686952590942382812e+00
1.674711465835571289e+00
1.656036019325256348e+00
1.647361040115356445e+00
1.638184070587158203e+00
1.633634686470031738e+00
1.624030351638793945e+00
1.621217846870422363e+00
1.615002870559692383e+00
1.609414815902709961e+00
1.604544639587402344e+00
1.598053097724914551e+00
1.592282533645629883e+00
1.587020158767700195e+00
1.581514239311218262e+00
1.574596285820007324e+00
1.565898895263671875e+00
1.553560733795166016e+00
1.539145588874816895e+00
1.526775836944580078e+00
1.513760924339294434e+00
1.508454442024230957e+00
1.502990722656250000e+00
1.501304507255554199e+00
1.499582886695861816e+00
1.497440814971923828e+00
1.494730472564697266e+00
1.490762829780578613e+00
1.488301753997802734e+00
1.483881473541259766e+00
1.475395083427429199e+00
1.467234849929809570e+00
1.451910138130187988e+00
1.438578844070434570e+00
1.420275330543518066e+00
1.405478358268737793e+00
1.390396237373352051e+00
1.378074526786804199e+00
1.362004637718200684e+00
1.343502640724182129e+00
1.322660565376281738e+00
1.305611491203308105e+00
1.302749991416931152e+00
1.282371520996093750e+00
1.269058942794799805e+00
1.262104153633117676e+00
1.253099203109741211e+00
1.245443582534790039e+00
1.234966993331909180e+00
1.227098703384399414e+00
1.211529016494750977e+00
1.193734765052795410e+00
1.184947729110717773e+00
1.177311658859252930e+00
1.166326522827148438e+00
1.154394507408142090e+00
1.135875940322875977e+00
1.117615818977355957e+00
1.094144821166992188e+00
1.076355338096618652e+00
1.059516191482543945e+00
1.047667741775512695e+00
1.037797451019287109e+00
1.025397300720214844e+00
1.013414740562438965e+00
1.003834843635559082e+00
9.928805232048034668e-01
9.833940267562866211e-01
9.726094603538513184e-01
9.561535716056823730e-01
9.423857331275939941e-01
9.267512559890747070e-01
9.093559980392456055e-01
8.821011781692504883e-01
8.576048612594604492e-01
8.432570695877075195e-01
8.274121880531311035e-01
8.096178174018859863e-01
7.983436584472656250e-01
7.791129946708679199e-01
7.686150074005126953e-01
7.563366293907165527e-01
7.461159229278564453e-01
7.362789511680603027e-01
7.161138057708740234e-01
7.001774311065673828e-01
6.790252923965454102e-01
6.626660227775573730e-01
6.506822705268859863e-01
6.409240365028381348e-01
6.312513351440429688e-01
6.247577667236328125e-01
6.198777556419372559e-01
6.165688633918762207e-01
6.128906607627868652e-01
6.068417429924011230e-01
5.992639064788818359e-01
5.912759900093078613e-01
5.835129618644714355e-01
5.731337070465087891e-01
5.644474029541015625e-01
5.604723691940307617e-01
5.538254380226135254e-01
5.510219335556030273e-01
5.467244386672973633e-01
5.444468259811401367e-01
5.417191386222839355e-01
5.387874841690063477e-01
5.359174609184265137e-01
5.321630835533142090e-01
5.286406278610229492e-01
5.257551670074462891e-01
5.235825181007385254e-01
5.211964845657348633e-01
5.183213353157043457e-01
5.142513513565063477e-01
5.103944540023803711e-01
5.062837600708007812e-01
5.044513940811157227e-01
4.974506497383117676e-01
4.925071001052856445e-01
4.880639016628265381e-01
4.827314019203186035e-01
4.733866155147552490e-01
4.584584236145019531e-01
4.514444470405578613e-01
4.408527910709381104e-01
4.359507560729980469e-01
4.266362786293029785e-01
4.227041304111480713e-01
4.197671413421630859e-01
4.157395362854003906e-01
4.121636748313903809e-01
4.081955552101135254e-01
4.019962847232818604e-01
3.980486989021301270e-01
3.955001235008239746e-01
3.922351300716400146e-01
3.902756273746490479e-01
3.879436552524566650e-01
3.836118578910827637e-01
3.810194134712219238e-01
3.763827979564666748e-01
3.727406859397888184e-01
3.707467913627624512e-01
3.686408698558807373e-01
3.655347228050231934e-01
3.623601794242858887e-01
3.582587838172912598e-01
3.560467958450317383e-01
3.516231477260589600e-01
3.486909568309783936e-01
3.433361053466796875e-01
3.354602456092834473e-01
3.298169076442718506e-01
3.266561031341552734e-01
3.247578144073486328e-01
3.214604556560516357e-01
3.151735365390777588e-01
3.079884648323059082e-01
3.032476902008056641e-01
3.023315966129302979e-01
2.989993393421173096e-01
2.983223497867584229e-01
2.977486848831176758e-01
2.964659631252288818e-01
2.951260209083557129e-01
2.923869490623474121e-01
2.905554175376892090e-01
2.866316139698028564e-01
2.855291068553924561e-01
2.844644188880920410e-01
2.838746905326843262e-01
2.831007242202758789e-01
2.821586430072784424e-01
2.807444036006927490e-01
2.788377106189727783e-01
2.772736251354217529e-01
2.762790918350219727e-01
2.754779160022735596e-01
2.748841941356658936e-01
2.743591368198394775e-01
2.736580967903137207e-01
2.726215422153472900e-01
2.706462740898132324e-01
2.683089673519134521e-01
2.648580670356750488e-01
2.600757181644439697e-01
2.572577595710754395e-01
2.555284798145294189e-01
2.542089223861694336e-01
2.537224590778350830e-01
2.528307735919952393e-01
2.513453364372253418e-01
2.496022135019302368e-01
2.470341473817825317e-01
2.441240996122360229e-01
2.417998164892196655e-01
2.398557662963867188e-01
2.381056696176528931e-01
2.363880872726440430e-01
2.351948618888854980e-01
2.344169467687606812e-01
2.336027324199676514e-01
2.326591610908508301e-01
2.318964302539825439e-01
2.311079651117324829e-01
2.302446961402893066e-01
2.287451624870300293e-01
2.277875542640686035e-01
2.254146635532379150e-01
2.235834449529647827e-01
2.205541729927062988e-01
2.158966809511184692e-01
2.107985466718673706e-01
2.069368362426757812e-01
2.057668864727020264e-01
2.031213045120239258e-01
2.018751800060272217e-01
1.993940770626068115e-01
1.966134458780288696e-01
1.950674653053283691e-01
1.933631896972656250e-01
1.926889121532440186e-01
1.921456307172775269e-01
1.914286315441131592e-01
1.903070211410522461e-01
1.898452639579772949e-01
1.891638338565826416e-01
1.886873841285705566e-01
1.881516575813293457e-01
1.876182109117507935e-01
1.870512813329696655e-01
1.860835254192352295e-01
1.847048401832580566e-01
1.826042085886001587e-01
1.798814237117767334e-01
1.775930821895599365e-01
1.761469691991806030e-01
1.746399551630020142e-01
1.734254807233810425e-01
1.717079877853393555e-01
1.694212853908538818e-01
1.672032773494720459e-01
1.659909337759017944e-01
1.645661890506744385e-01
1.626980006694793701e-01
1.616178601980209351e-01
1.599355190992355347e-01
1.579642742872238159e-01
1.560704559087753296e-01
1.540446281433105469e-01
1.514650434255599976e-01
1.495862305164337158e-01
1.482393294572830200e-01
1.472709178924560547e-01
1.466323435306549072e-01
1.459012627601623535e-01
1.450918465852737427e-01
1.441617310047149658e-01
1.432123482227325439e-01
1.421227157115936279e-01
1.412760019302368164e-01
1.402273178100585938e-01
1.383356451988220215e-01
1.362879276275634766e-01
1.344927549362182617e-01
1.322138011455535889e-01
1.299203932285308838e-01
1.282899826765060425e-01
1.264650225639343262e-01
1.242938190698623657e-01
1.224758028984069824e-01
1.213770508766174316e-01
1.204415783286094666e-01
1.198937073349952698e-01
1.193746179342269897e-01
1.185917258262634277e-01
1.175256520509719849e-01
1.162687912583351135e-01
1.152007654309272766e-01
1.145026534795761108e-01
1.140522733330726624e-01
1.137162744998931885e-01
1.129683926701545715e-01
1.123726665973663330e-01
1.116887703537940979e-01
1.104911565780639648e-01
1.086850911378860474e-01
1.069338992238044739e-01
1.054582223296165466e-01
1.032828167080879211e-01
1.008824184536933899e-01
9.644155949354171753e-02
9.434364736080169678e-02
9.173473715782165527e-02
9.141235053539276123e-02
8.993550390005111694e-02
8.941590040922164917e-02
8.882431685924530029e-02
8.826115727424621582e-02
8.777304738759994507e-02
8.751222491264343262e-02
8.735526353120803833e-02
8.725889027118682861e-02
8.714844286441802979e-02
8.703105896711349487e-02
8.687157183885574341e-02
8.656138926744461060e-02
8.613036572933197021e-02
8.570390939712524414e-02
8.536741137504577637e-02
8.503411710262298584e-02
8.461501449346542358e-02
8.400142937898635864e-02
8.323543518781661987e-02
8.237501233816146851e-02
8.126514405012130737e-02
8.057404309511184692e-02
8.004498481750488281e-02
7.935093343257904053e-02
7.859119772911071777e-02
7.804882526397705078e-02
7.743205130100250244e-02
7.698550075292587280e-02
7.632660865783691406e-02
7.560411840677261353e-02
7.551001012325286865e-02
7.454175502061843872e-02
7.422764599323272705e-02
7.390315830707550049e-02
7.361234724521636963e-02
7.308603078126907349e-02
7.282090187072753906e-02
7.252477109432220459e-02
7.230167835950851440e-02
7.199689000844955444e-02
7.165943086147308350e-02
7.130599766969680786e-02
7.097142189741134644e-02
7.078356295824050903e-02
7.048615068197250366e-02
7.022894173860549927e-02
6.993804126977920532e-02
6.971417367458343506e-02
6.944344192743301392e-02
6.925258040428161621e-02
6.889498233795166016e-02
6.851076334714889526e-02
6.825639307498931885e-02
6.784067302942276001e-02
6.751801818609237671e-02
6.709659844636917114e-02
6.669887155294418335e-02
6.633175909519195557e-02
6.591658294200897217e-02
6.549245119094848633e-02
6.525000184774398804e-02
6.502082943916320801e-02
6.482243537902832031e-02
6.468036770820617676e-02
6.454870849847793579e-02
6.438392400741577148e-02
6.424558162689208984e-02
6.414094567298889160e-02
6.406285613775253296e-02
6.398656219244003296e-02
6.388984620571136475e-02
6.380057334899902344e-02
6.372629106044769287e-02
6.364329159259796143e-02
6.361111998558044434e-02
6.350696831941604614e-02
6.343696266412734985e-02
6.333854049444198608e-02
6.317781656980514526e-02
6.309941411018371582e-02
6.283723562955856323e-02
6.272864341735839844e-02
6.257914006710052490e-02
6.240786984562873840e-02
6.214876845479011536e-02
6.186246871948242188e-02
6.167270243167877197e-02
6.153052300214767456e-02
6.143823638558387756e-02
6.121496856212615967e-02
6.094422936439514160e-02
6.063648313283920288e-02
6.043350324034690857e-02
6.028362736105918884e-02
6.008205562829971313e-02
5.985984951257705688e-02
5.949497222900390625e-02
5.931429192423820496e-02
5.909447371959686279e-02
5.883854627609252930e-02
5.881405994296073914e-02
5.855669081211090088e-02
5.845208093523979187e-02
5.835693702101707458e-02
5.826734378933906555e-02
5.814616754651069641e-02
5.804490298032760620e-02
5.788142234086990356e-02
5.772762373089790344e-02
5.749665945768356323e-02
5.722503736615180969e-02
5.693874508142471313e-02
5.665693432092666626e-02
5.620829015970230103e-02
5.578364059329032898e-02
5.545338615775108337e-02
5.520073324441909790e-02
5.501473322510719299e-02
5.472473800182342529e-02
5.443224310874938965e-02
5.423623695969581604e-02
5.401230975985527039e-02
5.389168858528137207e-02
5.374860391020774841e-02
5.349749326705932617e-02
5.341970175504684448e-02
5.314635485410690308e-02
5.304343998432159424e-02
5.289719998836517334e-02
5.277446657419204712e-02
5.257986113429069519e-02
5.233080685138702393e-02
5.207217484712600708e-02
5.175014212727546692e-02
5.126381665468215942e-02
5.097479745745658875e-02
5.079860612750053406e-02
5.061636865139007568e-02
5.048519745469093323e-02
5.036137625575065613e-02
5.023680254817008972e-02
5.010221153497695923e-02
4.998263344168663025e-02
4.985859617590904236e-02
4.970849305391311646e-02
4.952103272080421448e-02
4.932913556694984436e-02
4.922229796648025513e-02
4.906636476516723633e-02
4.895193502306938171e-02
4.883730784058570862e-02
4.864415898919105530e-02
4.855819791555404663e-02
4.849322885274887085e-02
4.840571433305740356e-02
4.837644100189208984e-02
4.832585155963897705e-02
4.826981201767921448e-02
4.820262268185615540e-02
4.812442511320114136e-02
4.802052304148674011e-02
4.785573482513427734e-02
4.771641641855239868e-02
4.756328463554382324e-02
4.727247729897499084e-02
4.700908064842224121e-02
4.642743244767189026e-02
4.599906504154205322e-02
4.554756358265876770e-02
4.502287879586219788e-02
4.479233920574188232e-02
4.436142370104789734e-02
4.395236074924468994e-02
4.340343549847602844e-02
4.301492497324943542e-02
4.248256608843803406e-02
4.223797470331192017e-02
4.192178696393966675e-02
4.150179773569107056e-02
4.134964197874069214e-02
4.088506475090980530e-02
4.073668271303176880e-02
4.053661972284317017e-02
4.029117897152900696e-02
4.004678130149841309e-02
3.987590596079826355e-02
3.974391147494316101e-02
3.960167989134788513e-02
3.942073509097099304e-02
3.909030929207801819e-02
3.901105374097824097e-02
3.880676999688148499e-02
3.863335773348808289e-02
3.849365562200546265e-02
3.836391866207122803e-02
3.821533918380737305e-02
3.807284682989120483e-02
3.799992799758911133e-02
3.794701397418975830e-02
3.791012242436408997e-02
3.787178173661231995e-02
3.782627731561660767e-02
3.777060657739639282e-02
3.771784156560897827e-02
3.769221156835556030e-02
3.766683861613273621e-02
3.763834387063980103e-02
3.761197999119758606e-02
3.757767379283905029e-02
3.753190860152244568e-02
3.745346888899803162e-02
3.740574419498443604e-02
3.732534125447273254e-02
3.728116676211357117e-02
3.720091655850410461e-02
3.715648129582405090e-02
3.710797056555747986e-02
3.705839440226554871e-02
3.700549528002738953e-02
3.696812689304351807e-02
3.693866357207298279e-02
3.690311312675476074e-02
3.686772286891937256e-02
3.682673722505569458e-02
3.678599372506141663e-02
3.675578907132148743e-02
3.671599924564361572e-02
3.669761493802070618e-02
3.666594997048377991e-02
3.662013262510299683e-02
3.658241033554077148e-02
3.654633834958076477e-02
3.651915118098258972e-02
3.648326918482780457e-02
3.645461052656173706e-02
3.641338273882865906e-02
3.636926040053367615e-02
3.634741529822349548e-02
3.630858287215232849e-02
3.626750409603118896e-02
3.622312843799591064e-02
3.616041317582130432e-02
3.613581135869026184e-02
3.608183935284614563e-02
3.604683279991149902e-02
3.601535409688949585e-02
3.598297387361526489e-02
3.590697050094604492e-02
3.588071092963218689e-02
3.580855205655097961e-02
3.575080260634422302e-02
3.567928820848464966e-02
3.562138229608535767e-02
3.556228056550025940e-02
3.552708029747009277e-02
3.549221530556678772e-02
3.544885292649269104e-02
3.540262207388877869e-02
3.534662351012229919e-02
3.529118001461029053e-02
3.525511920452117920e-02
3.520151227712631226e-02
3.515151888132095337e-02
3.508267551660537720e-02
3.502732515335083008e-02
3.496871516108512878e-02
3.492757305502891541e-02
3.487460687756538391e-02
3.485316410660743713e-02
3.481452167034149170e-02
3.478197380900382996e-02
3.474421054124832153e-02
3.471570089459419250e-02
3.469066321849822998e-02
3.466381505131721497e-02
3.464617207646369934e-02
3.460209071636199951e-02
3.457733988761901855e-02
3.453879803419113159e-02
3.449710831046104431e-02
3.446566686034202576e-02
3.442775458097457886e-02
3.440364822745323181e-02
3.436407074332237244e-02
3.435004130005836487e-02
3.433447331190109253e-02
3.429938107728958130e-02
3.428430110216140747e-02
3.425837308168411255e-02
3.423057869076728821e-02
3.419639915227890015e-02
3.416393697261810303e-02
3.412496298551559448e-02
3.408113867044448853e-02
3.405175730586051941e-02
3.401922434568405151e-02
3.398029506206512451e-02
3.393048048019409180e-02
3.386365994811058044e-02
3.381549939513206482e-02
3.374985232949256897e-02
3.369804099202156067e-02
3.366258740425109863e-02
3.362445533275604248e-02
3.358649834990501404e-02
3.353363648056983948e-02
3.351493924856185913e-02
3.346837311983108521e-02
3.343859687447547913e-02
3.339555859565734863e-02
3.330419957637786865e-02
3.326310962438583374e-02
3.309874609112739563e-02
3.301968798041343689e-02
3.293027728796005249e-02
3.286967799067497253e-02
3.278416767716407776e-02
3.269771113991737366e-02
3.262142464518547058e-02
3.248308226466178894e-02
3.227093815803527832e-02
3.221682459115982056e-02
3.199073672294616699e-02
3.192573413252830505e-02
3.187000751495361328e-02
3.183335438370704651e-02
3.178681805729866028e-02
3.171661496162414551e-02
3.165622428059577942e-02
3.158593922853469849e-02
3.152221441268920898e-02
3.145781904458999634e-02
3.137607872486114502e-02
3.131437301635742188e-02
3.126591816544532776e-02
3.122813254594802856e-02
3.118354640901088715e-02
3.112780861556529999e-02
3.107358328998088837e-02
3.101959638297557831e-02
3.097599931061267853e-02
3.094349429011344910e-02
3.087662719190120697e-02
3.081006929278373718e-02
3.074194863438606262e-02
3.066719137132167816e-02
3.061419539153575897e-02
3.056537732481956482e-02
3.049909137189388275e-02
3.043041937053203583e-02
3.038106672465801239e-02
3.034454770386219025e-02
3.031230159103870392e-02
3.028485737740993500e-02
3.024877794086933136e-02
3.019710816442966461e-02
3.016059473156929016e-02
3.012933023273944855e-02
3.009725362062454224e-02
3.006018511950969696e-02
3.003201819956302643e-02
3.001419268548488617e-02
3.000027686357498169e-02
2.997096814215183258e-02
2.993243560194969177e-02
2.991767600178718567e-02
2.984107658267021179e-02
2.980035915970802307e-02
2.974387072026729584e-02
2.969218231737613678e-02
2.964677847921848297e-02
2.957430109381675720e-02
2.952863089740276337e-02
2.945906482636928558e-02
2.936562150716781616e-02
2.929913252592086792e-02
2.917716652154922485e-02
2.915789559483528137e-02
2.909636870026588440e-02
2.907042019069194794e-02
2.903367206454277039e-02
2.901476062834262848e-02
2.898737229406833649e-02
2.897570282220840454e-02
2.896038070321083069e-02
2.894224785268306732e-02
2.891793474555015564e-02
2.888628840446472168e-02
2.886124886572360992e-02
2.882521227002143860e-02
2.879801020026206970e-02
2.877710387110710144e-02
2.876528166234493256e-02
2.875108458101749420e-02
2.874081395566463470e-02
2.873089909553527832e-02
2.871893532574176788e-02
2.870490401983261108e-02
2.869250811636447906e-02
2.866865694522857666e-02
2.865654043853282928e-02
2.864354103803634644e-02
2.862744033336639404e-02
2.860352955758571625e-02
2.859919145703315735e-02
2.856501005589962006e-02
2.854778058826923370e-02
2.852674387395381927e-02
2.850274927914142609e-02
2.847599983215332031e-02
2.845063619315624237e-02
2.842726558446884155e-02
2.840736880898475647e-02
2.839228510856628418e-02
2.835881896317005157e-02
2.830991335213184357e-02
2.828645333647727966e-02
2.820549346506595612e-02
2.817227877676486969e-02
2.813845686614513397e-02
2.810384705662727356e-02
2.806590870022773743e-02
2.801412902772426605e-02
2.796399220824241638e-02
2.792782522737979889e-02
2.788118645548820496e-02
2.782131731510162354e-02
2.778597176074981689e-02
2.773790247738361359e-02
2.769077382981777191e-02
2.765326574444770813e-02
2.760571427643299103e-02
2.756405249238014221e-02
2.753834426403045654e-02
2.749867737293243408e-02
2.747621759772300720e-02
2.745289169251918793e-02
2.742808870971202850e-02
2.738980762660503387e-02
2.734199352562427521e-02
2.729593403637409210e-02
2.724490128457546234e-02
2.717849053442478180e-02
2.711365371942520142e-02
2.706898376345634460e-02
2.703304961323738098e-02
2.699397876858711243e-02
2.696141228079795837e-02
2.691749110817909241e-02
2.688367851078510284e-02
2.685265056788921356e-02
2.681439369916915894e-02
2.678066119551658630e-02
2.675379067659378052e-02
2.672340720891952515e-02
2.670277841389179230e-02
2.666138485074043274e-02
2.662516012787818909e-02
2.658011391758918762e-02
2.654497139155864716e-02
2.648279629647731781e-02
2.645480632781982422e-02
2.642561309039592743e-02
2.640795148909091949e-02
2.640355750918388367e-02
2.637373097240924835e-02
2.635122463107109070e-02
2.632644027471542358e-02
2.630037814378738403e-02
2.626924216747283936e-02
2.624446898698806763e-02
2.621776051819324493e-02
2.619441598653793335e-02
2.617008611559867859e-02
2.614376507699489594e-02
2.611918188631534576e-02
2.607558481395244598e-02
2.603879198431968689e-02
2.601182274520397186e-02
2.599373087286949158e-02
2.597769536077976227e-02
2.596540190279483795e-02
2.593848854303359985e-02
2.591764740645885468e-02
2.589972317218780518e-02
2.588753215968608856e-02
2.587589062750339508e-02
2.586900815367698669e-02
2.585673518478870392e-02
2.584124356508255005e-02
2.582777105271816254e-02
2.581229247152805328e-02
2.579166740179061890e-02
2.577483281493186951e-02
2.575456537306308746e-02
2.572918124496936798e-02
2.570727095007896423e-02
2.568260580301284790e-02
2.565874531865119934e-02
2.562180347740650177e-02
2.557500265538692474e-02
2.552943862974643707e-02
2.550838701426982880e-02
2.545192837715148926e-02
2.541223913431167603e-02
2.536605298519134521e-02
2.531177550554275513e-02
2.526460587978363037e-02
2.522284723818302155e-02
2.519241534173488617e-02
2.514755353331565857e-02
2.511234395205974579e-02
2.507314831018447876e-02
2.505404129624366760e-02
2.503690309822559357e-02
2.502235025167465210e-02
2.498059906065464020e-02
2.495660819113254547e-02
2.492298744618892670e-02
2.484752610325813293e-02
2.478021942079067230e-02
2.470084652304649353e-02
2.466088905930519104e-02
2.461352013051509857e-02
2.459344081580638885e-02
2.456751838326454163e-02
2.454147487878799438e-02
2.448615245521068573e-02
2.444898895919322968e-02
2.443626336753368378e-02
2.440438792109489441e-02
2.439036779105663300e-02
2.436651475727558136e-02
2.433475479483604431e-02
2.432192116975784302e-02
2.427969314157962799e-02
2.426364645361900330e-02
2.424124628305435181e-02
2.421284839510917664e-02
2.417400479316711426e-02
2.414713054895401001e-02
2.411529608070850372e-02
2.409383095800876617e-02
2.408115565776824951e-02
2.407249063253402710e-02
2.405328117311000824e-02
2.402935549616813660e-02
2.400062978267669678e-02
2.396851032972335815e-02
2.393298968672752380e-02
2.390475757420063019e-02
2.387532405555248260e-02
2.384787052869796753e-02
2.381691522896289825e-02
2.378064207732677460e-02
2.374714612960815430e-02
2.372327633202075958e-02
2.370436862111091614e-02
2.368029579520225525e-02
2.366209402680397034e-02
2.364122122526168823e-02
2.361667901277542114e-02
2.358591742813587189e-02
2.355937473475933075e-02
2.353702858090400696e-02
2.351677231490612030e-02
2.348955348134040833e-02
2.346023917198181152e-02
2.343060448765754700e-02
2.340632304549217224e-02
2.338229306042194366e-02
2.334180660545825958e-02
2.332585304975509644e-02
2.328922040760517120e-02
2.324594557285308838e-02
2.321769483387470245e-02
2.318624965846538544e-02
2.315834909677505493e-02
2.311638370156288147e-02
2.307588979601860046e-02
2.301773056387901306e-02
2.295251935720443726e-02
2.288851141929626465e-02
2.281810902059078217e-02
2.278159372508525848e-02
2.275503985583782196e-02
2.273383736610412598e-02
2.268403954803943634e-02
2.263189293444156647e-02
2.261572889983654022e-02
2.256686426699161530e-02
2.254888601601123810e-02
2.253217995166778564e-02
2.251510880887508392e-02
2.248503454029560089e-02
2.247073873877525330e-02
2.243158780038356781e-02
2.237156778573989868e-02
2.233014628291130066e-02
2.228847146034240723e-02
2.227058447897434235e-02
2.224319800734519958e-02
2.222865074872970581e-02
2.221315354108810425e-02
2.219107747077941895e-02
2.216903679072856903e-02
2.215647138655185699e-02
2.214464731514453888e-02
2.213377133011817932e-02
2.211949788033962250e-02
2.210892923176288605e-02
2.209447324275970459e-02
2.207992970943450928e-02
2.206160128116607666e-02
2.205031737685203552e-02
2.203193679451942444e-02
2.201224863529205322e-02
2.197799831628799438e-02
2.195311151444911957e-02
2.193486131727695465e-02
2.192476950585842133e-02
2.191668376326560974e-02
2.190334536135196686e-02
2.189631015062332153e-02
2.188771963119506836e-02
2.187814749777317047e-02
2.186970226466655731e-02
2.186241932213306427e-02
2.185573428869247437e-02
2.184962108731269836e-02
2.184694446623325348e-02
2.184185758233070374e-02
2.183481492102146149e-02
2.182865701615810394e-02
2.182140573859214783e-02
2.181068621575832367e-02
2.180301398038864136e-02
2.179163135588169098e-02
2.177773416042327881e-02
2.176742628216743469e-02
2.175827696919441223e-02
2.174932323396205902e-02
2.174176461994647980e-02
2.173564024269580841e-02
2.172445133328437805e-02
2.171757817268371582e-02
2.170492149889469147e-02
2.168677002191543579e-02
2.167600393295288086e-02
2.165623009204864502e-02
2.164234593510627747e-02
2.162297628819942474e-02
2.160143852233886719e-02
2.157883904874324799e-02
2.155531197786331177e-02
2.151400595903396606e-02
2.148129977285861969e-02
2.143464423716068268e-02
2.139380201697349548e-02
2.136384136974811554e-02
2.133899182081222534e-02
2.131225541234016418e-02
2.129682712256908417e-02
2.127173915505409241e-02
2.124662138521671295e-02
2.122165635228157043e-02
2.120802737772464752e-02
2.119920216500759125e-02
2.117803692817687988e-02
2.114518359303474426e-02
2.112181670963764191e-02
2.109663188457489014e-02
2.106491476297378540e-02
2.104138955473899841e-02
2.099297009408473969e-02
2.095209434628486633e-02
2.091060206294059753e-02
2.089563570916652679e-02
2.088220417499542236e-02
2.087158523499965668e-02
2.085436694324016571e-02
2.083809860050678253e-02
2.081482112407684326e-02
2.079555578529834747e-02
2.077827975153923035e-02
2.076107077300548553e-02
2.074361965060234070e-02
2.073174342513084412e-02
2.072290331125259399e-02
2.070905454456806183e-02
2.069560997188091278e-02
2.067513577640056610e-02
2.065959759056568146e-02
2.063335105776786804e-02
2.061109617352485657e-02
2.059303410351276398e-02
2.057717181742191315e-02
2.055462263524532318e-02
2.052390389144420624e-02
2.050954289734363556e-02
2.049491368234157562e-02
2.048247680068016052e-02
2.047041989862918854e-02
2.045204490423202515e-02
2.042746916413307190e-02
2.039868384599685669e-02
2.036217600107192993e-02
2.032751217484474182e-02
2.029393427073955536e-02
2.026126347482204437e-02
2.023555897176265717e-02
2.020297385752201080e-02
2.016648091375827789e-02
2.014578133821487427e-02
2.013524807989597321e-02
2.011445164680480957e-02
2.008933201432228088e-02
2.004230208694934845e-02
1.998445950448513031e-02
1.993131078779697418e-02
1.989633403718471527e-02
1.986327022314071655e-02
1.982317492365837097e-02
1.979500614106655121e-02
1.977162249386310577e-02
1.975151337683200836e-02
1.973371021449565887e-02
1.971236243844032288e-02
1.970256492495536804e-02
1.968982815742492676e-02
1.968272775411605835e-02
1.966974325478076935e-02
1.964496262371540070e-02
1.962928287684917450e-02
1.961242035031318665e-02
1.959924772381782532e-02
1.959080435335636139e-02
1.957276463508605957e-02
1.956839300692081451e-02
1.953867822885513306e-02
1.952536776661872864e-02
1.951524615287780762e-02
1.950362138450145721e-02
1.948813349008560181e-02
1.947806775569915771e-02
1.946593448519706726e-02
1.945301517844200134e-02
1.944111473858356476e-02
1.943419314920902252e-02
1.942483708262443542e-02
1.941687241196632385e-02
1.941228471696376801e-02
1.940482296049594879e-02
1.939741335809230804e-02
1.938992552459239960e-02
1.938086375594139099e-02
1.936660706996917725e-02
1.935938745737075806e-02
1.934145204722881317e-02
1.933129876852035522e-02
1.931728236377239227e-02
1.930548623204231262e-02
1.928955502808094025e-02
1.927598938345909119e-02
1.926348358392715454e-02
1.925419829785823822e-02
1.924316398799419403e-02
1.923456974327564240e-02
1.922335475683212280e-02
1.921206898987293243e-02
1.919884979724884033e-02
1.918840408325195312e-02
1.917628198862075806e-02
1.916185580193996429e-02
1.913657039403915405e-02
1.912484690546989441e-02
1.910780929028987885e-02
1.907846145331859589e-02
1.904995553195476532e-02
1.901020482182502747e-02
1.894109509885311127e-02
1.892062090337276459e-02
1.888919435441493988e-02
1.885955408215522766e-02
1.884784735739231110e-02
1.882488653063774109e-02
1.880983449518680573e-02
1.878120005130767822e-02
1.876188814640045166e-02
1.874424703419208527e-02
1.872646063566207886e-02
1.869881153106689453e-02
1.866179518401622772e-02
1.862769760191440582e-02
1.859117858111858368e-02
1.853771507740020752e-02
1.850139722228050232e-02
1.846282742917537689e-02
1.840537786483764648e-02
1.837401092052459717e-02
1.833903975784778595e-02
1.830041408538818359e-02
1.824320852756500244e-02
1.819634810090065002e-02
1.814409345388412476e-02
1.809640787541866302e-02
1.806144975125789642e-02
1.802861131727695465e-02
1.799120008945465088e-02
1.796855218708515167e-02
1.794648729264736176e-02
1.791815087199211121e-02
1.789247430860996246e-02
1.786295697093009949e-02
1.783641241490840912e-02
1.781894452869892120e-02
1.780033856630325317e-02
1.778022572398185730e-02
1.776800490915775299e-02
1.775676570832729340e-02
1.774518005549907684e-02
1.773707941174507141e-02
1.772219501435756683e-02
1.770630106329917908e-02
1.769113913178443909e-02
1.766491495072841644e-02
1.765543408691883087e-02
1.763099431991577148e-02
1.761738397181034088e-02
1.760787889361381531e-02
1.759081892669200897e-02
1.756619289517402649e-02
1.753723807632923126e-02
1.750931702554225922e-02
1.749568805098533630e-02
1.747771352529525757e-02
1.746399141848087311e-02
1.745105534791946411e-02
1.743460446596145630e-02
1.741407997906208038e-02
1.738841645419597626e-02
1.738500967621803284e-02
1.735980994999408722e-02
1.734412461519241333e-02
1.732271537184715271e-02
1.729705370962619781e-02
1.728116534650325775e-02
1.724854111671447754e-02
1.723173260688781738e-02
1.721239835023880005e-02
1.719355210661888123e-02
1.716703549027442932e-02
1.715007796883583069e-02
1.712151058018207550e-02
1.709075272083282471e-02
1.707033812999725342e-02
1.705564931035041809e-02
1.704366318881511688e-02
1.702974922955036163e-02
1.701105013489723206e-02
1.698800735175609589e-02
1.696646399796009064e-02
1.694693230092525482e-02
1.692987047135829926e-02
1.690978370606899261e-02
1.689817383885383606e-02
1.688444800674915314e-02
1.686895079910755157e-02
1.685037463903427124e-02
1.681459881365299225e-02
1.681060902774333954e-02
1.676815003156661987e-02
1.675082743167877197e-02
1.672394946217536926e-02
1.669809594750404358e-02
1.668163016438484192e-02
1.665194705128669739e-02
1.662349700927734375e-02
1.659017615020275116e-02
1.654602587223052979e-02
1.653071679174900055e-02
1.649032533168792725e-02
1.645704545080661774e-02
1.640291884541511536e-02
1.636612415313720703e-02
1.633338443934917450e-02
1.630697958171367645e-02
1.629653014242649078e-02
1.628381013870239258e-02
1.626444794237613678e-02
1.625576987862586975e-02
1.624157279729843140e-02
1.622956804931163788e-02
1.621112786233425140e-02
1.619576103985309601e-02
1.617876067757606506e-02
1.617443561553955078e-02
1.615966111421585083e-02
1.615037396550178528e-02
1.614050008356571198e-02
1.613093726336956024e-02
1.612013392150402069e-02
1.610733382403850555e-02
1.609170436859130859e-02
1.607958972454071045e-02
1.606953330338001251e-02
1.604010723531246185e-02
1.602001115679740906e-02
1.598853059113025665e-02
1.597326435148715973e-02
1.595850847661495209e-02
1.594278216361999512e-02
1.593285240232944489e-02
1.592074893414974213e-02
1.590899750590324402e-02
1.590009033679962158e-02
1.589234918355941772e-02
1.588616333901882172e-02
1.587628945708274841e-02
1.586381345987319946e-02
1.585584692656993866e-02
1.584766618907451630e-02
1.583691872656345367e-02
1.582569815218448639e-02
1.582343876361846924e-02
1.580510288476943970e-02
1.579729467630386353e-02
1.578836701810359955e-02
1.578225754201412201e-02
1.577766053378582001e-02
1.576922461390495300e-02
1.575935259461402893e-02
1.575308479368686676e-02
1.574131660163402557e-02
1.572399586439132690e-02
1.570734567940235138e-02
1.568368077278137207e-02
1.567619480192661285e-02
1.565505191683769226e-02
1.564600132405757904e-02
1.563750021159648895e-02
1.563072204589843750e-02
1.562401652336120605e-02
1.561785489320755005e-02
1.561287790536880493e-02
1.560815144330263138e-02
1.559912599623203278e-02
1.558979321271181107e-02
1.558222528547048569e-02
1.557466574013233185e-02
1.556605752557516098e-02
1.556116621941328049e-02
1.555144786834716797e-02
1.554770767688751221e-02
1.554402336478233337e-02
1.554252859205007553e-02
1.553969178348779678e-02
1.553588453680276871e-02
1.553213130682706833e-02
1.553023699671030045e-02
1.552574615925550461e-02
1.552161015570163727e-02
1.551847904920578003e-02
1.551565434783697128e-02
1.551267411559820175e-02
1.551185362040996552e-02
1.550579443573951721e-02
1.549986470490694046e-02
1.549573615193367004e-02
1.549508422613143921e-02
1.549133099615573883e-02
1.548972167074680328e-02
1.548715122044086456e-02
1.548402663320302963e-02
1.547830365598201752e-02
1.547136995941400528e-02
1.546333916485309601e-02
1.545396260917186737e-02
1.544410549104213715e-02
1.543275732547044754e-02
1.542045921087265015e-02
1.541408617049455643e-02
1.540975831449031830e-02
1.540769822895526886e-02
1.540476083755493164e-02
1.539927627891302109e-02
1.539350952953100204e-02
1.538639795035123825e-02
1.538061536848545074e-02
1.537758298218250275e-02
1.537293195724487305e-02
1.536787487566471100e-02
1.536058727651834488e-02
1.535181701183319092e-02
1.534408889710903168e-02
1.533787511289119720e-02
1.533213071525096893e-02
1.532680913805961609e-02
1.532369200140237808e-02
1.531767472624778748e-02
1.531194429844617844e-02
1.530273351818323135e-02
1.529699936509132385e-02
1.528876088559627533e-02
1.528401579707860947e-02
1.528140157461166382e-02
1.527935080230236053e-02
1.527517009526491165e-02
1.527175679802894592e-02
1.526688598096370697e-02
1.526204403489828110e-02
1.525658834725618362e-02
1.525260973721742630e-02
1.524871867150068283e-02
1.524783670902252197e-02
1.524334214627742767e-02
1.523957028985023499e-02
1.523564290255308151e-02
1.523188408464193344e-02
1.522323675453662872e-02
1.521414425224065781e-02
1.521133910864591599e-02
1.520400308072566986e-02
1.519481092691421509e-02
1.518572866916656494e-02
1.517595537006855011e-02
1.516922842711210251e-02
1.516135502606630325e-02
1.515624485909938812e-02
1.514721103012561798e-02
1.513675507158041000e-02
1.512491609901189804e-02
1.510869897902011871e-02
1.509393472224473953e-02
1.508288830518722534e-02
1.507055759429931641e-02
1.506044343113899231e-02
1.505513861775398254e-02
1.505112554877996445e-02
1.504745986312627792e-02
1.504544354975223541e-02
1.504240836948156357e-02
1.503885164856910706e-02
1.503677945584058762e-02
1.503457035869359970e-02
1.502884458750486374e-02
1.502245664596557617e-02
1.500702928751707077e-02
1.499794796109199524e-02
1.498275622725486755e-02
1.496867742389440536e-02
1.495992857962846756e-02
1.494760997593402863e-02
1.493609230965375900e-02
1.491670683026313782e-02
1.489928551018238068e-02
1.487165875732898712e-02
1.481798477470874786e-02
1.479852106422185898e-02
1.475712470710277557e-02
1.473119948059320450e-02
1.471270527690649033e-02
1.469436660408973694e-02
1.466086227446794510e-02
1.461461745202541351e-02
1.457532960921525955e-02
1.454204414039850235e-02
1.452274806797504425e-02
1.450611464679241180e-02
1.448913197964429855e-02
1.447132509201765060e-02
1.445293799042701721e-02
1.443992368876934052e-02
1.442882418632507324e-02
1.442065928131341934e-02
1.440909784287214279e-02
1.439263578504323959e-02
1.437712647020816803e-02
1.435844879597425461e-02
1.434154994785785675e-02
1.432132441550493240e-02
1.430607773363590240e-02
1.429396029561758041e-02
1.428250502794981003e-02
1.427167654037475586e-02
1.426361314952373505e-02
1.425202470272779465e-02
1.424333266913890839e-02
1.422886084765195847e-02
1.420280057936906815e-02
1.418030448257923126e-02
1.415933202952146530e-02
1.411919482052326202e-02
1.411098055541515350e-02
1.408073958009481430e-02
1.406690012663602829e-02
1.405095774680376053e-02
1.403300277888774872e-02
1.399683672934770584e-02
1.397425215691328049e-02
1.393406279385089874e-02
1.390609890222549438e-02
1.388540491461753845e-02
1.386800408363342285e-02
1.383785437792539597e-02
1.381381414830684662e-02
1.379744242876768112e-02
1.377956755459308624e-02
1.376277953386306763e-02
1.374245807528495789e-02
1.371575519442558289e-02
1.368473283946514130e-02
1.364846806973218918e-02
1.362850982695817947e-02
1.359991915524005890e-02
1.358270086348056793e-02
1.356908306479454041e-02
1.355432346463203430e-02
1.353928260505199432e-02
1.352412626147270203e-02
1.349698752164840698e-02
1.347886770963668823e-02
1.344632543623447418e-02
1.341425254940986633e-02
1.338365022093057632e-02
1.336511876434087753e-02
1.334217004477977753e-02
1.333297044038772583e-02
1.332081947475671768e-02
1.330648269504308701e-02
1.329565793275833130e-02
1.328405831009149551e-02
1.326685585081577301e-02
1.324808783829212189e-02
1.323360856622457504e-02
1.322622410953044891e-02
1.321363635361194611e-02
1.320065185427665710e-02
1.319472305476665497e-02
1.318633183836936951e-02
1.317623723298311234e-02
1.316255517303943634e-02
1.315676700323820114e-02
1.314767263829708099e-02
1.314334943890571594e-02
1.313862111419439316e-02
1.313383504748344421e-02
1.312573906034231186e-02
1.311663165688514709e-02
1.310860365629196167e-02
1.309937331825494766e-02
1.309100259095430374e-02
1.308323815464973450e-02
1.307880692183971405e-02
1.307361479848623276e-02
1.306929904967546463e-02
1.306845247745513916e-02
1.306405104696750641e-02
1.306128129363059998e-02
1.305769104510545731e-02
1.305324211716651917e-02
1.304734963923692703e-02
1.304286625236272812e-02
1.303953118622303009e-02
1.303618680685758591e-02
1.303377747535705566e-02
1.303044240921735764e-02
1.302707754075527191e-02
1.302381325513124466e-02
1.302041299641132355e-02
1.301507186144590378e-02
1.301109511405229568e-02
1.300771534442901611e-02
1.300519984215497971e-02
1.300039701163768768e-02
1.299456600099802017e-02
1.298877783119678497e-02
1.298158336430788040e-02
1.297690626233816147e-02
1.297222729772329330e-02
1.296761166304349899e-02
1.296186540275812149e-02
1.295639388263225555e-02
1.295033376663923264e-02
1.294610556215047836e-02
1.294273044914007187e-02
1.293881237506866455e-02
1.293415483087301254e-02
1.292816083878278732e-02
1.292038336396217346e-02
1.291149202734231949e-02
1.289106719195842743e-02
1.288236957043409348e-02
1.286686118692159653e-02
1.284486055374145508e-02
1.283891033381223679e-02
1.283427607268095016e-02
1.283096708357334137e-02
1.282785926014184952e-02
1.282293349504470825e-02
1.282140798866748810e-02
1.281859446316957474e-02
1.281446218490600586e-02
1.280716713517904282e-02
1.279929373413324356e-02
1.279396191239356995e-02
1.278850808739662170e-02
1.278390921652317047e-02
1.278012990951538086e-02
1.277330797165632248e-02
1.277023367583751678e-02
1.276455633342266083e-02
1.275911647826433182e-02
1.275146007537841797e-02
1.273905951529741287e-02
1.272840332239866257e-02
1.272112969309091568e-02
1.271496061235666275e-02
1.271020341664552689e-02
1.270477473735809326e-02
1.269665732979774475e-02
1.269129198044538498e-02
1.268368773162364960e-02
1.267836242914199829e-02
1.267440710216760635e-02
1.266950927674770355e-02
1.266214903444051743e-02
1.264859642833471298e-02
1.263917330652475357e-02
1.262356992810964584e-02
1.262000110000371933e-02
1.260518934577703476e-02
1.259891688823699951e-02
1.259122230112552643e-02
1.258584856986999512e-02
1.257080957293510437e-02
1.256355363875627518e-02
1.255659107118844986e-02
1.254787668585777283e-02
1.254062447696924210e-02
1.253195479512214661e-02
1.252072863280773163e-02
1.251404173672199249e-02
1.250362023711204529e-02
1.249821856617927551e-02
1.249141898006200790e-02
1.248999964445829391e-02
1.248396839946508408e-02
1.247987803071737289e-02
1.246973592787981033e-02
1.246566511690616608e-02
1.245769206434488297e-02
1.245346199721097946e-02
1.244975998997688293e-02
1.244435179978609085e-02
1.243865676224231720e-02
1.243587210774421692e-02
1.243292819708585739e-02
1.242786366492509842e-02
1.242448482662439346e-02
1.241978816688060760e-02
1.241476554423570633e-02
1.240971870720386505e-02
1.240223273634910583e-02
1.239419076591730118e-02
1.238656882196664810e-02
1.237959228456020355e-02
1.237569656223058701e-02
1.236957684159278870e-02
1.236299332231283188e-02
1.235651690512895584e-02
1.234814431518316269e-02
1.233932469040155411e-02
1.232358440756797791e-02
1.231232285499572754e-02
1.230093091726303101e-02
1.229104772210121155e-02
1.228185836225748062e-02
1.226735394448041916e-02
1.226338371634483337e-02
1.224479079246520996e-02
1.224029529839754105e-02
1.223579049110412598e-02
1.223180908709764481e-02
1.222823001444339752e-02
1.222320739179849625e-02
1.221872679889202118e-02
1.220986153930425644e-02
1.219985168427228928e-02
1.218324620276689529e-02
1.217369735240936279e-02
1.216784119606018066e-02
1.215897127985954285e-02
1.215387508273124695e-02
1.214383821934461594e-02
1.213585119694471359e-02
1.213002949953079224e-02
1.212579198181629181e-02
1.211886946111917496e-02
1.211282517760992050e-02
1.210688613355159760e-02
1.210303697735071182e-02
1.209151558578014374e-02
1.207959279417991638e-02
1.205965131521224976e-02
1.203767023980617523e-02
1.201862376183271408e-02
1.200692728161811829e-02
1.199923735111951828e-02
1.197909377515316010e-02
1.196317747235298157e-02
1.193010807037353516e-02
1.187582500278949738e-02
1.185458991676568985e-02
1.182553917169570923e-02
1.181268133223056793e-02
1.180458068847656250e-02
1.179571449756622314e-02
1.178686041384935379e-02
1.177824102342128754e-02
1.176334451884031296e-02
1.175526715815067291e-02
1.173721160739660263e-02
1.172760128974914551e-02
1.171696092933416367e-02
1.170808728784322739e-02
1.169924437999725342e-02
1.169028412550687790e-02
1.168371737003326416e-02
1.167425885796546936e-02
1.166646927595138550e-02
1.165881007909774780e-02
1.164929103106260300e-02
1.163555122911930084e-02
1.161758042871952057e-02
1.160972937941551208e-02
1.159283425658941269e-02
1.157916523516178131e-02
1.156936027109622955e-02
1.156420912593603134e-02
1.156030409038066864e-02
1.155438832938671112e-02
1.154429186135530472e-02
1.153621356934309006e-02
1.152749173343181610e-02
1.152183394879102707e-02
1.150160841643810272e-02
1.148512773215770721e-02
1.145823672413825989e-02
1.144308689981698990e-02
1.140908338129520416e-02
1.138946041464805603e-02
1.137547940015792847e-02
1.136599481105804443e-02
1.136176753789186478e-02
1.134805660694837570e-02
1.133661437779664993e-02
1.132928393781185150e-02
1.132137794047594070e-02
1.131232548505067825e-02
1.129630301147699356e-02
1.128599420189857483e-02
1.127224694937467575e-02
1.125671062618494034e-02
1.123705878853797913e-02
1.121137663722038269e-02
1.119813695549964905e-02
1.118137687444686890e-02
1.116680447012186050e-02
1.115853805094957352e-02
1.114980503916740417e-02
1.113415788859128952e-02
1.111034490168094635e-02
1.108585111796855927e-02
1.107270363718271255e-02
1.106608659029006958e-02
1.106006838381290436e-02
1.104005053639411926e-02
1.102326344698667526e-02
1.099890284240245819e-02
1.098167058080434799e-02
1.096522435545921326e-02
1.095080934464931488e-02
1.093019451946020126e-02
1.091715134680271149e-02
1.090522948652505875e-02
1.089285872876644135e-02
1.087647024542093277e-02
1.086883246898651123e-02
1.085952855646610260e-02
1.084160991013050079e-02
1.083487831056118011e-02
1.081257220357656479e-02
1.078338082879781723e-02
1.075001806020736694e-02
1.071919780224561691e-02
1.070002838969230652e-02
1.067892648279666901e-02
1.066805887967348099e-02
1.065797079354524612e-02
1.063264720141887665e-02
1.061227545142173767e-02
1.059319823980331421e-02
1.057741232216358185e-02
1.056217309087514877e-02
1.054321788251399994e-02
1.052565593272447586e-02
1.049281004816293716e-02
1.048345025628805161e-02
1.047025993466377258e-02
1.045948173850774765e-02
1.045323815196752548e-02
1.044012047350406647e-02
1.042401138693094254e-02
1.041432376950979233e-02
1.040044426918029785e-02
1.038303505629301071e-02
1.037536002695560455e-02
1.036699302494525909e-02
1.035337708890438080e-02
1.034118793904781342e-02
1.032875105738639832e-02
1.032433193176984787e-02
1.031936146318912506e-02
1.031578518450260162e-02
1.030786056071519852e-02
1.030068006366491318e-02
1.029185205698013306e-02
1.028148178011178970e-02
1.027490850538015366e-02
1.026950217783451080e-02
1.026499085128307343e-02
1.026176661252975464e-02
1.025802642107009888e-02
1.025438960641622543e-02
1.025102566927671432e-02
1.024814788252115250e-02
1.024560071527957916e-02
1.024223212152719498e-02
1.023662835359573364e-02
1.023030094802379608e-02
1.022245734930038452e-02
1.021867059171199799e-02
1.020236965268850327e-02
1.019519753754138947e-02
1.018796768039464951e-02
1.018277741968631744e-02
1.017839647829532623e-02
1.017206534743309021e-02
1.016814447939395905e-02
1.016067061573266983e-02
1.015417743474245071e-02
1.014972943812608719e-02
1.014205440878868103e-02
1.013527065515518188e-02
1.012500096112489700e-02
1.011255569756031036e-02
1.010425668209791183e-02
1.009687874466180801e-02
1.009373180568218231e-02
1.008745655417442322e-02
1.008325163275003433e-02
1.007952447980642319e-02
1.007465738803148270e-02
1.006679609417915344e-02
1.005311962217092514e-02
1.004705391824245453e-02
1.003248151391744614e-02
1.001978013664484024e-02
1.001465786248445511e-02
1.000883895903825760e-02
1.000272110104560852e-02
9.992235340178012848e-03
9.984610602259635925e-03
9.978319518268108368e-03
9.965780191123485565e-03
9.953491389751434326e-03
9.946001693606376648e-03
9.936910122632980347e-03
9.934557601809501648e-03
9.931400418281555176e-03
9.930109605193138123e-03
9.927238337695598602e-03
9.925754740834236145e-03
9.923705831170082092e-03
9.919760748744010925e-03
9.917397052049636841e-03
9.915093891322612762e-03
9.912923909723758698e-03
9.911847300827503204e-03
9.908746927976608276e-03
9.905116632580757141e-03
9.899798780679702759e-03
9.893118403851985931e-03
9.888234548270702362e-03
9.882429614663124084e-03
9.877770207822322845e-03
9.871999733150005341e-03
9.861304424703121185e-03
9.852201677858829498e-03
9.840772487223148346e-03
9.828524664044380188e-03
9.812325239181518555e-03
9.802165441215038300e-03
9.788900613784790039e-03
9.780413471162319183e-03
9.775168262422084808e-03
9.770898148417472839e-03
9.767011739313602448e-03
9.762544184923171997e-03
9.751115925610065460e-03
9.746630676090717316e-03
9.732957929372787476e-03
9.715881198644638062e-03
9.695261716842651367e-03
9.685049764811992645e-03
9.678243659436702728e-03
9.670138359069824219e-03
9.665213525295257568e-03
9.660002775490283966e-03
9.655144996941089630e-03
9.650611318647861481e-03
9.645289741456508636e-03
9.640686213970184326e-03
9.633105248212814331e-03
9.621983394026756287e-03
9.609661996364593506e-03
9.601591154932975769e-03
9.592156857252120972e-03
9.587645530700683594e-03
9.580119512975215912e-03
9.568007662892341614e-03
9.560681879520416260e-03
9.557579644024372101e-03
9.555590339004993439e-03
9.551891125738620758e-03
9.548316709697246552e-03
9.545241482555866241e-03
9.541468694806098938e-03
9.537734091281890869e-03
9.532804600894451141e-03
9.528152644634246826e-03
9.520654566586017609e-03
9.517107158899307251e-03
9.513598866760730743e-03
9.511182084679603577e-03
9.507054463028907776e-03
9.505335241556167603e-03
9.500944986939430237e-03
9.498380124568939209e-03
9.495931677520275116e-03
9.493223391473293304e-03
9.490325115621089935e-03
9.483879432082176208e-03
9.477579966187477112e-03
9.472706355154514313e-03
9.457863867282867432e-03
9.447603486478328705e-03
9.436513297259807587e-03
9.429583325982093811e-03
9.422696195542812347e-03
9.417197667062282562e-03
9.415334090590476990e-03
9.410123340785503387e-03
9.401604533195495605e-03
9.392603300511837006e-03
9.388545528054237366e-03
9.383350610733032227e-03
9.381987154483795166e-03
9.376191534101963043e-03
9.372905828058719635e-03
9.368572384119033813e-03
9.364122524857521057e-03
9.360888041555881500e-03
9.356991387903690338e-03
9.354121983051300049e-03
9.350064210593700409e-03
9.344836696982383728e-03
9.341559372842311859e-03
9.333892725408077240e-03
9.323840960860252380e-03
9.312750771641731262e-03
9.298272430896759033e-03
9.296079166233539581e-03
9.291057474911212921e-03
9.288596920669078827e-03
9.285268373787403107e-03
9.279033169150352478e-03
9.275043383240699768e-03
9.269353002309799194e-03
9.265643544495105743e-03
9.260324761271476746e-03
9.255032986402511597e-03
9.249401278793811798e-03
9.243896231055259705e-03
9.240091778337955475e-03
9.237498044967651367e-03
9.234242141246795654e-03
9.233128279447555542e-03
9.231417439877986908e-03
9.229366667568683624e-03
9.225453250110149384e-03
9.220511652529239655e-03
9.212482720613479614e-03
9.200479835271835327e-03
9.189308620989322662e-03
9.169991128146648407e-03
9.162336587905883789e-03
9.152115322649478912e-03
9.136684238910675049e-03
9.128553792834281921e-03
9.118424728512763977e-03
9.107348509132862091e-03
9.099700488150119781e-03
9.093555621802806854e-03
9.090219624340534210e-03
9.087426587939262390e-03
9.085175581276416779e-03
9.083077311515808105e-03
9.080657735466957092e-03
9.080127812922000885e-03
9.077811613678932190e-03
9.072598069906234741e-03
9.067801758646965027e-03
9.062382392585277557e-03
9.056497365236282349e-03
9.051354601979255676e-03
9.046948514878749847e-03
9.043773636221885681e-03
9.039949625730514526e-03
9.036312811076641083e-03
9.032037109136581421e-03
9.030036628246307373e-03
9.027214720845222473e-03
9.025072678923606873e-03
9.023634716868400574e-03
9.022785350680351257e-03
9.021974168717861176e-03
9.021484293043613434e-03
9.020428173243999481e-03
9.019083343446254730e-03
9.016938507556915283e-03
9.013829752802848816e-03
9.010998532176017761e-03
9.005768224596977234e-03
8.998848497867584229e-03
8.995387703180313110e-03
8.989468216896057129e-03
8.986636996269226074e-03
8.984391577541828156e-03
8.983164094388484955e-03
8.980993181467056274e-03
8.977307938039302826e-03
8.975119329988956451e-03
8.971867151558399200e-03
8.968849666416645050e-03
8.965294808149337769e-03
8.961641229689121246e-03
8.958663791418075562e-03
8.955131284892559052e-03
8.952454663813114166e-03
8.949300274252891541e-03
8.948436006903648376e-03
8.948116563260555267e-03
8.947108872234821320e-03
8.945470675826072693e-03
8.943184278905391693e-03
8.942148648202419281e-03
8.939812891185283661e-03
8.935739286243915558e-03
8.931477554142475128e-03
8.929936215281486511e-03
8.927107788622379303e-03
8.924159221351146698e-03
8.921800181269645691e-03
8.919183164834976196e-03
8.916904218494892120e-03
8.914115838706493378e-03
8.910932578146457672e-03
8.908844552934169769e-03
8.906296454370021820e-03
8.902790956199169159e-03
8.900682441890239716e-03
8.897298015654087067e-03
8.895197883248329163e-03
8.893616497516632080e-03
8.890999481081962585e-03
8.887557312846183777e-03
8.886269293725490570e-03
8.882680907845497131e-03
8.879069238901138306e-03
8.874950930476188660e-03
8.872425183653831482e-03
8.867457509040832520e-03
8.865287527441978455e-03
8.861765265464782715e-03
8.859758265316486359e-03
8.857926353812217712e-03
8.855022490024566650e-03
8.849899284541606903e-03
8.847505785524845123e-03
8.844311349093914032e-03
8.842768147587776184e-03
8.840085007250308990e-03
8.838118985295295715e-03
8.835864253342151642e-03
8.834163658320903778e-03
8.830524049699306488e-03
8.827341720461845398e-03
8.823493495583534241e-03
8.820735849440097809e-03
8.814780972898006439e-03
8.812456391751766205e-03
8.809192106127738953e-03
8.807064034044742584e-03
8.806405588984489441e-03
8.803880773484706879e-03
8.800109848380088806e-03
8.796283043920993805e-03
8.794479072093963623e-03
8.791364729404449463e-03
8.787407539784908295e-03
8.783449418842792511e-03
8.779374882578849792e-03
8.774495683610439301e-03
8.772450499236583710e-03
8.766319602727890015e-03
8.760597556829452515e-03
8.755140937864780426e-03
8.750748820602893829e-03
8.747232146561145782e-03
8.743076585233211517e-03
8.739953860640525818e-03
8.732941932976245880e-03
8.728306740522384644e-03
8.721210062503814697e-03
8.717888034880161285e-03
8.708589710295200348e-03
8.702029474079608917e-03
8.697740733623504639e-03
8.693648502230644226e-03
8.690793998539447784e-03
8.685044944286346436e-03
8.682018145918846130e-03
8.678130805492401123e-03
8.673811331391334534e-03
8.670496754348278046e-03
8.665230125188827515e-03
8.657814934849739075e-03
8.653959259390830994e-03
8.649179711937904358e-03
8.641821332275867462e-03
8.637361228466033936e-03
8.633152581751346588e-03
8.629962801933288574e-03
8.626935072243213654e-03
8.623503148555755615e-03
8.620869368314743042e-03
8.613779209554195404e-03
8.603697642683982849e-03
8.591189049184322357e-03
8.587097749114036560e-03
8.577354252338409424e-03
8.572096005082130432e-03
8.564269170165061951e-03
8.549882099032402039e-03
8.540759794414043427e-03
8.525152690708637238e-03
8.513889275491237640e-03
8.505058474838733673e-03
8.499491959810256958e-03
8.488708175718784332e-03
8.481977507472038269e-03
8.473703637719154358e-03
8.466358296573162079e-03
8.459867909550666809e-03
8.452290669083595276e-03
8.443389087915420532e-03
8.434359915554523468e-03
8.418855257332324982e-03
8.400330320000648499e-03
8.383915759623050690e-03
8.367096073925495148e-03
8.352420292794704437e-03
8.337540552020072937e-03
8.316919207572937012e-03
8.308824151754379272e-03
8.301644586026668549e-03
8.297390304505825043e-03
8.293314836919307709e-03
8.285563439130783081e-03
8.276941254734992981e-03
8.269126527011394501e-03
8.260590955615043640e-03
8.254026994109153748e-03
8.246922865509986877e-03
8.242514915764331818e-03
8.235860615968704224e-03
8.230458945035934448e-03
8.224980905652046204e-03
8.219402283430099487e-03
8.215695619583129883e-03
8.212143555283546448e-03
8.209099061787128448e-03
8.206222206354141235e-03
8.202451281249523163e-03
8.199354633688926697e-03
8.195296861231327057e-03
8.191872388124465942e-03
8.187435567378997803e-03
8.185505867004394531e-03
8.183135651051998138e-03
8.181723766028881073e-03
8.179382421076297760e-03
8.175811730325222015e-03
8.172821253538131714e-03
8.169993758201599121e-03
8.167698048055171967e-03
8.164249360561370850e-03
8.162123151123523712e-03
8.158696815371513367e-03
8.156964555382728577e-03
8.155491203069686890e-03
8.153459057211875916e-03
8.151743561029434204e-03
8.149608038365840912e-03
8.148475550115108490e-03
8.146877400577068329e-03
8.144428953528404236e-03
8.142419159412384033e-03
8.139248937368392944e-03
8.134819567203521729e-03
8.132241666316986084e-03
8.129199035465717316e-03
8.126469328999519348e-03
8.125280961394309998e-03
8.124261163175106049e-03
8.121964521706104279e-03
8.121037855744361877e-03
8.120451122522354126e-03
8.119096979498863220e-03
8.117725141346454620e-03
8.115287870168685913e-03
8.108980953693389893e-03
8.104370906949043274e-03
8.100512437522411346e-03
8.098225109279155731e-03
8.096177130937576294e-03
8.092856034636497498e-03
8.090116083621978760e-03
8.087872527539730072e-03
8.086812682449817657e-03
8.085121400654315948e-03
8.082524873316287994e-03
8.080068044364452362e-03
8.078957907855510712e-03
8.076781406998634338e-03
8.073986507952213287e-03
8.071091957390308380e-03
8.068757131695747375e-03
8.067322894930839539e-03
8.064627647399902344e-03
8.061570115387439728e-03
8.058068342506885529e-03
8.051331155002117157e-03
8.046460337936878204e-03
8.043352514505386353e-03
8.041945286095142365e-03
8.040864951908588409e-03
8.039252832531929016e-03
8.037393912672996521e-03
8.035186678171157837e-03
8.034734055399894714e-03
8.033118210732936859e-03
8.032596670091152191e-03
8.031273260712623596e-03
8.029141463339328766e-03
8.025761693716049194e-03
8.024604991078376770e-03
8.021907880902290344e-03
8.021439425647258759e-03
8.020731620490550995e-03
8.019180968403816223e-03
8.017239160835742950e-03
8.015353232622146606e-03
8.014095015823841095e-03
8.012888953089714050e-03
8.011662401258945465e-03
8.009883575141429901e-03
8.008422330021858215e-03
8.007202297449111938e-03
8.006546646356582642e-03
8.006105199456214905e-03
8.005421608686447144e-03
8.004525676369667053e-03
8.003029972314834595e-03
8.001095615327358246e-03
7.999612018465995789e-03
7.997666485607624054e-03
7.997395470738410950e-03
7.997262291610240936e-03
7.996750064194202423e-03
7.995840162038803101e-03
7.993314415216445923e-03
7.992384023964405060e-03
7.990437559783458710e-03
7.987203076481819153e-03
7.983606308698654175e-03
7.980631664395332336e-03
7.976379245519638062e-03
7.971115410327911377e-03
7.964495569467544556e-03
7.960428483784198761e-03
7.958396337926387787e-03
7.955472916364669800e-03
7.952176965773105621e-03
7.948925718665122986e-03
7.945991121232509613e-03
7.944012992084026337e-03
7.942251861095428467e-03
7.939343340694904327e-03
7.936198264360427856e-03
7.932383567094802856e-03
7.929132319986820221e-03
7.927443832159042358e-03
7.925630547106266022e-03
7.922967895865440369e-03
7.921517826616764069e-03
7.918507792055606842e-03
7.914988324046134949e-03
7.911304943263530731e-03
7.908070459961891174e-03
7.905256003141403198e-03
7.900707423686981201e-03
7.895790971815586090e-03
7.890202105045318604e-03
7.884880527853965759e-03
7.879381999373435974e-03
7.872690446674823761e-03
7.864652201533317566e-03
7.857408374547958374e-03
7.852913811802864075e-03
7.847630418837070465e-03
7.841135375201702118e-03
7.833885960280895233e-03
7.823614403605461121e-03
7.810122799128293991e-03
7.798430044203996658e-03
7.791464217007160187e-03
7.777722086757421494e-03
7.758548948913812637e-03
7.740501780062913895e-03
7.718502543866634369e-03
7.703605107963085175e-03
7.689416874200105667e-03
7.676678709685802460e-03
7.663740776479244232e-03
7.645799778401851654e-03
7.637766189873218536e-03
7.617496885359287262e-03
7.615710142999887466e-03
7.602774072438478470e-03
7.597756572067737579e-03
7.591874338686466217e-03
7.588895037770271301e-03
7.581397891044616699e-03
7.577197160571813583e-03
7.573414593935012817e-03
7.567049004137516022e-03
7.562663871794939041e-03
7.557038217782974243e-03
7.551979273557662964e-03
7.544844411313533783e-03
7.540910970419645309e-03
7.537573110312223434e-03
7.534530479460954666e-03
7.531448733061552048e-03
7.526666857302188873e-03
7.523598615080118179e-03
7.518873084336519241e-03
7.514671422541141510e-03
7.508029229938983917e-03
7.503136061131954193e-03
7.499348372220993042e-03
7.496599107980728149e-03
7.493330165743827820e-03
7.490112446248531342e-03
7.483703549951314926e-03
7.481085136532783508e-03
7.478701882064342499e-03
7.476171012967824936e-03
7.475002668797969818e-03
7.473536767065525055e-03
7.472474128007888794e-03
7.471335586160421371e-03
7.470490410923957825e-03
7.469215430319309235e-03
7.468084339052438736e-03
7.466886192560195923e-03
7.464813999831676483e-03
7.462223526090383530e-03
7.460204418748617172e-03
7.458133157342672348e-03
7.456731051206588745e-03
7.454839535057544708e-03
7.452918216586112976e-03
7.451025303453207016e-03
7.448799908161163330e-03
7.447931449860334396e-03
7.446336094290018082e-03
7.445577997714281082e-03
7.444305345416069031e-03
7.443850859999656677e-03
7.442426402121782303e-03
7.441665511578321457e-03
7.441031746566295624e-03
7.439051754772663116e-03
7.438374683260917664e-03
7.436558138579130173e-03
7.435039617121219635e-03
7.433437742292881012e-03
7.431494537740945816e-03
7.429204415529966354e-03
7.427175063639879227e-03
7.423733361065387726e-03
7.423140574246644974e-03
7.422707974910736084e-03
7.421385496854782104e-03
7.420261390507221222e-03
7.419101893901824951e-03
7.417057640850543976e-03
7.415719795972108841e-03
7.415211759507656097e-03
7.414442021399736404e-03
7.413629908114671707e-03
7.412772625684738159e-03
7.411460392177104950e-03
7.410463411360979080e-03
7.409135811030864716e-03
7.407235912978649139e-03
7.404458709061145782e-03
7.403723429888486862e-03
7.401337381452322006e-03
7.400541566312313080e-03
7.399789057672023773e-03
7.398256100714206696e-03
7.396803237497806549e-03
7.393070030957460403e-03
7.390885613858699799e-03
7.387458346784114838e-03
7.383566349744796753e-03
7.380435708910226822e-03
7.376938126981258392e-03
7.375002373009920120e-03
7.372097577899694443e-03
7.369827944785356522e-03
7.366477046161890030e-03
7.362834643572568893e-03
7.359999697655439377e-03
7.358155678957700729e-03
7.355953566730022430e-03
7.354095112532377243e-03
7.352286949753761292e-03
7.351221982389688492e-03
7.349407766014337540e-03
7.348219864070415497e-03
7.346523460000753403e-03
7.344944868236780167e-03
7.343040779232978821e-03
7.341478019952774048e-03
7.339478470385074615e-03
7.338196970522403717e-03
7.334614172577857971e-03
7.331406697630882263e-03
7.327527739107608795e-03
7.324474398046731949e-03
7.320662960410118103e-03
7.319020107388496399e-03
7.316311821341514587e-03
7.313165813684463501e-03
7.310895249247550964e-03
7.307677995413541794e-03
7.305265869945287704e-03
7.303801830857992172e-03
7.302642334252595901e-03
7.299018558114767075e-03
7.296883035451173782e-03
7.293963804841041565e-03
7.293096743524074554e-03
7.291377987712621689e-03
7.290513254702091217e-03
7.289160974323749542e-03
7.287479937076568604e-03
7.285402156412601471e-03
7.283604703843593597e-03
7.281640544533729553e-03
7.280717138200998306e-03
7.279427722096443176e-03
7.277386263012886047e-03
7.275922223925590515e-03
7.275817915797233582e-03
7.274553645402193069e-03
7.274178322404623032e-03
7.273195777088403702e-03
7.272301707416772842e-03
7.270126603543758392e-03
7.269631139934062958e-03
7.265686057507991791e-03
7.263319101184606552e-03
7.261659950017929077e-03
7.258338853716850281e-03
7.255883887410163879e-03
7.251974660903215408e-03
7.248873822391033173e-03
7.245071232318878174e-03
7.241080515086650848e-03
7.235165219753980637e-03
7.233470212668180466e-03
7.231756579130887985e-03
7.231144700199365616e-03
7.230523042380809784e-03
7.229907438158988953e-03
7.228605449199676514e-03
7.227729540318250656e-03
7.226259447634220123e-03
7.224928122013807297e-03
7.222880609333515167e-03
7.220017723739147186e-03
7.216842379420995712e-03
7.214106619358062744e-03
7.211656309664249420e-03
7.209570612758398056e-03
7.203636690974235535e-03
7.201179862022399902e-03
7.198938168585300446e-03
7.197984028607606888e-03
7.197691127657890320e-03
7.196649909019470215e-03
7.195597514510154724e-03
7.194556761533021927e-03
7.192682474851608276e-03
7.190570235252380371e-03
7.188304327428340912e-03
7.185460999608039856e-03
7.183235138654708862e-03
7.181584835052490234e-03
7.179371546953916550e-03
7.177766412496566772e-03
7.175816688686609268e-03
7.173392921686172485e-03
7.171399425715208054e-03
7.168155163526535034e-03
7.164704147726297379e-03
7.161390502005815506e-03
7.157152052968740463e-03
7.153228856623172760e-03
7.149412296712398529e-03
7.143828552216291428e-03
7.141724228858947754e-03
7.138781715184450150e-03
7.136442232877016068e-03
7.134329993277788162e-03
7.129806093871593475e-03
7.127597462385892868e-03
7.123987190425395966e-03
7.120260503143072128e-03
7.116715423762798309e-03
7.115200627595186234e-03
7.113686762750148773e-03
7.112978491932153702e-03
7.112466730177402496e-03
7.110974285751581192e-03
7.110923528671264648e-03
7.110140752047300339e-03
7.109420374035835266e-03
7.108562160283327103e-03
7.107959594577550888e-03
7.107323035597801208e-03
7.106448523700237274e-03
7.105401251465082169e-03
7.103732321411371231e-03
7.102121133357286453e-03
7.100000977516174316e-03
7.099136244505643845e-03
7.097890134900808334e-03
7.097103632986545563e-03
7.096188608556985855e-03
7.094802800565958023e-03
7.093082182109355927e-03
7.091371808201074600e-03
7.089623250067234039e-03
7.086928933858871460e-03
7.083673495799303055e-03
7.080835290253162384e-03
7.077591493725776672e-03
7.073962129652500153e-03
7.069882936775684357e-03
7.066972088068723679e-03
7.059971801936626434e-03
7.053678389638662338e-03
7.047456689178943634e-03
7.041147444397211075e-03
7.036088965833187103e-03
7.030301727354526520e-03
7.029818836599588394e-03
7.021836936473846436e-03
7.018808741122484207e-03
7.017422001808881760e-03
7.014987990260124207e-03
7.011758163571357727e-03
7.008598651736974716e-03
7.005393039435148239e-03
7.004242856055498123e-03
7.002766709774732590e-03
7.001369260251522064e-03
6.999220699071884155e-03
6.996490061283111572e-03
6.993538700044155121e-03
6.992049049586057663e-03
6.989803165197372437e-03
6.987097207456827164e-03
6.984950043261051178e-03
6.982950028032064438e-03
6.982100196182727814e-03
6.981037091463804245e-03
6.979893893003463745e-03
6.978551857173442841e-03
6.977366283535957336e-03
6.975199561566114426e-03
6.972954142838716507e-03
6.970939226448535919e-03
6.969246547669172287e-03
6.965788546949625015e-03
6.963968276977539062e-03
6.961219478398561478e-03
6.959083024412393570e-03
6.954895332455635071e-03
6.951506249606609344e-03
6.946873385459184647e-03
6.942020263522863388e-03
6.931547541171312332e-03
6.921819876879453659e-03
6.916211917996406555e-03
6.911185570061206818e-03
6.907283794134855270e-03
6.903013680130243301e-03
6.897287443280220032e-03
6.893336772918701172e-03
6.890350952744483948e-03
6.887499243021011353e-03
6.885990500450134277e-03
6.884055677801370621e-03
6.882337853312492371e-03
6.881056819111108780e-03
6.879274733364582062e-03
6.876742932945489883e-03
6.875233724713325500e-03
6.872664671391248703e-03
6.871154997497797012e-03
6.868960801512002945e-03
6.865845993161201477e-03
6.862640380859375000e-03
6.858460139483213425e-03
6.856680847704410553e-03
6.851867306977510452e-03
6.847601849585771561e-03
6.843539886176586151e-03
6.839868612587451935e-03
6.835975684225559235e-03
6.832335609942674637e-03
6.830324418842792511e-03
6.827830336987972260e-03
6.825851742178201675e-03
6.823763251304626465e-03
6.819480564445257187e-03
6.816891022026538849e-03
6.812876090407371521e-03
6.811229046434164047e-03
6.808921694755554199e-03
6.807853933423757553e-03
6.806496530771255493e-03
6.805705837905406952e-03
6.803693249821662903e-03
6.801018957048654556e-03
6.799994502216577530e-03
6.796830333769321442e-03
6.795376073569059372e-03
6.793939042836427689e-03
6.792264059185981750e-03
6.790664978325366974e-03
6.788285449147224426e-03
6.786300335079431534e-03
6.784166209399700165e-03
6.783757824450731277e-03
6.781840696930885315e-03
6.780393887311220169e-03
6.779443006962537766e-03
6.778629031032323837e-03
6.777299568057060242e-03
6.776577327400445938e-03
6.774629466235637665e-03
6.772994529455900192e-03
6.770389154553413391e-03
6.769579835236072540e-03
6.766776554286479950e-03
6.764419376850128174e-03
6.763499695807695389e-03
6.762248929589986801e-03
6.760813761502504349e-03
6.758948322385549545e-03
6.756965070962905884e-03
6.755141541361808777e-03
6.754159927368164062e-03
6.752619985491037369e-03
6.751556880772113800e-03
6.749706808477640152e-03
6.747505627572536469e-03
6.745581515133380890e-03
6.743379868566989899e-03
6.742366123944520950e-03
6.741079501807689667e-03
6.739844568073749542e-03
6.738300900906324387e-03
6.737846415489912033e-03
6.733388174325227737e-03
6.731759291142225266e-03
6.727677304297685623e-03
6.721737794578075409e-03
6.712370552122592926e-03
6.708240602165460587e-03
6.694639101624488831e-03
6.688895635306835175e-03
6.682221312075853348e-03
6.675724871456623077e-03
6.668760906904935837e-03
6.660042330622673035e-03
6.657779682427644730e-03
6.646618247032165527e-03
6.643417291343212128e-03
6.640554871410131454e-03
6.636657286435365677e-03
6.632992066442966461e-03
6.626076065003871918e-03
6.621921900659799576e-03
6.617202423512935638e-03
6.614739540964365005e-03
6.611024960875511169e-03
6.606219802051782608e-03
6.603295914828777313e-03
6.598818115890026093e-03
6.594166159629821777e-03
6.591090001165866852e-03
6.587064359337091446e-03
6.583173759281635284e-03
6.579779088497161865e-03
6.576122250407934189e-03
6.574857048690319061e-03
6.573438644409179688e-03
6.570820696651935577e-03
6.569283548742532730e-03
6.565826013684272766e-03
6.565137300640344620e-03
6.563295144587755203e-03
6.561669986695051193e-03
6.560652982443571091e-03
6.558531429618597031e-03
6.556399166584014893e-03
6.549685727804899216e-03
6.545005831867456436e-03
6.541963666677474976e-03
6.539968773722648621e-03
6.538636982440948486e-03
6.537236273288726807e-03
6.534785963594913483e-03
6.531571503728628159e-03
6.529005244374275208e-03
6.525867618620395660e-03
6.523808464407920837e-03
6.521344184875488281e-03
6.518691312521696091e-03
6.514820735901594162e-03
6.510161329060792923e-03
6.506571546196937561e-03
6.505941040813922882e-03
6.505858618766069412e-03
6.504500284790992737e-03
6.503391079604625702e-03
6.502644624561071396e-03
6.501853931695222855e-03
6.501556374132633209e-03
6.500431802123785019e-03
6.500099785625934601e-03
6.498141214251518250e-03
6.496502086520195007e-03
6.496350280940532684e-03
6.494635716080665588e-03
6.493968423455953598e-03
6.493948865681886673e-03
6.493096239864826202e-03
6.492071319371461868e-03
6.491420324891805649e-03
6.490822881460189819e-03
6.489714141935110092e-03
6.487678270787000656e-03
6.485670804977416992e-03
6.483260076493024826e-03
6.480552256107330322e-03
6.477430462837219238e-03
6.474770139902830124e-03
6.473609246313571930e-03
6.471232045441865921e-03
6.467612925916910172e-03
6.464923731982707977e-03
6.462989840656518936e-03
6.461082026362419128e-03
6.459964439272880554e-03
6.458698771893978119e-03
6.458109244704246521e-03
6.457195151597261429e-03
6.455654278397560120e-03
6.453621201217174530e-03
6.452255882322788239e-03
6.450335029512643814e-03
6.448357831686735153e-03
6.446741987019777298e-03
6.444992497563362122e-03
6.441552191972732544e-03
6.440620869398117065e-03
6.438970100134611130e-03
6.437663920223712921e-03
6.436625029891729355e-03
6.436179392039775848e-03
6.434505339711904526e-03
6.434420589357614517e-03
6.432379130274057388e-03
6.429940927773714066e-03
6.427017506211996078e-03
6.426485721021890640e-03
6.424205377697944641e-03
6.422958802431821823e-03
6.421605590730905533e-03
6.419624667614698410e-03
6.419323384761810303e-03
6.418045144528150558e-03
6.416953634470701218e-03
6.414970848709344864e-03
6.413213443011045456e-03
6.411395967006683350e-03
6.409780588001012802e-03
6.408655084669589996e-03
6.407108157873153687e-03
6.406358908861875534e-03
6.403686478734016418e-03
6.402096711099147797e-03
6.401201244443655014e-03
6.400039885193109512e-03
6.397007033228874207e-03
6.392886862158775330e-03
6.391581613570451736e-03
6.384839303791522980e-03
6.382058374583721161e-03
6.381172686815261841e-03
6.377066485583782196e-03
6.375318393111228943e-03
6.371887866407632828e-03
6.370683200657367706e-03
6.369453389197587967e-03
6.368580274283885956e-03
6.367351859807968140e-03
6.366724614053964615e-03
6.366129964590072632e-03
6.365603301674127579e-03
6.364690139889717102e-03
6.362949032336473465e-03
6.361480336636304855e-03
6.360296159982681274e-03
6.358697544783353806e-03
6.357602309435606003e-03
6.356784142553806305e-03
6.354979705065488815e-03
6.353470962494611740e-03
6.351831834763288498e-03
6.350202951580286026e-03
6.349177099764347076e-03
6.348190829157829285e-03
6.347276270389556885e-03
6.346619222313165665e-03
6.345013622194528580e-03
6.343031302094459534e-03
6.340022664517164230e-03
6.339241750538349152e-03
6.337640807032585144e-03
6.331744138151407242e-03
6.328403949737548828e-03
6.324576213955879211e-03
6.320642307400703430e-03
6.315844133496284485e-03
6.311730947345495224e-03
6.308518815785646439e-03
6.305775605142116547e-03
6.302773952484130859e-03
6.299196276813745499e-03
6.295101251453161240e-03
6.287578959017992020e-03
6.281513720750808716e-03
6.277589127421379089e-03
6.275990977883338928e-03
6.273620296269655228e-03
6.271563936024904251e-03
6.270583719015121460e-03
6.267768330872058868e-03
6.266193464398384094e-03
6.264548283070325851e-03
6.263092160224914551e-03
6.262351293116807938e-03
6.261703092604875565e-03
6.259439513087272644e-03
6.258626002818346024e-03
6.256786175072193146e-03
6.255876272916793823e-03
6.254936568439006805e-03
6.253791041672229767e-03
6.251764483749866486e-03
6.248733960092067719e-03
6.245920434594154358e-03
6.245385389775037766e-03
6.242422387003898621e-03
6.239418406039476395e-03
6.238149013370275497e-03
6.236034445464611053e-03
6.234228610992431641e-03
6.230563391000032425e-03
6.228379905223846436e-03
6.226310506463050842e-03
6.222738884389400482e-03
6.221186835318803787e-03
6.217599846422672272e-03
6.214819848537445068e-03
6.212269421666860580e-03
6.210173480212688446e-03
6.208853796124458313e-03
6.207384634763002396e-03
6.206037942320108414e-03
6.204246077686548233e-03
6.203150376677513123e-03
6.202214863151311874e-03
6.201486568897962570e-03
6.199766881763935089e-03
6.197310984134674072e-03
6.196573842316865921e-03
6.190738175064325333e-03
6.187838502228260040e-03
6.182509008795022964e-03
6.179574877023696899e-03
6.175661925226449966e-03
6.172976456582546234e-03
6.170885637402534485e-03
6.169156171381473541e-03
6.166910286992788315e-03
6.166471168398857117e-03
6.162543315440416336e-03
6.160784978419542313e-03
6.158796604722738266e-03
6.156431976705789566e-03
6.153284572064876556e-03
6.150739733129739761e-03
6.147389300167560577e-03
6.139699835330247879e-03
6.134013179689645767e-03
6.128663662821054459e-03
6.124628707766532898e-03
6.122981663793325424e-03
6.120861042290925980e-03
6.119539495557546616e-03
6.116868928074836731e-03
6.113331764936447144e-03
6.108314730226993561e-03
6.104790605604648590e-03
6.100781261920928955e-03
6.097086239606142044e-03
6.094031035900115967e-03
6.092346273362636566e-03
6.091312505304813385e-03
6.090411450713872910e-03
6.089255679398775101e-03
6.088781170547008514e-03
6.086823996156454086e-03
6.085012108087539673e-03
6.082966923713684082e-03
6.080317776650190353e-03
6.077840924263000488e-03
6.075339857488870621e-03
6.074400618672370911e-03
6.072591990232467651e-03
6.070075556635856628e-03
6.067607551813125610e-03
6.066221743822097778e-03
6.062828470021486282e-03
6.059773731976747513e-03
6.056943442672491074e-03
6.054931785911321640e-03
6.052659824490547180e-03
6.050609517842531204e-03
6.049248389899730682e-03
6.047205533832311630e-03
6.045626010745763779e-03
6.043390836566686630e-03
6.042050663381814957e-03
6.041029002517461777e-03
6.040939129889011383e-03
6.040670908987522125e-03
6.039458326995372772e-03
6.038852035999298096e-03
6.037943065166473389e-03
6.036989390850067139e-03
6.034746766090393066e-03
6.032401230186223984e-03
6.030212156474590302e-03
6.027833092957735062e-03
6.026278249919414520e-03
6.024362519383430481e-03
6.022639106959104538e-03
6.021691951900720596e-03
6.020647473633289337e-03
6.019155029207468033e-03
6.018044892698526382e-03
6.015688180923461914e-03
6.012775469571352005e-03
6.008531898260116577e-03
6.005088333040475845e-03
5.998336244374513626e-03
5.995190702378749847e-03
5.991308018565177917e-03
5.988947581499814987e-03
5.985490046441555023e-03
5.982120521366596222e-03
5.979943554848432541e-03
5.976284854114055634e-03
5.974312312901020050e-03
5.970938596874475479e-03
5.967242177575826645e-03
5.962271243333816528e-03
5.957521498203277588e-03
5.955778528004884720e-03
5.952913779765367508e-03
5.951625294983386993e-03
5.949302110821008682e-03
5.947311874479055405e-03
5.945634096860885620e-03
5.943535361438989639e-03
5.941953975707292557e-03
5.940628238022327423e-03
5.938518326729536057e-03
5.936592817306518555e-03
5.934947635978460312e-03
5.932309199124574661e-03
5.929510574787855148e-03
5.926910322159528732e-03
5.925269331783056259e-03
5.922175012528896332e-03
5.919636227190494537e-03
5.918122828006744385e-03
5.916328635066747665e-03
5.914090666919946671e-03
5.908572115004062653e-03
5.904716905206441879e-03
5.903086625039577484e-03
5.899992771446704865e-03
5.898004397749900818e-03
5.896050482988357544e-03
5.892649758607149124e-03
5.886065773665904999e-03
5.879804491996765137e-03
5.871628876775503159e-03
5.863126367330551147e-03
5.855379160493612289e-03
5.843535065650939941e-03
5.839509889483451843e-03
5.832633469253778458e-03
5.828936584293842316e-03
5.824157036840915680e-03
5.815580952912569046e-03
5.808656103909015656e-03
5.801817867904901505e-03
5.798886064440011978e-03
5.794963799417018890e-03
5.793779157102108002e-03
5.788917187601327896e-03
5.785472691059112549e-03
5.783007480204105377e-03
5.780523177236318588e-03
5.778053309768438339e-03
5.773027427494525909e-03
5.766029935330152512e-03
5.764113273471593857e-03
5.758640356361865997e-03
5.754144862294197083e-03
5.748975090682506561e-03
5.739441141486167908e-03
5.735204089432954788e-03
5.729102063924074173e-03
5.726948380470275879e-03
5.724487826228141785e-03
5.722800269722938538e-03
5.721044726669788361e-03
5.719730164855718613e-03
5.717389285564422607e-03
5.715470761060714722e-03
5.711770150810480118e-03
5.709250457584857941e-03
5.707893986254930496e-03
5.705905146896839142e-03
5.704457871615886688e-03
5.703508388251066208e-03
5.700586829334497452e-03
5.696842446923255920e-03
5.693999584764242172e-03
5.688701756298542023e-03
5.684698000550270081e-03
5.679830443114042282e-03
5.674583371728658676e-03
5.670805461704730988e-03
5.667424295097589493e-03
5.663771647959947586e-03
5.658698268234729767e-03
5.652014631778001785e-03
5.647177807986736298e-03
5.643540993332862854e-03
5.639853421598672867e-03
5.638649221509695053e-03
5.636803340166807175e-03
5.635880865156650543e-03
5.635126959532499313e-03
5.633488297462463379e-03
5.631354637444019318e-03
5.629057995975017548e-03
5.628039129078388214e-03
5.626098718494176865e-03
5.624148063361644745e-03
5.621191114187240601e-03
5.618858616799116135e-03
5.616794340312480927e-03
5.614773370325565338e-03
5.613392684608697891e-03
5.611512344330549240e-03
5.608981940895318985e-03
5.608119536191225052e-03
5.606615915894508362e-03
5.604919511824846268e-03
5.603329278528690338e-03
5.601196549832820892e-03
5.599176976829767227e-03
5.596742965281009674e-03
5.595618393272161484e-03
5.594072397798299789e-03
5.592823028564453125e-03
5.591156426817178726e-03
5.589412525296211243e-03
5.586873274296522141e-03
5.585636477917432785e-03
5.583906080573797226e-03
5.582486744970083237e-03
5.581311881542205811e-03
5.581300240010023117e-03
5.579774267971515656e-03
5.578764714300632477e-03
5.577628035098314285e-03
5.577404517680406570e-03
5.576756317168474197e-03
5.575456656515598297e-03
5.574032198637723923e-03
5.571988876909017563e-03
5.569699686020612717e-03
5.568515975028276443e-03
5.565890576690435410e-03
5.562575068324804306e-03
5.560736171901226044e-03
5.560317076742649078e-03
5.559059325605630875e-03
5.558038130402565002e-03
5.557053722441196442e-03
5.555454175919294357e-03
5.553168710321187973e-03
5.550536792725324631e-03
5.548792891204357147e-03
5.546599626541137695e-03
5.544679239392280579e-03
5.539928562939167023e-03
5.538361147046089172e-03
5.532930139452219009e-03
5.530911963433027267e-03
5.527670495212078094e-03
5.524645559489727020e-03
5.520334467291831970e-03
5.516259931027889252e-03
5.512122064828872681e-03
5.508709233254194260e-03
5.505944136530160904e-03
5.504641681909561157e-03
5.502962041646242142e-03
5.500696599483489990e-03
5.499382503330707550e-03
5.497696343809366226e-03
5.495836026966571808e-03
5.492441821843385696e-03
5.489936098456382751e-03
5.484783556312322617e-03
5.480500869452953339e-03
5.473904777318239212e-03
5.466010887175798416e-03
5.463912151753902435e-03
5.457320250570774078e-03
5.453078541904687881e-03
5.448646377772092819e-03
5.444607231765985489e-03
5.437738262116909027e-03
5.436123814433813095e-03
5.433926358819007874e-03
5.431626923382282257e-03
5.427169147878885269e-03
5.421197507530450821e-03
5.417273379862308502e-03
5.415178369730710983e-03
5.413644947111606598e-03
5.412137601524591446e-03
5.409960635006427765e-03
5.406056065112352371e-03
5.399516783654689789e-03
5.392034538090229034e-03
5.389607045799493790e-03
5.386283621191978455e-03
5.382878705859184265e-03
5.380992311984300613e-03
5.378451198339462280e-03
5.376137327402830124e-03
5.372380837798118591e-03
5.369548685848712921e-03
5.367945414036512375e-03
5.366399884223937988e-03
5.362046416848897934e-03
5.356919020414352417e-03
5.354754161089658737e-03
5.350447259843349457e-03
5.347986705601215363e-03
5.345195531845092773e-03
5.341341719031333923e-03
5.338409449905157089e-03
5.335246212780475616e-03
5.333390552550554276e-03
5.331522785127162933e-03
5.329916253685951233e-03
5.327891558408737183e-03
5.327239166945219040e-03
5.325776524841785431e-03
5.323612131178379059e-03
5.320865195244550705e-03
5.319171119481325150e-03
5.317147821187973022e-03
5.315172486007213593e-03
5.313713569194078445e-03
5.311564076691865921e-03
5.309795495122671127e-03
5.307846702635288239e-03
5.305957049131393433e-03
5.302565172314643860e-03
5.300058983266353607e-03
5.299253854900598526e-03
5.298558622598648071e-03
5.296480841934680939e-03
5.294892005622386932e-03
5.293338093906641006e-03
5.291596520692110062e-03
5.288749001920223236e-03
5.286454223096370697e-03
5.282174795866012573e-03
5.279290024191141129e-03
5.276146344840526581e-03
5.273623391985893250e-03
5.272540729492902756e-03
5.270659923553466797e-03
5.268105771392583847e-03
5.265247076749801636e-03
5.263275466859340668e-03
5.258501973003149033e-03
5.248215515166521072e-03
5.244232248514890671e-03
5.237055942416191101e-03
5.232432857155799866e-03
5.221969913691282272e-03
5.217686295509338379e-03
5.209633614867925644e-03
5.199661944061517715e-03
5.192727316170930862e-03
5.186300724744796753e-03
5.179323256015777588e-03
5.169516894966363907e-03
5.163506604731082916e-03
5.155187565833330154e-03
5.151130724698305130e-03
5.147591233253479004e-03
5.145147908478975296e-03
5.143025889992713928e-03
5.141588393598794937e-03
5.138925276696681976e-03
5.134345497936010361e-03
5.127995740622282028e-03
5.125008523464202881e-03
5.119431298226118088e-03
5.115679465234279633e-03
5.111420061439275742e-03
5.107225384563207626e-03
5.105485208332538605e-03
5.101754330098628998e-03
5.098987370729446411e-03
5.097069777548313141e-03
5.090665537863969803e-03
5.082848481833934784e-03
5.078032147139310837e-03
5.074831191450357437e-03
5.070669110864400864e-03
5.065683275461196899e-03
5.060659721493721008e-03
5.057813134044408798e-03
5.053679924458265305e-03
5.051176063716411591e-03
5.046931095421314240e-03
5.045074969530105591e-03
5.043674726039171219e-03
5.042066797614097595e-03
5.040702410042285919e-03
5.039740353822708130e-03
5.038447678089141846e-03
5.037440452724695206e-03
5.035174079239368439e-03
5.033273715525865555e-03
5.031862761825323105e-03
5.026678089052438736e-03
5.025270394980907440e-03
5.023109726607799530e-03
5.021529272198677063e-03
5.019897595047950745e-03
5.017695948481559753e-03
5.016217939555644989e-03
5.014210939407348633e-03
5.011444911360740662e-03
5.008660722523927689e-03
5.006656050682067871e-03
5.002433434128761292e-03
5.000279285013675690e-03
4.998527467250823975e-03
4.997278098016977310e-03
4.994968883693218231e-03
4.992824047803878784e-03
4.991105757653713226e-03
4.990106914192438126e-03
4.988697823137044907e-03
4.986839834600687027e-03
4.984723404049873352e-03
4.981123842298984528e-03
4.980441648513078690e-03
4.976826254278421402e-03
4.974920768290758133e-03
4.973445087671279907e-03
4.972613416612148285e-03
4.971944727003574371e-03
4.971356596797704697e-03
4.970526788383722305e-03
4.969232715666294098e-03
4.968255758285522461e-03
4.966568667441606522e-03
4.965688567608594894e-03
4.963946994394063950e-03
4.962846636772155762e-03
4.961269907653331757e-03
4.960735794156789780e-03
4.960213322192430496e-03
4.959107842296361923e-03
4.958299454301595688e-03
4.957202821969985962e-03
4.956384655088186264e-03
4.956234712153673172e-03
4.955142736434936523e-03
4.954727832227945328e-03
4.954339936375617981e-03
4.953626077622175217e-03
4.953071475028991699e-03
4.952222574502229691e-03
4.951757378876209259e-03
4.951650742441415787e-03
4.951512906700372696e-03
4.950492642819881439e-03
4.950466100126504898e-03
4.949626978486776352e-03
4.949074704200029373e-03
4.947689827531576157e-03
4.946431145071983337e-03
4.945626482367515564e-03
4.944382701069116592e-03
4.943658132106065750e-03
4.943658132106065750e-03
4.943658132106065750e-03
