1.917128562927246094e+01
1.917128562927246094e+01
1.914914512634277344e+01
1.911931800842285156e+01
1.908295822143554688e+01
1.904146385192871094e+01
1.899659347534179688e+01
1.895070648193359375e+01
1.890682983398437500e+01
1.886857223510742188e+01
1.883988761901855469e+01
1.882413101196289062e+01
1.882152175903320312e+01
1.882614517211914062e+01
1.882861137390136719e+01
1.882266998291015625e+01
1.880773544311523438e+01
1.878697204589843750e+01
1.876433944702148438e+01
1.874261283874511719e+01
1.872267150878906250e+01
1.870372581481933594e+01
1.868399238586425781e+01
1.866140556335449219e+01
1.863397789001464844e+01
1.859987640380859375e+01
1.855742454528808594e+01
1.850512313842773438e+01
1.844181251525878906e+01
1.836682510375976562e+01
1.827988433837890625e+01
1.818068122863769531e+01
1.806774711608886719e+01
1.793697166442871094e+01
1.778250122070312500e+01
1.760011291503906250e+01
1.738886642456054688e+01
1.714902305603027344e+01
1.687811660766601562e+01
1.657409858703613281e+01
1.624054336547851562e+01
1.588727092742919922e+01
1.552544879913330078e+01
1.516504859924316406e+01
1.482451820373535156e+01
1.452723598480224609e+01
1.427791309356689453e+01
1.407696533203125000e+01
1.392124843597412109e+01
1.378796100616455078e+01
1.366971588134765625e+01
1.357068634033203125e+01
1.348489284515380859e+01
1.339232158660888672e+01
1.328317451477050781e+01
1.317969131469726562e+01
1.309399890899658203e+01
1.301722908020019531e+01
1.292680740356445312e+01
1.282618427276611328e+01
1.272537708282470703e+01
1.263677501678466797e+01
1.256374263763427734e+01
1.249892520904541016e+01
1.245916938781738281e+01
1.243597507476806641e+01
1.241406345367431641e+01
1.238076019287109375e+01
1.232494258880615234e+01
1.226623249053955078e+01
1.221510791778564453e+01
1.218619251251220703e+01
1.218295955657958984e+01
1.218749141693115234e+01
1.218978881835937500e+01
1.218744659423828125e+01
1.218179225921630859e+01
1.216815185546875000e+01
1.214096927642822266e+01
1.210407638549804688e+01
1.206497478485107422e+01
1.203364467620849609e+01
1.201063442230224609e+01
1.199021530151367188e+01
1.197053813934326172e+01
1.194726276397705078e+01
1.191826820373535156e+01
1.188409042358398438e+01
1.184735107421875000e+01
1.180931663513183594e+01
1.176640129089355469e+01
1.171710205078125000e+01
1.166123676300048828e+01
1.160145378112792969e+01
1.154065513610839844e+01
1.147818470001220703e+01
1.141274642944335938e+01
1.134589576721191406e+01
1.128070354461669922e+01
1.121367740631103516e+01
1.114421749114990234e+01
1.107834911346435547e+01
1.101392459869384766e+01
1.094612026214599609e+01
1.087926006317138672e+01
1.081107234954833984e+01
1.074315166473388672e+01
1.068022632598876953e+01
1.062308883666992188e+01
1.057504749298095703e+01
1.053561115264892578e+01
1.050162220001220703e+01
1.046961402893066406e+01
1.043486404418945312e+01
1.039065647125244141e+01
1.033508110046386719e+01
1.026663017272949219e+01
1.018860912322998047e+01
1.010511684417724609e+01
1.001716709136962891e+01
9.925422668457031250e+00
9.825994491577148438e+00
9.718157768249511719e+00
9.600073814392089844e+00
9.472362518310546875e+00
9.336670875549316406e+00
9.197999000549316406e+00
9.061837196350097656e+00
8.933972358703613281e+00
8.820040702819824219e+00
8.724023818969726562e+00
8.647719383239746094e+00
8.590641021728515625e+00
8.548065185546875000e+00
8.521299362182617188e+00
8.503840446472167969e+00
8.432375907897949219e+00
8.365282058715820312e+00
8.321645736694335938e+00
8.280917167663574219e+00
8.233968734741210938e+00
8.223283767700195312e+00
8.188013076782226562e+00
8.175069808959960938e+00
8.147112846374511719e+00
8.114738464355468750e+00
8.080384254455566406e+00
8.036491394042968750e+00
7.984961032867431641e+00
7.939134597778320312e+00
7.878298282623291016e+00
7.829064369201660156e+00
7.771156787872314453e+00
7.717316627502441406e+00
7.671259403228759766e+00
7.620530128479003906e+00
7.574009418487548828e+00
7.522744178771972656e+00
7.464698314666748047e+00
7.406080722808837891e+00
7.339054107666015625e+00
7.267944335937500000e+00
7.196037292480468750e+00
7.116535186767578125e+00
7.039409637451171875e+00
6.959499359130859375e+00
6.876321315765380859e+00
6.795564651489257812e+00
6.720448017120361328e+00
6.651950359344482422e+00
6.578256607055664062e+00
6.502295017242431641e+00
6.424016952514648438e+00
6.351749420166015625e+00
6.279731273651123047e+00
6.208548545837402344e+00
6.141278266906738281e+00
6.096080780029296875e+00
6.028514385223388672e+00
5.951843261718750000e+00
5.916338443756103516e+00
5.899993419647216797e+00
5.873977661132812500e+00
5.852939605712890625e+00
5.849726200103759766e+00
5.817111492156982422e+00
5.746160984039306641e+00
5.721705913543701172e+00
5.702691555023193359e+00
5.669764995574951172e+00
5.630307197570800781e+00
5.598731040954589844e+00
5.572634696960449219e+00
5.550525188446044922e+00
5.523857593536376953e+00
5.482098102569580078e+00
5.461545944213867188e+00
5.443860530853271484e+00
5.422149658203125000e+00
5.397017002105712891e+00
5.374652862548828125e+00
5.349312782287597656e+00
5.348339557647705078e+00
5.343448638916015625e+00
5.340027809143066406e+00
5.334446430206298828e+00
5.327378273010253906e+00
5.320792675018310547e+00
5.306241512298583984e+00
5.281535148620605469e+00
5.252770423889160156e+00
5.228316307067871094e+00
5.215101718902587891e+00
5.195231437683105469e+00
5.162492275238037109e+00
5.133215427398681641e+00
5.117266654968261719e+00
5.095386028289794922e+00
5.071937084197998047e+00
5.049468994140625000e+00
5.024595737457275391e+00
4.979538440704345703e+00
4.958571434020996094e+00
4.922783374786376953e+00
4.911763191223144531e+00
4.901145458221435547e+00
4.891261577606201172e+00
4.873009681701660156e+00
4.838469505310058594e+00
4.812336444854736328e+00
4.784671783447265625e+00
4.764008045196533203e+00
4.747009277343750000e+00
4.731762409210205078e+00
4.721689224243164062e+00
4.714381694793701172e+00
4.699877262115478516e+00
4.684974193572998047e+00
4.670651912689208984e+00
4.651202201843261719e+00
4.636900424957275391e+00
4.619914054870605469e+00
4.597356796264648438e+00
4.568218708038330078e+00
4.547836780548095703e+00
4.531264781951904297e+00
4.501685142517089844e+00
4.462728500366210938e+00
4.447115898132324219e+00
4.410566329956054688e+00
4.401097774505615234e+00
4.387199878692626953e+00
4.377251148223876953e+00
4.361939907073974609e+00
4.325413703918457031e+00
4.297513008117675781e+00
4.284150123596191406e+00
4.278341293334960938e+00
4.270141124725341797e+00
4.252411365509033203e+00
4.234955787658691406e+00
4.220706462860107422e+00
4.194154739379882812e+00
4.161384105682373047e+00
4.140873908996582031e+00
4.128143310546875000e+00
4.116545200347900391e+00
4.105777740478515625e+00
4.092139720916748047e+00
4.078982353210449219e+00
4.070851325988769531e+00
4.060577869415283203e+00
4.041966915130615234e+00
4.029351234436035156e+00
4.013090133666992188e+00
3.987541675567626953e+00
3.958277463912963867e+00
3.938675165176391602e+00
3.916443824768066406e+00
3.886050224304199219e+00
3.849431991577148438e+00
3.814416170120239258e+00
3.776490211486816406e+00
3.730993270874023438e+00
3.674119949340820312e+00
3.608566999435424805e+00
3.567211151123046875e+00
3.535185575485229492e+00
3.496840953826904297e+00
3.486649274826049805e+00
3.462246656417846680e+00
3.427448272705078125e+00
3.414168357849121094e+00
3.392462253570556641e+00
3.351388692855834961e+00
3.305342435836791992e+00
3.281800746917724609e+00
3.258783817291259766e+00
3.204604148864746094e+00
3.154567003250122070e+00
3.059970378875732422e+00
2.954645872116088867e+00
2.902336597442626953e+00
2.807726383209228516e+00
2.784485101699829102e+00
2.753748655319213867e+00
2.734188318252563477e+00
2.715447664260864258e+00
2.703645229339599609e+00
2.689421176910400391e+00
2.676622629165649414e+00
2.648586750030517578e+00
2.608168363571166992e+00
2.537274837493896484e+00
2.510936021804809570e+00
2.479701995849609375e+00
2.462902069091796875e+00
2.447638034820556641e+00
2.436894655227661133e+00
2.389477491378784180e+00
2.351174831390380859e+00
2.297870874404907227e+00
2.250189065933227539e+00
2.179959774017333984e+00
2.115200519561767578e+00
2.072645902633666992e+00
2.028380632400512695e+00
1.967757105827331543e+00
1.911802411079406738e+00
1.898896694183349609e+00
1.858487606048583984e+00
1.817078351974487305e+00
1.764052629470825195e+00
1.676064610481262207e+00
1.621932029724121094e+00
1.564275860786437988e+00
1.508979439735412598e+00
1.481171011924743652e+00
1.447385191917419434e+00
1.409203648567199707e+00
1.386291503906250000e+00
1.364039778709411621e+00
1.358086228370666504e+00
1.353428840637207031e+00
1.343711733818054199e+00
1.329262018203735352e+00
1.302725195884704590e+00
1.268283963203430176e+00
1.242254972457885742e+00
1.222376585006713867e+00
1.199081182479858398e+00
1.168133020401000977e+00
1.132341861724853516e+00
1.094886660575866699e+00
1.056144475936889648e+00
1.035455703735351562e+00
1.009649157524108887e+00
9.938463568687438965e-01
9.775744080543518066e-01
9.556289911270141602e-01
9.417831301689147949e-01
9.267336130142211914e-01
9.180119037628173828e-01
9.086973667144775391e-01
9.012925028800964355e-01
8.966791033744812012e-01
8.936249017715454102e-01
8.896985054016113281e-01
8.810845613479614258e-01
8.707655072212219238e-01
8.565778732299804688e-01
8.440726995468139648e-01
8.337370753288269043e-01
8.263724446296691895e-01
8.212078213691711426e-01
8.178074359893798828e-01
8.149933218955993652e-01
8.123098015785217285e-01
8.083359003067016602e-01
8.011775016784667969e-01
7.835887670516967773e-01
7.582344412803649902e-01
7.356679439544677734e-01
7.180886864662170410e-01
7.151631712913513184e-01
7.052545547485351562e-01
7.010180354118347168e-01
6.962653994560241699e-01
6.898636817932128906e-01
6.858514547348022461e-01
6.806126832962036133e-01
6.743742823600769043e-01
6.663616895675659180e-01
6.564294695854187012e-01
6.412688493728637695e-01
6.259913444519042969e-01
6.082146167755126953e-01
5.960329771041870117e-01
5.836915373802185059e-01
5.772904157638549805e-01
5.705621242523193359e-01
5.627648234367370605e-01
5.527893304824829102e-01
5.495798587799072266e-01
5.464522838592529297e-01
5.434823632240295410e-01
5.400536060333251953e-01
5.349654555320739746e-01
5.292259454727172852e-01
5.226759910583496094e-01
5.133484601974487305e-01
5.049411654472351074e-01
4.963264465332031250e-01
4.873312413692474365e-01
4.798306524753570557e-01
4.730871915817260742e-01
4.675858914852142334e-01
4.621184766292572021e-01
4.566875994205474854e-01
4.520913660526275635e-01
4.468750059604644775e-01
4.416283965110778809e-01
4.340106546878814697e-01
4.269162416458129883e-01
4.217969775199890137e-01
4.176720082759857178e-01
4.148743152618408203e-01
4.126613736152648926e-01
4.105971157550811768e-01
4.094273447990417480e-01
4.087505340576171875e-01
4.075435400009155273e-01
4.059884548187255859e-01
4.026322066783905029e-01
3.978784978389739990e-01
3.912899494171142578e-01
3.832404315471649170e-01
3.826726973056793213e-01
3.802705705165863037e-01
3.793745934963226318e-01
3.776481151580810547e-01
3.727608919143676758e-01
3.684504628181457520e-01
3.649907112121582031e-01
3.638866245746612549e-01
3.630488216876983643e-01
3.619820177555084229e-01
3.606860041618347168e-01
3.586256504058837891e-01
3.525480329990386963e-01
3.446663618087768555e-01
3.404670953750610352e-01
3.326487839221954346e-01
3.310260474681854248e-01
3.282598555088043213e-01
3.265188336372375488e-01
3.252953886985778809e-01
3.239454627037048340e-01
3.227392733097076416e-01
3.215193748474121094e-01
3.199095129966735840e-01
3.180705010890960693e-01
3.173065185546875000e-01
3.154903352260589600e-01
3.140590190887451172e-01
3.124601244926452637e-01
3.109306693077087402e-01
3.084223270416259766e-01
3.066695928573608398e-01
3.039303421974182129e-01
3.002530932426452637e-01
2.961826324462890625e-01
2.894187271595001221e-01
2.830031812191009521e-01
2.756792604923248291e-01
2.706251740455627441e-01
2.671273946762084961e-01
2.649496495723724365e-01
2.635408639907836914e-01
2.616640329360961914e-01
2.601522505283355713e-01
2.597768306732177734e-01
2.578592598438262939e-01
2.572538256645202637e-01
2.557767033576965332e-01
2.539569735527038574e-01
2.516705691814422607e-01
2.492242902517318726e-01
2.468274533748626709e-01
2.452464401721954346e-01
2.428102940320968628e-01
2.397445589303970337e-01
2.363753169775009155e-01
2.338633537292480469e-01
2.320893555879592896e-01
2.306302785873413086e-01
2.292110472917556763e-01
2.282236069440841675e-01
2.274814993143081665e-01
2.265054285526275635e-01
2.252567261457443237e-01
2.239557206630706787e-01
2.224184870719909668e-01
2.215900719165802002e-01
2.210125923156738281e-01
2.206866741180419922e-01
2.200495898723602295e-01
2.194005250930786133e-01
2.184738963842391968e-01
2.176542878150939941e-01
2.170068323612213135e-01
2.165832370519638062e-01
2.157937735319137573e-01
2.146511077880859375e-01
2.138005942106246948e-01
2.128781378269195557e-01
2.120479941368103027e-01
2.105577588081359863e-01
2.093718796968460083e-01
2.080031186342239380e-01
2.067691087722778320e-01
2.054387778043746948e-01
2.041582912206649780e-01
2.026940286159515381e-01
2.016777992248535156e-01
2.009063065052032471e-01
2.001177370548248291e-01
1.984068751335144043e-01
1.964482963085174561e-01
1.944032460451126099e-01
1.932693868875503540e-01
1.918422579765319824e-01
1.907101720571517944e-01
1.892027705907821655e-01
1.880217194557189941e-01
1.865415573120117188e-01
1.861918270587921143e-01
1.853289455175399780e-01
1.847295314073562622e-01
1.837152838706970215e-01
1.822856813669204712e-01
1.805993914604187012e-01
1.798764020204544067e-01
1.793018579483032227e-01
1.788679510354995728e-01
1.784466952085494995e-01
1.781163513660430908e-01
1.776885092258453369e-01
1.771422922611236572e-01
1.765245795249938965e-01
1.758333444595336914e-01
1.749595254659652710e-01
1.742047220468521118e-01
1.732082664966583252e-01
1.717571318149566650e-01
1.707983314990997314e-01
1.701449006795883179e-01
1.691320240497589111e-01
1.683426648378372192e-01
1.669820100069046021e-01
1.666156500577926636e-01
1.658813357353210449e-01
1.651794910430908203e-01
1.646575629711151123e-01
1.641353964805603027e-01
1.634930819272994995e-01
1.623094677925109863e-01
1.599926203489303589e-01
1.574852019548416138e-01
1.543771624565124512e-01
1.524153500795364380e-01
1.519522070884704590e-01
1.501221209764480591e-01
1.495989561080932617e-01
1.488646566867828369e-01
1.478772312402725220e-01
1.474757790565490723e-01
1.471219807863235474e-01
1.467838734388351440e-01
1.466264426708221436e-01
1.464136540889739990e-01
1.462274491786956787e-01
1.460811644792556763e-01
1.458880603313446045e-01
1.456242203712463379e-01
1.453634500503540039e-01
1.449981778860092163e-01
1.447617411613464355e-01
1.444698125123977661e-01
1.440466195344924927e-01
1.436038613319396973e-01
1.432043761014938354e-01
1.428789496421813965e-01
1.425028294324874878e-01
1.422038078308105469e-01
1.418193727731704712e-01
1.414356529712677002e-01
1.408658474683761597e-01
1.403532475233078003e-01
1.397214829921722412e-01
1.390746384859085083e-01
1.383288502693176270e-01
1.380415409803390503e-01
1.378459185361862183e-01
1.376556605100631714e-01
1.372609734535217285e-01
1.366896033287048340e-01
1.359775662422180176e-01
1.350697726011276245e-01
1.344607472419738770e-01
1.341715008020401001e-01
1.338095813989639282e-01
1.332515925168991089e-01
1.329318583011627197e-01
1.324415504932403564e-01
1.319671869277954102e-01
1.315255463123321533e-01
1.311850249767303467e-01
1.307671368122100830e-01
1.302453875541687012e-01
1.297310292720794678e-01
1.292765587568283081e-01
1.288631856441497803e-01
1.285914629697799683e-01
1.282459795475006104e-01
1.279332190752029419e-01
1.274759322404861450e-01
1.269139498472213745e-01
1.261750757694244385e-01
1.253385543823242188e-01
1.248879134654998779e-01
1.242724508047103882e-01
1.231025978922843933e-01
1.224459856748580933e-01
1.210885569453239441e-01
1.192182153463363647e-01
1.182043403387069702e-01
1.174448728561401367e-01
1.165310740470886230e-01
1.157805398106575012e-01
1.147887185215950012e-01
1.134422644972801208e-01
1.120579838752746582e-01
1.107849478721618652e-01
1.093009486794471741e-01
1.080157682299613953e-01
1.070089489221572876e-01
1.068054214119911194e-01
1.058343052864074707e-01
1.053766310214996338e-01
1.043027490377426147e-01
1.024493053555488586e-01
1.019765809178352356e-01
1.013081967830657959e-01
1.009100824594497681e-01
1.003905013203620911e-01
9.976285696029663086e-02
9.938285499811172485e-02
9.894303232431411743e-02
9.871418774127960205e-02
9.857862442731857300e-02
9.837237000465393066e-02
9.818258881568908691e-02
9.794297069311141968e-02
9.759402275085449219e-02
9.724512696266174316e-02
9.689517319202423096e-02
9.658241271972656250e-02
9.635581076145172119e-02
9.621004015207290649e-02
9.604859352111816406e-02
9.596956521272659302e-02
9.580185264348983765e-02
9.552938491106033325e-02
9.539538621902465820e-02
9.506910294294357300e-02
9.467359632253646851e-02
9.429141879081726074e-02
9.394332766532897949e-02
9.344404935836791992e-02
9.299605339765548706e-02
9.263019263744354248e-02
9.240165352821350098e-02
9.219495207071304321e-02
9.193897992372512817e-02
9.174680709838867188e-02
9.136886894702911377e-02
9.087773412466049194e-02
9.021030366420745850e-02
8.958729356527328491e-02
8.901087939739227295e-02
8.839526027441024780e-02
8.794295042753219604e-02
8.745768666267395020e-02
8.707809448242187500e-02
8.659552037715911865e-02
8.609625697135925293e-02
8.555089682340621948e-02
8.507829904556274414e-02
8.463852852582931519e-02
8.415536582469940186e-02
8.361623436212539673e-02
8.297749608755111694e-02
8.233719319105148315e-02
8.159191161394119263e-02
8.121203631162643433e-02
8.078347146511077881e-02
7.996149361133575439e-02
7.931525260210037231e-02
7.861457765102386475e-02
7.786620408296585083e-02
7.695052772760391235e-02
7.653716206550598145e-02
7.614020258188247681e-02
7.575677335262298584e-02
7.539658248424530029e-02
7.494032382965087891e-02
7.459247112274169922e-02
7.444857805967330933e-02
7.432513684034347534e-02
7.414866983890533447e-02
7.387396693229675293e-02
7.378195971250534058e-02
7.353577017784118652e-02
7.341108471155166626e-02
7.318175584077835083e-02
7.294955849647521973e-02
7.271484285593032837e-02
7.249790430068969727e-02
7.235715538263320923e-02
7.219085842370986938e-02
7.189642637968063354e-02
7.148043066263198853e-02
7.097940146923065186e-02
7.039107382297515869e-02
7.003466039896011353e-02
6.964112818241119385e-02
6.944498419761657715e-02
6.916085630655288696e-02
6.897881627082824707e-02
6.871694326400756836e-02
6.857924908399581909e-02
6.849228590726852417e-02
6.840048730373382568e-02
6.824693828821182251e-02
6.810902059078216553e-02
6.792418658733367920e-02
6.769464910030364990e-02
6.746453791856765747e-02
6.719047576189041138e-02
6.698148697614669800e-02
6.674185395240783691e-02
6.656414270401000977e-02
6.641446799039840698e-02
6.629697233438491821e-02
6.616111099720001221e-02
6.593368202447891235e-02
6.572715938091278076e-02
6.551682204008102417e-02
6.529399752616882324e-02
6.497184932231903076e-02
6.448136270046234131e-02
6.356862187385559082e-02
6.290924549102783203e-02
6.252373009920120239e-02
6.230277940630912781e-02
6.209631264209747314e-02
6.191178038716316223e-02
6.172032654285430908e-02
6.142634525895118713e-02
6.117270886898040771e-02
6.096951663494110107e-02
6.078725680708885193e-02
6.057003512978553772e-02
6.038556247949600220e-02
6.007155776023864746e-02
5.974096804857254028e-02
5.944612622261047363e-02
5.911025032401084900e-02
5.892207473516464233e-02
5.874915421009063721e-02
5.849270522594451904e-02
5.820808187127113342e-02
5.801853910088539124e-02
5.790816992521286011e-02
5.777927115559577942e-02
5.764233693480491638e-02
5.739689245820045471e-02
5.709249898791313171e-02
5.680913850665092468e-02
5.674760416150093079e-02
5.650700628757476807e-02
5.641354247927665710e-02
5.626228451728820801e-02
5.611462518572807312e-02
5.597016215324401855e-02
5.583077296614646912e-02
5.563978478312492371e-02
5.537691339850425720e-02
5.513482913374900818e-02
5.495552718639373779e-02
5.484269931912422180e-02
5.475856363773345947e-02
5.465871468186378479e-02
5.458852648735046387e-02
5.455005541443824768e-02
5.448859930038452148e-02
5.439091473817825317e-02
5.426152423024177551e-02
5.412113294005393982e-02
5.396573245525360107e-02
5.387463793158531189e-02
5.379925668239593506e-02
5.364695563912391663e-02
5.343099310994148254e-02
5.331729352474212646e-02
5.318341031670570374e-02
5.303324759006500244e-02
5.291046202182769775e-02
5.270679667592048645e-02
5.232341215014457703e-02
5.194578319787979126e-02
5.125810950994491577e-02
5.045919120311737061e-02
4.977129399776458740e-02
4.941957816481590271e-02
4.904532060027122498e-02
4.875374957919120789e-02
4.816014692187309265e-02
4.782313853502273560e-02
4.755922406911849976e-02
4.740613326430320740e-02
4.730470851063728333e-02
4.719985648989677429e-02
4.713095352053642273e-02
4.701716080307960510e-02
4.694290086627006531e-02
4.686580598354339600e-02
4.675249755382537842e-02
4.653975740075111389e-02
4.631105810403823853e-02
4.607485607266426086e-02
4.554613307118415833e-02
4.534984007477760315e-02
4.518489167094230652e-02
4.503687471151351929e-02
4.490064084529876709e-02
4.473916068673133850e-02
4.469268769025802612e-02
4.450191557407379150e-02
4.438397288322448730e-02
4.424591362476348877e-02
4.403533786535263062e-02
4.388512670993804932e-02
4.374480992555618286e-02
4.356137290596961975e-02
4.340223222970962524e-02
4.324146732687950134e-02
4.315717145800590515e-02
4.312359541654586792e-02
4.308981448411941528e-02
4.303308203816413879e-02
4.298850148916244507e-02
4.296210780739784241e-02
4.294505715370178223e-02
4.291108995676040649e-02
4.285876452922821045e-02
4.278168454766273499e-02
4.270315915346145630e-02
4.260181635618209839e-02
4.248505085706710815e-02
4.238094016909599304e-02
4.231357201933860779e-02
4.224541783332824707e-02
4.217940941452980042e-02
4.207911714911460876e-02
4.196522384881973267e-02
4.187688603997230530e-02
4.176837950944900513e-02
4.170556366443634033e-02
4.164479300379753113e-02
4.156537353992462158e-02
4.149055480957031250e-02
4.144347086548805237e-02
4.139131680130958557e-02
4.133195057511329651e-02
4.128546640276908875e-02
4.122881218791007996e-02
4.117134958505630493e-02
4.111894592642784119e-02
4.106455668807029724e-02
4.099676758050918579e-02
4.091243073344230652e-02
4.080352187156677246e-02
4.074282944202423096e-02
4.065952822566032410e-02
4.056213796138763428e-02
4.043285921216011047e-02
4.024980217218399048e-02
4.010993987321853638e-02
3.996467590332031250e-02
3.988027572631835938e-02
3.981405869126319885e-02
3.975075855851173401e-02
3.967990353703498840e-02
3.963963314890861511e-02
3.955742344260215759e-02
3.952709585428237915e-02
3.949482366442680359e-02
3.944936394691467285e-02
3.942299261689186096e-02
3.934090957045555115e-02
3.928013890981674194e-02
3.916046395897865295e-02
3.897966817021369934e-02
3.887566924095153809e-02
3.867897391319274902e-02
3.854943811893463135e-02
3.840425238013267517e-02
3.823120892047882080e-02
3.804640099406242371e-02
3.787776827812194824e-02
3.774958848953247070e-02
3.765033558011054993e-02
3.747751936316490173e-02
3.732401877641677856e-02
3.719037026166915894e-02
3.704292327165603638e-02
3.689962625503540039e-02
3.678885474801063538e-02
3.667253628373146057e-02
3.659349307417869568e-02
3.654055297374725342e-02
3.649502247571945190e-02
3.641178086400032043e-02
3.633515164256095886e-02
3.622841089963912964e-02
3.607111796736717224e-02
3.594435751438140869e-02
3.583794832229614258e-02
3.576125949621200562e-02
3.570716828107833862e-02
3.561986237764358521e-02
3.554934635758399963e-02
3.548799455165863037e-02
3.539532050490379333e-02
3.530220314860343933e-02
3.523138165473937988e-02
3.515298664569854736e-02
3.507785499095916748e-02
3.500816226005554199e-02
3.491070866584777832e-02
3.478963673114776611e-02
3.468612954020500183e-02
3.459232300519943237e-02
3.448136895895004272e-02
3.430312871932983398e-02
3.409580513834953308e-02
3.383535146713256836e-02
3.356966748833656311e-02
3.335508331656455994e-02
3.322325646877288818e-02
3.307197242975234985e-02
3.299916535615921021e-02
3.294204175472259521e-02
3.288023173809051514e-02
3.281673416495323181e-02
3.277479857206344604e-02
3.273111209273338318e-02
3.266413882374763489e-02
3.261158242821693420e-02
3.259509056806564331e-02
3.256605938076972961e-02
3.255616128444671631e-02
3.254023939371109009e-02
3.252619504928588867e-02
3.251266852021217346e-02
3.249116241931915283e-02
3.246144577860832214e-02
3.243812173604965210e-02
3.242130577564239502e-02
3.240772336721420288e-02
3.239483013749122620e-02
3.239255025982856750e-02
3.237490728497505188e-02
3.236870467662811279e-02
3.236028179526329041e-02
3.234305605292320251e-02
3.232153132557868958e-02
3.230540454387664795e-02
3.228980302810668945e-02
3.227786719799041748e-02
3.226350992918014526e-02
3.224581107497215271e-02
3.223226219415664673e-02
3.219490498304367065e-02
3.215864300727844238e-02
3.213147446513175964e-02
3.210540860891342163e-02
3.207889199256896973e-02
3.202981501817703247e-02
3.196324035525321960e-02
3.193064406514167786e-02
3.189653903245925903e-02
3.186734393239021301e-02
3.183714300394058228e-02
3.177934885025024414e-02
3.173431381583213806e-02
3.168748319149017334e-02
3.157363831996917725e-02
3.147816285490989685e-02
3.125837817788124084e-02
3.104230388998985291e-02
3.087892010807991028e-02
3.066946566104888916e-02
3.049348108470439911e-02
3.037548437714576721e-02
3.026775643229484558e-02
3.016240894794464111e-02
3.002447262406349182e-02
2.989268116652965546e-02
2.975970134139060974e-02
2.956887520849704742e-02
2.941949851810932159e-02
2.931238710880279541e-02
2.923686429858207703e-02
2.916434779763221741e-02
2.910083718597888947e-02
2.903936058282852173e-02
2.897880971431732178e-02
2.893527783453464508e-02
2.888951078057289124e-02
2.884314022958278656e-02
2.877786010503768921e-02
2.871738001704216003e-02
2.863921038806438446e-02
2.860194444656372070e-02
2.853683941066265106e-02
2.849878743290901184e-02
2.844531647861003876e-02
2.837895788252353668e-02
2.834395691752433777e-02
2.830255404114723206e-02
2.827162668108940125e-02
2.824234031140804291e-02
2.821970358490943909e-02
2.820323966443538666e-02
2.818565815687179565e-02
2.816799283027648926e-02
2.814102917909622192e-02
2.812203764915466309e-02
2.810678444802761078e-02
2.807719446718692780e-02
2.802897617220878601e-02
2.798472531139850616e-02
2.793057449162006378e-02
2.790557406842708588e-02
2.785807475447654724e-02
2.783465385437011719e-02
2.781070396304130554e-02
2.778528071939945221e-02
2.775783464312553406e-02
2.772876434028148651e-02
2.769448049366474152e-02
2.765759080648422241e-02
2.762328460812568665e-02
2.761042118072509766e-02
2.759465947747230530e-02
2.758151851594448090e-02
2.756879106163978577e-02
2.755679003894329071e-02
2.753544040024280548e-02
2.751422487199306488e-02
2.749250084161758423e-02
2.746101282536983490e-02
2.743475697934627533e-02
2.741338498890399933e-02
2.739961445331573486e-02
2.738481573760509491e-02
2.737267874181270599e-02
2.735259011387825012e-02
2.732900530099868774e-02
2.730680070817470551e-02
2.727425284683704376e-02
2.726400084793567657e-02
2.722380682826042175e-02
2.719545550644397736e-02
2.714614942669868469e-02
2.703347615897655487e-02
2.695156633853912354e-02
2.688928879797458649e-02
2.682811394333839417e-02
2.677123062312602997e-02
2.670887857675552368e-02
2.664755098521709442e-02
2.661076933145523071e-02
2.657580934464931488e-02
2.654189430177211761e-02
2.649616636335849762e-02
2.645047567784786224e-02
2.640202268958091736e-02
2.632850222289562225e-02
2.624628506600856781e-02
2.617911063134670258e-02
2.594199031591415405e-02
2.577712759375572205e-02
2.565206214785575867e-02
2.545786835253238678e-02
2.531620115041732788e-02
2.519687078893184662e-02
2.509777806699275970e-02
2.500011958181858063e-02
2.488034218549728394e-02
2.473721653223037720e-02
2.454365044832229614e-02
2.442773990333080292e-02
2.432865090668201447e-02
2.420984581112861633e-02
2.411582507193088531e-02
2.405394241213798523e-02
2.392316982150077820e-02
2.369538694620132446e-02
2.363648265600204468e-02
2.349733747541904449e-02
2.342153526842594147e-02
2.331694401800632477e-02
2.323788776993751526e-02
2.313435822725296021e-02
2.304271981120109558e-02
2.292418293654918671e-02
2.281612902879714966e-02
2.271303161978721619e-02
2.265697345137596130e-02
2.258234098553657532e-02
2.251187711954116821e-02
2.240790054202079773e-02
2.227953635156154633e-02
2.221508137881755829e-02
2.214317582547664642e-02
2.211272716522216797e-02
2.205935493111610413e-02
2.195230498909950256e-02
2.189287915825843811e-02
2.179658040404319763e-02
2.175062522292137146e-02
2.167850174009799957e-02
2.155810408294200897e-02
2.148263901472091675e-02
2.143233828246593475e-02
2.137730643153190613e-02
2.133544720709323883e-02
2.128380537033081055e-02
2.120639942586421967e-02
2.115874364972114563e-02
2.108463272452354431e-02
2.104838006198406219e-02
2.101023122668266296e-02
2.093027904629707336e-02
2.081505022943019867e-02
2.073870226740837097e-02
2.067071199417114258e-02
2.064400166273117065e-02
2.062121778726577759e-02
2.060235664248466492e-02
2.057693339884281158e-02
2.055033482611179352e-02
2.053365856409072876e-02
2.052367478609085083e-02
2.051264047622680664e-02
2.050633169710636139e-02
2.049233019351959229e-02
2.047766372561454773e-02
2.046266198158264160e-02
2.044400386512279510e-02
2.041911520063877106e-02
2.039869129657745361e-02
2.037058025598526001e-02
2.034294046461582184e-02
2.029822766780853271e-02
2.022774890065193176e-02
2.012037672102451324e-02
2.008787915110588074e-02
2.001284621655941010e-02
1.999881118535995483e-02
1.998272165656089783e-02
1.997108198702335358e-02
1.995705813169479370e-02
1.993345655500888824e-02
1.990868151187896729e-02
1.985722593963146210e-02
1.983724348247051239e-02
1.980179548263549805e-02
1.979034207761287689e-02
1.976409554481506348e-02
1.974613778293132782e-02
1.971689052879810333e-02
1.969853229820728302e-02
1.967831142246723175e-02
1.966665312647819519e-02
1.965387724339962006e-02
1.963743381202220917e-02
1.962735503911972046e-02
1.960891485214233398e-02
1.959141157567501068e-02
1.958264410495758057e-02
1.957127451896667480e-02
1.955751515924930573e-02
1.954341121017932892e-02
1.951871439814567566e-02
1.950552873313426971e-02
1.947594434022903442e-02
1.945947483181953430e-02
1.944765448570251465e-02
1.943470910191535950e-02
1.942390203475952148e-02
1.941038668155670166e-02
1.939412765204906464e-02
1.937707886099815369e-02
1.935428567230701447e-02
1.932630874216556549e-02
1.930539309978485107e-02
1.928247883915901184e-02
1.926911994814872742e-02
1.925059780478477478e-02
1.923493295907974243e-02
1.922306604683399200e-02
1.920995116233825684e-02
1.919688656926155090e-02
1.918562687933444977e-02
1.917162723839282990e-02
1.916246488690376282e-02
1.915393397212028503e-02
1.914304867386817932e-02
1.913118362426757812e-02
1.911451481282711029e-02
1.910213381052017212e-02
1.909052394330501556e-02
1.907360740005970001e-02
1.906605996191501617e-02
1.905119605362415314e-02
1.902469247579574585e-02
1.900653168559074402e-02
1.897790469229221344e-02
1.896333694458007812e-02
1.894214563071727753e-02
1.892223022878170013e-02
1.888544112443923950e-02
1.883878558874130249e-02
1.877497695386409760e-02
1.871293969452381134e-02
1.867759414017200470e-02
1.865450665354728699e-02
1.863921619951725006e-02
1.862427033483982086e-02
1.861291192471981049e-02
1.859889924526214600e-02
1.857252605259418488e-02
1.854174211621284485e-02
1.850702054798603058e-02
1.845710165798664093e-02
1.843043044209480286e-02
1.839274354279041290e-02
1.837557926774024963e-02
1.833995245397090912e-02
1.832657493650913239e-02
1.830989308655261993e-02
1.828860491514205933e-02
1.827154308557510376e-02
1.825643889605998993e-02
1.822768896818161011e-02
1.819805242121219635e-02
1.816011033952236176e-02
1.812395639717578888e-02
1.808687113225460052e-02
1.805049553513526917e-02
1.797863095998764038e-02
1.791793853044509888e-02
1.784759387373924255e-02
1.780879683792591095e-02
1.778308488428592682e-02
1.776272617280483246e-02
1.774452812969684601e-02
1.773657277226448059e-02
1.772334612905979156e-02
1.771308109164237976e-02
1.770394481718540192e-02
1.769280619919300079e-02
1.768330484628677368e-02
1.767546311020851135e-02
1.766999065876007080e-02
1.766005530953407288e-02
1.765078492462635040e-02
1.763682812452316284e-02
1.762505248188972473e-02
1.760945655405521393e-02
1.758449710905551910e-02
1.756225526332855225e-02
1.753607392311096191e-02
1.751396432518959045e-02
1.748824119567871094e-02
1.747565902769565582e-02
1.745603233575820923e-02
1.743006706237792969e-02
1.741085015237331390e-02
1.738506741821765900e-02
1.737331412732601166e-02
1.736218668520450592e-02
1.735005155205726624e-02
1.733926311135292053e-02
1.732734777033329010e-02
1.731603406369686127e-02
1.730954647064208984e-02
1.730209402740001678e-02
1.729107648134231567e-02
1.727242767810821533e-02
1.724189333617687225e-02
1.723011583089828491e-02
1.720375381410121918e-02
1.719184219837188721e-02
1.718151941895484924e-02
1.716849394142627716e-02
1.715377531945705414e-02
1.713914237916469574e-02
1.712703146040439606e-02
1.711666584014892578e-02
1.710485666990280151e-02
1.709322258830070496e-02
1.708442717790603638e-02
1.707881502807140350e-02
1.707572117447853088e-02
1.707256957888603210e-02
1.706961914896965027e-02
1.706701517105102539e-02
1.706457883119583130e-02
1.705885678529739380e-02
1.705592498183250427e-02
1.705300435423851013e-02
1.705079711973667145e-02
1.704782806336879730e-02
1.704333722591400146e-02
1.703690551221370697e-02
1.702821999788284302e-02
1.701912283897399902e-02
1.700256019830703735e-02
1.698944903910160065e-02
1.697484403848648071e-02
1.694901846349239349e-02
1.693154498934745789e-02
1.689916662871837616e-02
1.686119474470615387e-02
1.682588458061218262e-02
1.680349558591842651e-02
1.678843609988689423e-02
1.677454076707363129e-02
1.675265468657016754e-02
1.673340797424316406e-02
1.671694032847881317e-02
1.669272966682910919e-02
1.668085157871246338e-02
1.667103730142116547e-02
1.664143428206443787e-02
1.662534847855567932e-02
1.661171764135360718e-02
1.660393737256526947e-02
1.658846996724605560e-02
1.655052602291107178e-02
1.650824956595897675e-02
1.646484434604644775e-02
1.642779260873794556e-02
1.640356704592704773e-02
1.638673990964889526e-02
1.636664383113384247e-02
1.635014638304710388e-02
1.632662490010261536e-02
1.631188578903675079e-02
1.629456132650375366e-02
1.628179848194122314e-02
1.626941375434398651e-02
1.625263318419456482e-02
1.623585820198059082e-02
1.621953211724758148e-02
1.619574241340160370e-02
1.616236567497253418e-02
1.614087447524070740e-02
1.612773537635803223e-02
1.612086780369281769e-02
1.611394993960857391e-02
1.609944738447666168e-02
1.608749106526374817e-02
1.608253642916679382e-02
1.607335917651653290e-02
1.606915891170501709e-02
1.606267318129539490e-02
1.605586521327495575e-02
1.604687236249446869e-02
1.604020968079566956e-02
1.602537184953689575e-02
1.601986587047576904e-02
1.600872538983821869e-02
1.599686406552791595e-02
1.599078252911567688e-02
1.598440110683441162e-02
1.597552746534347534e-02
1.596144400537014008e-02
1.594694517552852631e-02
1.593652740120887756e-02
1.592807471752166748e-02
1.591600850224494934e-02
1.589941233396530151e-02
1.587740331888198853e-02
1.584345102310180664e-02
1.582920178771018982e-02
1.578923873603343964e-02
1.576756313443183899e-02
1.573631539940834045e-02
1.570822671055793762e-02
1.568362861871719360e-02
1.565313339233398438e-02
1.559966243803501129e-02
1.555729471147060394e-02
1.551742572337388992e-02
1.550321374088525772e-02
1.549713779240846634e-02
1.549095474183559418e-02
1.548108644783496857e-02
1.546780858188867569e-02
1.545648183673620224e-02
1.544406171888113022e-02
1.542935706675052643e-02
1.542176958173513412e-02
1.539920922368764877e-02
1.538667082786560059e-02
1.537870243191719055e-02
1.536861900240182877e-02
1.535882242023944855e-02
1.535191759467124939e-02
1.533768139779567719e-02
1.532525941729545593e-02
1.531509123742580414e-02
1.530944649130105972e-02
1.530489698052406311e-02
1.529891230165958405e-02
1.529261097311973572e-02
1.528671849519014359e-02
1.528265886008739471e-02
1.528044603765010834e-02
1.527841854840517044e-02
1.527553889900445938e-02
1.527232956141233444e-02
1.526906061917543411e-02
1.526464521884918213e-02
1.526093669235706329e-02
1.525742188096046448e-02
1.525014266371726990e-02
1.523974351584911346e-02
1.523539051413536072e-02
1.522999070584774017e-02
1.522254850715398788e-02
1.521510910242795944e-02
1.520757097750902176e-02
1.519874483346939087e-02
1.519564073532819748e-02
1.519122067838907242e-02
1.518607605248689651e-02
1.518082991242408752e-02
1.517619006335735321e-02
1.516926661133766174e-02
1.516338996589183807e-02
1.515145506709814072e-02
1.513956207782030106e-02
1.512239221483469009e-02
1.510804984718561172e-02
1.509341783821582794e-02
1.508114673197269440e-02
1.505746413022279739e-02
1.503767352551221848e-02
1.501909364014863968e-02
1.499052345752716064e-02
1.495068706572055817e-02
1.491381134837865829e-02
1.486779376864433289e-02
1.484225597232580185e-02
1.481867022812366486e-02
1.479893457144498825e-02
1.477723382413387299e-02
1.476601790636777878e-02
1.475399266928434372e-02
1.474273763597011566e-02
1.473459973931312561e-02
1.472942624241113663e-02
1.471535395830869675e-02
1.470313966274261475e-02
1.468829624354839325e-02
1.467235945165157318e-02
1.466548163443803787e-02
1.463991869240999222e-02
1.461684890091419220e-02
1.458462420850992203e-02
1.454223040491342545e-02
1.453600358217954636e-02
1.447229646146297455e-02
1.445019245147705078e-02
1.441580988466739655e-02
1.439567282795906067e-02
1.436756271868944168e-02
1.435130089521408081e-02
1.432348601520061493e-02
1.430690381675958633e-02
1.427600532770156860e-02
1.422390434890985489e-02
1.418009120970964432e-02
1.413377560675144196e-02
1.410354115068912506e-02
1.406870223581790924e-02
1.403148379176855087e-02
1.401588972657918930e-02
1.399582251906394958e-02
1.398244313895702362e-02
1.396252587437629700e-02
1.393601950258016586e-02
1.391247473657131195e-02
1.388499327003955841e-02
1.384436152875423431e-02
1.379901729524135590e-02
1.375616155564785004e-02
1.371737569570541382e-02
1.369004417210817337e-02
1.366514060646295547e-02
1.364079024642705917e-02
1.361049432307481766e-02
1.359085179865360260e-02
1.357064582407474518e-02
1.355034578591585159e-02
1.351479161530733109e-02
1.344645395874977112e-02
1.333745475858449936e-02
1.327542867511510849e-02
1.315953396260738373e-02
1.312387734651565552e-02
1.303802803158760071e-02
1.300610043108463287e-02
1.299200393259525299e-02
1.296883448958396912e-02
1.295109465718269348e-02
1.292795222252607346e-02
1.291004382073879242e-02
1.289460901170969009e-02
1.288003101944923401e-02
1.285806205123662949e-02
1.285033207386732101e-02
1.283546350896358490e-02
1.282173674553632736e-02
1.280811242759227753e-02
1.278982684016227722e-02
1.277791336178779602e-02
1.276827137917280197e-02
1.275840587913990021e-02
1.274913270026445389e-02
1.273578125983476639e-02
1.272685639560222626e-02
1.271514687687158585e-02
1.269480120390653610e-02
1.266899239271879196e-02
1.263975258916616440e-02
1.262585073709487915e-02
1.260561868548393250e-02
1.259502023458480835e-02
1.257954351603984833e-02
1.255255937576293945e-02
1.254629716277122498e-02
1.253040879964828491e-02
1.251916587352752686e-02
1.251239515841007233e-02
1.250735297799110413e-02
1.249529141932725906e-02
1.248955260962247849e-02
1.248134672641754150e-02
1.246809214353561401e-02
1.245934888720512390e-02
1.244934927672147751e-02
1.243458129465579987e-02
1.242228318005800247e-02
1.240790169686079025e-02
1.239156164228916168e-02
1.237720623612403870e-02
1.236194372177124023e-02
1.234079524874687195e-02
1.231533102691173553e-02
1.228985469788312912e-02
1.227127853780984879e-02
1.225373521447181702e-02
1.223285123705863953e-02
1.220803149044513702e-02
1.218797918409109116e-02
1.217602659016847610e-02
1.216566655784845352e-02
1.215986069291830063e-02
1.215068623423576355e-02
1.214089803397655487e-02
1.213323976844549179e-02
1.212683506309986115e-02
1.212061941623687744e-02
1.211796980351209641e-02
1.210739929229021072e-02
1.210222486406564713e-02
1.209203060716390610e-02
1.207933481782674789e-02
1.207350566983222961e-02
1.206891890615224838e-02
1.206556148827075958e-02
1.206184178590774536e-02
1.205695699900388718e-02
1.204889733344316483e-02
1.204094570130109787e-02
1.203269045799970627e-02
1.202212926000356674e-02
1.201463676989078522e-02
1.200633402913808823e-02
1.199922710657119751e-02
1.199716888368129730e-02
1.199179887771606445e-02
1.199067011475563049e-02
1.198883354663848877e-02
1.198310591280460358e-02
1.198060065507888794e-02
1.197792124003171921e-02
1.197552587836980820e-02
1.197333633899688721e-02
1.197012234479188919e-02
1.196654140949249268e-02
1.196364220231771469e-02
1.196098513901233673e-02
1.195907220244407654e-02
1.195759698748588562e-02
1.195566635578870773e-02
1.195488218218088150e-02
1.195390708744525909e-02
1.195236481726169586e-02
1.194946374744176865e-02
1.194745954126119614e-02
1.194588560611009598e-02
1.194426883012056351e-02
1.194160059094429016e-02
1.193850766867399216e-02
1.193414535373449326e-02
1.193058025091886520e-02
1.192670874297618866e-02
1.192311011254787445e-02
1.192026492208242416e-02
1.191810052841901779e-02
1.191684231162071228e-02
1.191569492220878601e-02
1.191513612866401672e-02
1.191436499357223511e-02
1.191297825425863266e-02
1.191166881471872330e-02
1.191057264804840088e-02
1.190925948321819305e-02
1.190752163529396057e-02
1.190587040036916733e-02
1.190294045954942703e-02
1.190143078565597534e-02
1.189516764134168625e-02
1.189159695059061050e-02
1.188845932483673096e-02
1.188663300126791000e-02
1.188138220459222794e-02
1.187691092491149902e-02
1.187279447913169861e-02
1.187130808830261230e-02
1.186924893409013748e-02
1.186805311590433121e-02
1.186585240066051483e-02
1.186376065015792847e-02
1.186147984117269516e-02
1.186001580208539963e-02
1.185823045670986176e-02
1.185780204832553864e-02
1.185667794197797775e-02
1.185598038136959076e-02
1.185549050569534302e-02
1.185517758131027222e-02
1.185451541095972061e-02
1.185374520719051361e-02
1.185273192822933197e-02
1.185153424739837646e-02
1.184756215661764145e-02
1.184684038162231445e-02
1.184392347931861877e-02
1.184191554784774780e-02
1.184050645679235458e-02
1.183942146599292755e-02
1.183805335313081741e-02
1.183646637946367264e-02
1.183490827679634094e-02
1.183353178203105927e-02
1.183055341243743896e-02
1.182791218161582947e-02
1.182520855218172073e-02
1.182122062891721725e-02
1.181833725422620773e-02
1.181140914559364319e-02
1.180818118155002594e-02
1.180437300354242325e-02
1.180269289761781693e-02
1.180086657404899597e-02
1.179774198681116104e-02
1.179570518434047699e-02
1.179270911961793900e-02
1.179062947630882263e-02
1.178865507245063782e-02
1.178721059113740921e-02
1.178460475057363510e-02
1.178118027746677399e-02
1.177981216460466385e-02
1.177800726145505905e-02
1.177505590021610260e-02
1.177147403359413147e-02
1.176838390529155731e-02
1.176513172686100006e-02
1.176316943019628525e-02
1.176104415208101273e-02
1.175822969526052475e-02
1.175275538116693497e-02
1.174750179052352905e-02
1.174559071660041809e-02
1.174184307456016541e-02
1.174069661647081375e-02
1.173943467438220978e-02
1.173821557313203812e-02
1.173678319901227951e-02
1.173564605414867401e-02
1.173389237374067307e-02
1.173368096351623535e-02
1.173208467662334442e-02
1.173116825520992279e-02
1.173030305653810501e-02
1.172886509448289871e-02
1.172725297510623932e-02
1.172575354576110840e-02
1.172424107789993286e-02
1.172219403088092804e-02
1.172047201544046402e-02
1.171869132667779922e-02
1.171566732227802277e-02
1.171352528035640717e-02
1.171046961098909378e-02
1.170871686190366745e-02
1.170728076249361038e-02
1.170627865940332413e-02
1.170519459992647171e-02
1.170184183865785599e-02
1.170091237872838974e-02
1.169857475906610489e-02
1.169731747359037399e-02
1.169622875750064850e-02
1.169461105018854141e-02
1.169232372194528580e-02
1.168891135603189468e-02
1.168406195938587189e-02
1.168166752904653549e-02
1.167695596814155579e-02
1.167276315391063690e-02
1.167044416069984436e-02
1.166852097958326340e-02
1.166775450110435486e-02
1.166541595011949539e-02
1.166302151978015900e-02
1.165859028697013855e-02
1.165361423045396805e-02
1.164799369871616364e-02
1.163595356047153473e-02
1.162576582282781601e-02
1.162116229534149170e-02
1.160914637148380280e-02
1.160674635320901871e-02
1.160251908004283905e-02
1.159797329455614090e-02
1.159237138926982880e-02
1.158687099814414978e-02
1.157898362725973129e-02
1.157521083950996399e-02
1.156842894852161407e-02
1.156300678849220276e-02
1.155612338334321976e-02
1.154767069965600967e-02
1.154362969100475311e-02
1.153701916337013245e-02
1.152921374887228012e-02
1.152466423809528351e-02
1.151922065764665604e-02
1.151418499648571014e-02
1.151335053145885468e-02
1.150712370872497559e-02
1.150441728532314301e-02
1.150036323815584183e-02
1.149533130228519440e-02
1.148772705346345901e-02
1.147711463272571564e-02
1.146015245467424393e-02
1.144572254270315170e-02
1.142966188490390778e-02
1.141245942562818527e-02
1.140252035111188889e-02
1.139429211616516113e-02
1.138457842171192169e-02
1.137992739677429199e-02
1.137260347604751587e-02
1.136206090450286865e-02
1.135357748717069626e-02
1.134782843291759491e-02
1.134223584085702896e-02
1.133862137794494629e-02
1.133403088897466660e-02
1.132930442690849304e-02
1.132549345493316650e-02
1.131475344300270081e-02
1.130788028240203857e-02
1.129792071878910065e-02
1.129139121621847153e-02
1.128424238413572311e-02
1.127209328114986420e-02
1.125940773636102676e-02
1.124419365078210831e-02
1.122327055782079697e-02
1.121009979397058487e-02
1.118206605315208435e-02
1.116333343088626862e-02
1.114687602967023849e-02
1.113007217645645142e-02
1.112034171819686890e-02
1.110120676457881927e-02
1.109657622873783112e-02
1.108062732964754105e-02
1.107405778020620346e-02
1.106813084334135056e-02
1.106034498661756516e-02
1.105370372533798218e-02
1.104858051985502243e-02
1.104322448372840881e-02
1.103961467742919922e-02
1.103751361370086670e-02
1.103278994560241699e-02
1.102946419268846512e-02
1.102412771433591843e-02
1.101675722748041153e-02
1.100931502878665924e-02
1.100080553442239761e-02
1.098978612571954727e-02
1.098693069070577621e-02
1.098324079066514969e-02
1.097688637673854828e-02
1.097251288592815399e-02
1.096191443502902985e-02
1.095308270305395126e-02
1.094309613108634949e-02
1.093424484133720398e-02
1.092715468257665634e-02
1.092062331736087799e-02
1.090401690453290939e-02
1.090037543326616287e-02
1.088942680507898331e-02
1.088340766727924347e-02
1.087886467576026917e-02
1.087009534239768982e-02
1.086670160293579102e-02
1.085390709340572357e-02
1.084879413247108459e-02
1.083948835730552673e-02
1.082695927470922470e-02
1.081728003919124603e-02
1.080826949328184128e-02
1.080375164747238159e-02
1.079957280308008194e-02
1.079438626766204834e-02
1.079061906784772873e-02
1.078588329255580902e-02
1.078298594802618027e-02
1.077878661453723907e-02
1.077428646385669708e-02
1.077054161578416824e-02
1.076746545732021332e-02
1.076462306082248688e-02
1.075943931937217712e-02
1.075398083776235580e-02
1.074891537427902222e-02
1.074270438402891159e-02
1.073932647705078125e-02
1.073424704372882843e-02
1.072772964835166931e-02
1.072214636951684952e-02
1.071948464959859848e-02
1.071413047611713409e-02
1.071202568709850311e-02
1.070931181311607361e-02
1.070514414459466934e-02
1.069961395114660263e-02
1.069596782326698303e-02
1.069131400436162949e-02
1.068666484206914902e-02
1.067628152668476105e-02
1.066818367689847946e-02
1.065838895738124847e-02
1.064754370599985123e-02
1.063559763133525848e-02
1.062549650669097900e-02
1.061339303851127625e-02
1.060321740806102753e-02
1.059493049979209900e-02
1.058635488152503967e-02
1.057751476764678955e-02
1.056352630257606506e-02
1.055770274251699448e-02
1.054867822676897049e-02
1.054479833692312241e-02
1.053437683731317520e-02
1.052616722881793976e-02
1.051795948296785355e-02
1.051079854369163513e-02
1.050522085279226303e-02
1.050181407481431961e-02
1.049611531198024750e-02
1.049209572374820709e-02
1.048926264047622681e-02
1.048029866069555283e-02
1.047756336629390717e-02
1.047387812286615372e-02
1.047240849584341049e-02
1.046920102089643478e-02
1.046636141836643219e-02
1.046383008360862732e-02
1.046072877943515778e-02
1.045603584498167038e-02
1.045199390500783920e-02
1.044773869216442108e-02
1.044433750212192535e-02
1.043971162289381027e-02
1.043659169226884842e-02
1.042918954044580460e-02
1.042425632476806641e-02
1.041761599481105804e-02
1.041152421385049820e-02
1.040556468069553375e-02
1.039785519242286682e-02
1.038949750363826752e-02
1.038381550461053848e-02
1.037902105599641800e-02
1.037407107651233673e-02
1.037140842527151108e-02
1.036820467561483383e-02
1.036541070789098740e-02
1.036119926720857620e-02
1.035344600677490234e-02
1.034789066761732101e-02
1.034281868487596512e-02
1.033575367182493210e-02
1.033233758062124252e-02
1.032906770706176758e-02
1.032598409801721573e-02
1.032030116766691208e-02
1.031144428998231888e-02
1.030236762017011642e-02
1.029389444738626480e-02
1.028347667306661606e-02
1.027034129947423935e-02
1.026095729321241379e-02
1.025114022195339203e-02
1.023976318538188934e-02
1.023581158369779587e-02
1.022119633853435516e-02
1.021072361618280411e-02
1.018977630883455276e-02
1.017230190336704254e-02
1.015201210975646973e-02
1.014248747378587723e-02
1.012780517339706421e-02
1.011703629046678543e-02
1.010193582624197006e-02
1.009042188525199890e-02
1.007568184286355972e-02
1.005225628614425659e-02
1.003815513104200363e-02
1.002594642341136932e-02
1.001664251089096069e-02
1.001058518886566162e-02
1.000397279858589172e-02
9.995474480092525482e-03
9.990043938159942627e-03
9.983042255043983459e-03
9.970160201191902161e-03
9.963143616914749146e-03
9.955588728189468384e-03
9.943573735654354095e-03
9.935189969837665558e-03
9.923731908202171326e-03
9.915850125253200531e-03
9.904674254357814789e-03
9.898914024233818054e-03
9.895494207739830017e-03
9.893031790852546692e-03
9.891360066831111908e-03
9.889300912618637085e-03
9.887073189020156860e-03
9.883028455078601837e-03
9.878260083496570587e-03
9.873346425592899323e-03
9.869936853647232056e-03
9.868310764431953430e-03
9.867016226053237915e-03
9.865907020866870880e-03
9.863918647170066833e-03
9.863142855465412140e-03
9.861936792731285095e-03
9.860338643193244934e-03
9.859314188361167908e-03
9.856800548732280731e-03
9.854757227003574371e-03
9.851805865764617920e-03
9.848902001976966858e-03
9.841227903962135315e-03
9.834837168455123901e-03
9.831642732024192810e-03
9.828497655689716339e-03
9.826719760894775391e-03
9.825726971030235291e-03
9.824375621974468231e-03
9.823290631175041199e-03
9.821901097893714905e-03
9.820018894970417023e-03
9.818316437304019928e-03
9.815271012485027313e-03
9.811338968575000763e-03
9.806671179831027985e-03
9.802942164242267609e-03
9.799502789974212646e-03
9.795213118195533752e-03
9.792299941182136536e-03
9.789060801267623901e-03
9.787780232727527618e-03
9.786004200577735901e-03
9.784657508134841919e-03
9.782692417502403259e-03
9.779160842299461365e-03
9.776287712156772614e-03
9.772555902600288391e-03
9.769797325134277344e-03
9.767606854438781738e-03
9.765675291419029236e-03
9.762119501829147339e-03
9.760733693838119507e-03
9.759019128978252411e-03
9.758047759532928467e-03
9.757162071764469147e-03
9.755974635481834412e-03
9.755377657711505890e-03
9.754550643265247345e-03
9.754135273396968842e-03
9.753065183758735657e-03
9.751672856509685516e-03
9.750745259225368500e-03
9.749781340360641479e-03
9.748470038175582886e-03
9.746934287250041962e-03
9.743909351527690887e-03
9.741416200995445251e-03
9.737165644764900208e-03
9.733771905303001404e-03
9.729463607072830200e-03
9.723017923533916473e-03
9.716222062706947327e-03
9.705097414553165436e-03
9.696050547063350677e-03
9.690729901194572449e-03
9.686681441962718964e-03
9.683143347501754761e-03
9.678069502115249634e-03
9.673851542174816132e-03
9.669922292232513428e-03
9.667532518506050110e-03
9.664844721555709839e-03
9.663440287113189697e-03
9.661735035479068756e-03
9.660724550485610962e-03
9.659873321652412415e-03
9.658754803240299225e-03
9.658644907176494598e-03
9.657472372055053711e-03
9.656844660639762878e-03
9.656062349677085876e-03
9.655425325036048889e-03
9.653956629335880280e-03
9.652999229729175568e-03
9.652502834796905518e-03
9.651562198996543884e-03
9.651130065321922302e-03
9.650063700973987579e-03
9.649078361690044403e-03
9.648236446082592010e-03
9.646773338317871094e-03
9.645665064454078674e-03
9.643989615142345428e-03
9.641343727707862854e-03
9.639815427362918854e-03
9.637127630412578583e-03
9.634519927203655243e-03
9.632089175283908844e-03
9.630151093006134033e-03
9.627353399991989136e-03
9.623806923627853394e-03
9.620429016649723053e-03
9.614281356334686279e-03
9.608883410692214966e-03
9.603342972695827484e-03
9.597486816346645355e-03
9.594567120075225830e-03
9.592699818313121796e-03
9.591199457645416260e-03
9.588815271854400635e-03
9.586329571902751923e-03
9.583387523889541626e-03
9.582194499671459198e-03
9.580845013260841370e-03
9.580054320394992828e-03
9.579174220561981201e-03
9.578079916536808014e-03
9.576590731739997864e-03
9.575237520039081573e-03
9.573863819241523743e-03
9.572781622409820557e-03
9.570735506713390350e-03
9.568712674081325531e-03
9.565992280840873718e-03
9.564506821334362030e-03
9.563652798533439636e-03
9.562139399349689484e-03
9.560173377394676208e-03
9.558932855725288391e-03
9.556369855999946594e-03
9.553533978760242462e-03
9.550708346068859100e-03
9.548880159854888916e-03
9.544846601784229279e-03
9.540838189423084259e-03
9.537111967802047729e-03
9.534228593111038208e-03
9.530455805361270905e-03
9.526951238512992859e-03
9.521760046482086182e-03
9.516302496194839478e-03
9.510803036391735077e-03
9.507454000413417816e-03
9.503912180662155151e-03
9.499211795628070831e-03
9.494543075561523438e-03
9.488741867244243622e-03
9.485145099461078644e-03
9.482804685831069946e-03
9.480861946940422058e-03
9.479015134274959564e-03
9.477497078478336334e-03
9.474940598011016846e-03
9.474155493080615997e-03
9.472616016864776611e-03
9.470752440392971039e-03
9.467474184930324554e-03
9.465876035392284393e-03
9.462765417993068695e-03
9.461388923227787018e-03
9.459121152758598328e-03
9.457106702029705048e-03
9.454745799303054810e-03
9.452273137867450714e-03
9.450904093682765961e-03
9.449154138565063477e-03
9.447375312447547913e-03
9.443261660635471344e-03
9.441972710192203522e-03
9.439506568014621735e-03
9.436669759452342987e-03
9.433493949472904205e-03
9.429097175598144531e-03
9.425092488527297974e-03
9.423866868019104004e-03
9.420696645975112915e-03
9.417882189154624939e-03
9.415430016815662384e-03
9.411373175680637360e-03
9.406785480678081512e-03
9.402222000062465668e-03
9.399540722370147705e-03
9.396047331392765045e-03
9.392630308866500854e-03
9.386411868035793304e-03
9.382513351738452911e-03
9.379581548273563385e-03
9.376768022775650024e-03
9.372591972351074219e-03
9.370941668748855591e-03
9.368999861180782318e-03
9.368158876895904541e-03
9.367085993289947510e-03
9.366310201585292816e-03
9.365729987621307373e-03
9.365146979689598083e-03
9.364592842757701874e-03
9.363646619021892548e-03
9.362109936773777008e-03
9.360374882817268372e-03
9.359473362565040588e-03
9.357935748994350433e-03
9.356994181871414185e-03
9.356434457004070282e-03
9.355043992400169373e-03
9.353534318506717682e-03
9.352141991257667542e-03
9.350791573524475098e-03
9.348235093057155609e-03
9.346397593617439270e-03
9.344270452857017517e-03
9.342490695416927338e-03
9.340042248368263245e-03
9.335922077298164368e-03
9.329835884273052216e-03
9.326647967100143433e-03
9.322365745902061462e-03
9.319513104856014252e-03
9.317594580352306366e-03
9.313643909990787506e-03
9.309825487434864044e-03
9.305097162723541260e-03
9.302163496613502502e-03
9.299415163695812225e-03
9.297149255871772766e-03
9.293406270444393158e-03
9.289630688726902008e-03
9.287287481129169464e-03
9.284012019634246826e-03
9.280014783143997192e-03
9.276237338781356812e-03
9.270614944398403168e-03
9.267232380807399750e-03
9.265065193176269531e-03
9.263866581022739410e-03
9.261852130293846130e-03
9.260114282369613647e-03
9.258518926799297333e-03
9.256793186068534851e-03
9.253762662410736084e-03
9.248960763216018677e-03
9.245083667337894440e-03
9.241796098649501801e-03
9.237726218998432159e-03
9.235354140400886536e-03
9.231252595782279968e-03
9.228660725057125092e-03
9.225246496498584747e-03
9.218426421284675598e-03
9.212554432451725006e-03
9.208291769027709961e-03
9.205849841237068176e-03
9.202645160257816315e-03
9.201258420944213867e-03
9.199156425893306732e-03
9.196670725941658020e-03
9.193654172122478485e-03
9.190298616886138916e-03
9.182239882647991180e-03
9.177307598292827606e-03
9.172649122774600983e-03
9.167900308966636658e-03
9.167217649519443512e-03
9.161302819848060608e-03
9.159507229924201965e-03
9.155895560979843140e-03
9.152648970484733582e-03
9.144668467342853546e-03
9.138511493802070618e-03
9.133440442383289337e-03
9.130177088081836700e-03
9.127449244260787964e-03
9.124223142862319946e-03
9.117535315454006195e-03
9.113253094255924225e-03
9.110440500080585480e-03
9.106363169848918915e-03
9.101328440010547638e-03
9.094782173633575439e-03
9.088686667382717133e-03
9.081784635782241821e-03
9.075039066374301910e-03
9.072758257389068604e-03
9.070760570466518402e-03
9.066797792911529541e-03
9.063896723091602325e-03
9.056414477527141571e-03
9.052000939846038818e-03
9.044158272445201874e-03
9.037693962454795837e-03
9.030336514115333557e-03
9.029516018927097321e-03
9.023221209645271301e-03
9.018862619996070862e-03
9.014460258185863495e-03
9.006566368043422699e-03
8.994402363896369934e-03
8.985248394310474396e-03
8.975667878985404968e-03
8.965298533439636230e-03
8.957008831202983856e-03
8.947511203587055206e-03
8.940438739955425262e-03
8.937557227909564972e-03
8.934403769671916962e-03
8.932950906455516815e-03
8.931067772209644318e-03
8.928197436034679413e-03
8.924948982894420624e-03
8.918591775000095367e-03
8.915156126022338867e-03
8.911808952689170837e-03
8.909042924642562866e-03
8.906150236725807190e-03
8.900147862732410431e-03
8.897335268557071686e-03
8.894979953765869141e-03
8.890870027244091034e-03
8.887998759746551514e-03
8.881975896656513214e-03
8.876378647983074188e-03
8.870803751051425934e-03
8.866578340530395508e-03
8.862623944878578186e-03
8.858792483806610107e-03
8.855390362441539764e-03
8.853159844875335693e-03
8.851457387208938599e-03
8.850010111927986145e-03
8.848148398101329803e-03
8.846680633723735809e-03
8.844863623380661011e-03
8.842830546200275421e-03
8.840728551149368286e-03
8.838155306875705719e-03
8.834959939122200012e-03
8.831732906401157379e-03
8.828692138195037842e-03
8.826444856822490692e-03
8.825246244668960571e-03
8.823791518807411194e-03
8.822793141007423401e-03
8.821005932986736298e-03
8.818521164357662201e-03
8.815507404506206512e-03
8.813560009002685547e-03
8.810010738670825958e-03
8.808303624391555786e-03
8.806829340755939484e-03
8.804662153124809265e-03
8.801570162177085876e-03
8.799960836768150330e-03
8.797493763267993927e-03
8.793630637228488922e-03
8.787927217781543732e-03
8.783035911619663239e-03
8.780742064118385315e-03
8.779658935964107513e-03
8.778766728937625885e-03
8.777538314461708069e-03
8.774984627962112427e-03
8.772840723395347595e-03
8.769931271672248840e-03
8.767815306782722473e-03
8.764532394707202911e-03
8.761790581047534943e-03
8.757118135690689087e-03
8.754659444093704224e-03
8.751207031309604645e-03
8.748056367039680481e-03
8.745870552957057953e-03
8.743750862777233124e-03
8.742076344788074493e-03
8.740315213799476624e-03
8.737296797335147858e-03
8.734649978578090668e-03
8.731951005756855011e-03
8.729872293770313263e-03
8.728183805942535400e-03
8.726054802536964417e-03
8.722875267267227173e-03
8.721230551600456238e-03
8.717089891433715820e-03
8.715526200830936432e-03
8.713655173778533936e-03
8.711863309144973755e-03
8.710990659892559052e-03
8.709066547453403473e-03
8.707423694431781769e-03
8.705833926796913147e-03
8.704586885869503021e-03
8.702606894075870514e-03
8.700240403413772583e-03
8.698051795363426208e-03
8.695133961737155914e-03
8.693628944456577301e-03
8.687659166753292084e-03
8.684221655130386353e-03
8.680702187120914459e-03
8.678238838911056519e-03
8.676534518599510193e-03
8.674796670675277710e-03
8.673339150846004486e-03
8.672983385622501373e-03
8.671935647726058960e-03
8.670845068991184235e-03
8.670112118124961853e-03
8.669216185808181763e-03
8.668488822877407074e-03
8.667126297950744629e-03
8.665760979056358337e-03
8.664653636515140533e-03
8.663763292133808136e-03
8.663248270750045776e-03
8.662288077175617218e-03
8.661100640892982483e-03
8.659943006932735443e-03
8.658076636493206024e-03
8.655942976474761963e-03
8.653519675135612488e-03
8.651718497276306152e-03
8.649332448840141296e-03
8.645072579383850098e-03
8.640496060252189636e-03
8.634340949356555939e-03
8.626541122794151306e-03
8.624128997325897217e-03
8.621311746537685394e-03
8.618877269327640533e-03
8.615554310381412506e-03
8.612267673015594482e-03
8.610068820416927338e-03
8.608094416558742523e-03
8.606454357504844666e-03
8.604491129517555237e-03
8.603577502071857452e-03
8.602555841207504272e-03
8.600901812314987183e-03
8.600259199738502502e-03
8.598865009844303131e-03
8.597516454756259918e-03
8.595267310738563538e-03
8.593612350523471832e-03
8.592910133302211761e-03
8.590347133576869965e-03
8.589148521423339844e-03
8.587741293013095856e-03
8.586240932345390320e-03
8.585366420447826385e-03
8.583964779973030090e-03
8.583173155784606934e-03
8.581787347793579102e-03
8.580013178288936615e-03
8.579092100262641907e-03
8.577864617109298706e-03
8.577114902436733246e-03
8.576452732086181641e-03
8.575623854994773865e-03
8.574434556066989899e-03
8.573881350457668304e-03
8.573075756430625916e-03
8.572536520659923553e-03
8.571656420826911926e-03
8.570671081542968750e-03
8.569552563130855560e-03
8.568990044295787811e-03
8.567351847887039185e-03
8.565801195800304413e-03
8.564736694097518921e-03
8.562471717596054077e-03
8.559246547520160675e-03
8.556505665183067322e-03
8.552189916372299194e-03
8.547993376851081848e-03
8.545424789190292358e-03
8.542859926819801331e-03
8.540364913642406464e-03
8.538216352462768555e-03
8.534158580005168915e-03
8.531209081411361694e-03
8.527394384145736694e-03
8.523800410330295563e-03
8.520197123289108276e-03
8.517582900822162628e-03
8.515328168869018555e-03
8.514260873198509216e-03
8.513377048075199127e-03
8.511753752827644348e-03
8.510540239512920380e-03
8.508825674653053284e-03
8.507864549756050110e-03
8.506721816956996918e-03
8.505860343575477600e-03
8.504975587129592896e-03
8.503786288201808929e-03
8.502271026372909546e-03
8.500810712575912476e-03
8.499522693455219269e-03
8.498609066009521484e-03
8.498029783368110657e-03
8.497291244566440582e-03
8.497187867760658264e-03
8.496300317347049713e-03
8.496221154928207397e-03
8.495278656482696533e-03
8.495277725160121918e-03
8.494906127452850342e-03
8.494309149682521820e-03
8.493912406265735626e-03
8.492406457662582397e-03
8.491863496601581573e-03
8.490325883030891418e-03
8.489320054650306702e-03
8.488598279654979706e-03
8.487232029438018799e-03
8.484783582389354706e-03
8.480712771415710449e-03
8.477565832436084747e-03
8.472269400954246521e-03
8.467709645628929138e-03
8.466041646897792816e-03
8.464808575809001923e-03
8.463448844850063324e-03
8.461618795990943909e-03
8.457964286208152771e-03
8.453681133687496185e-03
8.449553512036800385e-03
8.444561623036861420e-03
8.441274985671043396e-03
8.439358323812484741e-03
8.432868868112564087e-03
8.428515866398811340e-03
8.425393141806125641e-03
8.423386141657829285e-03
8.421616628766059875e-03
8.419114165008068085e-03
8.414529263973236084e-03
8.413071744143962860e-03
8.410025388002395630e-03
8.407541550695896149e-03
8.405588567256927490e-03
8.401908911764621735e-03
8.398089557886123657e-03
8.393849246203899384e-03
8.391839452087879181e-03
8.390082977712154388e-03
8.388534188270568848e-03
8.385237306356430054e-03
8.382401429116725922e-03
8.379352279007434845e-03
8.377417922019958496e-03
8.375231176614761353e-03
8.372837677597999573e-03
8.368043228983879089e-03
8.363964967429637909e-03
8.360342122614383698e-03
8.358106948435306549e-03
8.355736732482910156e-03
8.354327641427516937e-03
8.352828212082386017e-03
8.351320400834083557e-03
8.350092917680740356e-03
8.347737602889537811e-03
8.345089852809906006e-03
8.342020213603973389e-03
8.337175473570823669e-03
8.334141224622726440e-03
8.332314901053905487e-03
8.330172859132289886e-03
8.326477371156215668e-03
8.323838934302330017e-03
8.321738801896572113e-03
8.320767432451248169e-03
8.318168111145496368e-03
8.316934108734130859e-03
8.315265178680419922e-03
8.313235826790332794e-03
8.310000412166118622e-03
8.308178745210170746e-03
8.306590840220451355e-03
8.305661380290985107e-03
8.305059745907783508e-03
8.303550072014331818e-03
8.300535380840301514e-03
8.298981003463268280e-03
8.295385167002677917e-03
8.293466642498970032e-03
8.292087353765964508e-03
8.290249854326248169e-03
8.289533667266368866e-03
8.286512456834316254e-03
8.283304981887340546e-03
8.280985057353973389e-03
8.279529400169849396e-03
8.278524503111839294e-03
8.276904001832008362e-03
8.275314234197139740e-03
8.273182436823844910e-03
8.268021047115325928e-03
8.261688984930515289e-03
8.255690336227416992e-03
8.252436295151710510e-03
8.249807171523571014e-03
8.247232995927333832e-03
8.241680450737476349e-03
8.233768865466117859e-03
8.229847997426986694e-03
8.221900090575218201e-03
8.218793198466300964e-03
8.216301910579204559e-03
8.213313296437263489e-03
8.212649263441562653e-03
8.204672485589981079e-03
8.201958611607551575e-03
8.198268711566925049e-03
8.196423761546611786e-03
8.194475434720516205e-03
8.192175067961215973e-03
8.190584369003772736e-03
8.188924752175807953e-03
8.187115192413330078e-03
8.183827623724937439e-03
8.180149830877780914e-03
8.176720701158046722e-03
8.172801695764064789e-03
8.166861720383167267e-03
8.162003010511398315e-03
8.157536387443542480e-03
8.151210844516754150e-03
8.144935593008995056e-03
8.136847056448459625e-03
8.135610260069370270e-03
8.128436282277107239e-03
8.124203421175479889e-03
8.119356818497180939e-03
8.111265487968921661e-03
8.108094334602355957e-03
8.094331249594688416e-03
8.087084628641605377e-03
8.081993088126182556e-03
8.074539713561534882e-03
8.066605776548385620e-03
8.056011050939559937e-03
8.053013123571872711e-03
8.045017719268798828e-03
8.041928522288799286e-03
8.037662133574485779e-03
8.034124039113521576e-03
8.029684424400329590e-03
8.025781251490116119e-03
8.022366091609001160e-03
8.017732761800289154e-03
8.011285215616226196e-03
8.004137314856052399e-03
7.998446002602577209e-03
7.991448044776916504e-03
7.985200732946395874e-03
7.981522008776664734e-03
7.973985746502876282e-03
7.973339408636093140e-03
7.966552861034870148e-03
7.964665070176124573e-03
7.962171919643878937e-03
7.960666902363300323e-03
7.958952337503433228e-03
7.956678979098796844e-03
7.955086417496204376e-03
7.953365333378314972e-03
7.948258891701698303e-03
7.944850251078605652e-03
7.942698895931243896e-03
7.937014102935791016e-03
7.934774272143840790e-03
7.930694147944450378e-03
7.926779799163341522e-03
7.923771627247333527e-03
7.922092452645301819e-03
7.920030504465103149e-03
7.918258197605609894e-03
7.916104048490524292e-03
7.914724759757518768e-03
7.913629524409770966e-03
7.912100292742252350e-03
7.910329848527908325e-03
7.906770333647727966e-03
7.905023172497749329e-03
7.900930941104888916e-03
7.897031493484973907e-03
7.893333211541175842e-03
7.888982072472572327e-03
7.885401137173175812e-03
7.879300974309444427e-03
7.875520735979080200e-03
7.872948423027992249e-03
7.870797999203205109e-03
7.866712287068367004e-03
7.865328341722488403e-03
7.863012142479419708e-03
7.861889898777008057e-03
7.860742509365081787e-03
7.858277298510074615e-03
7.855306379497051239e-03
7.851840928196907043e-03
7.845668122172355652e-03
7.839115336537361145e-03
7.833465933799743652e-03
7.830699905753135681e-03
7.829316891729831696e-03
7.827867753803730011e-03
7.826933637261390686e-03
7.824986241757869720e-03
7.822612300515174866e-03
7.819824852049350739e-03
7.818036712706089020e-03
7.816076278686523438e-03
7.814005948603153229e-03
7.811919320374727249e-03
7.808773778378963470e-03
7.807429879903793335e-03
7.805645465850830078e-03
7.805292960256338120e-03
7.803965825587511063e-03
7.801870815455913544e-03
7.799896411597728729e-03
7.797725498676300049e-03
7.795806974172592163e-03
7.794082164764404297e-03
7.792544085532426834e-03
7.791133131831884384e-03
7.790055591613054276e-03
7.788080722093582153e-03
7.784999441355466843e-03
7.782034575939178467e-03
7.779898121953010559e-03
7.777623832225799561e-03
7.775729056447744370e-03
7.772674784064292908e-03
7.769290357828140259e-03
7.765979971736669540e-03
7.764432579278945923e-03
7.762915920466184616e-03
7.761357817798852921e-03
7.758772931993007660e-03
7.756805978715419769e-03
7.754441350698471069e-03
7.750574033707380295e-03
7.746292278170585632e-03
7.739728316664695740e-03
7.735163904726505280e-03
7.731077726930379868e-03
7.726599462330341339e-03
7.720476947724819183e-03
7.714426144957542419e-03
7.709583733230829239e-03
7.706442382186651230e-03
7.704731076955795288e-03
7.703236304223537445e-03
7.701266556978225708e-03
7.700713817030191422e-03
7.699203677475452423e-03
7.697340101003646851e-03
7.696563377976417542e-03
7.694813422858715057e-03
7.693365216255187988e-03
7.692499551922082901e-03
7.691686507314443588e-03
7.690734229981899261e-03
7.689301390200853348e-03
7.687561679631471634e-03
7.686071563512086868e-03
7.684347685426473618e-03
7.682752329856157303e-03
7.681628223508596420e-03
7.680863607674837112e-03
7.680335547775030136e-03
7.679876871407032013e-03
7.678881287574768066e-03
7.678154390305280685e-03
7.677438668906688690e-03
7.676999084651470184e-03
7.676527835428714752e-03
7.675823755562305450e-03
7.674937136471271515e-03
7.674443535506725311e-03
7.673292420804500580e-03
7.672446314245462418e-03
7.671392522752285004e-03
7.670372258871793747e-03
7.669640239328145981e-03
7.668541744351387024e-03
7.667867932468652725e-03
7.667010650038719177e-03
7.665380835533142090e-03
7.664117496460676193e-03
7.662831339985132217e-03
7.661006413400173187e-03
7.658705115318298340e-03
7.656184956431388855e-03
7.652260363101959229e-03
7.648759521543979645e-03
7.644801400601863861e-03
7.642864249646663666e-03
7.641769945621490479e-03
7.640806026756763458e-03
7.639293558895587921e-03
7.637002971023321152e-03
7.635672111064195633e-03
7.633050903677940369e-03
7.629249244928359985e-03
7.623635698109865189e-03
7.618239615112543106e-03
7.615525741130113602e-03
7.612433284521102905e-03
7.608367595821619034e-03
7.606892846524715424e-03
7.605211809277534485e-03
7.600193843245506287e-03
7.598726078867912292e-03
7.593461312353610992e-03
7.590614724904298782e-03
7.588641252368688583e-03
7.587808649986982346e-03
7.586115505546331406e-03
7.584282662719488144e-03
7.582578342407941818e-03
7.580153644084930420e-03
7.577984128147363663e-03
7.576196454465389252e-03
7.575205061584711075e-03
7.573441602289676666e-03
7.570471148937940598e-03
7.567424327135086060e-03
7.565869484096765518e-03
7.564518135040998459e-03
7.563293445855379105e-03
7.562036160379648209e-03
7.559689693152904510e-03
7.558808196336030960e-03
7.558287121355533600e-03
7.557437289506196976e-03
7.556238211691379547e-03
7.554675918072462082e-03
7.552634924650192261e-03
7.551568094640970230e-03
7.550751790404319763e-03
7.548716850578784943e-03
7.546325214207172394e-03
7.542336359620094299e-03
7.537707686424255371e-03
7.532975170761346817e-03
7.528891786932945251e-03
7.526157423853874207e-03
7.524575106799602509e-03
7.522135041654109955e-03
7.517008110880851746e-03
7.512517273426055908e-03
7.509171497076749802e-03
7.506769150495529175e-03
7.504903245717287064e-03
7.502150721848011017e-03
7.499189116060733795e-03
7.495411671698093414e-03
7.492916658520698547e-03
7.489860989153385162e-03
7.487649563699960709e-03
7.483925670385360718e-03
7.482996676117181778e-03
7.478423882275819778e-03
7.475380320101976395e-03
7.472063880413770676e-03
7.468217983841896057e-03
7.459391839802265167e-03
7.448680698871612549e-03
7.442439440637826920e-03
7.432889193296432495e-03
7.425156887620687485e-03
7.418148685246706009e-03
7.412659935653209686e-03
7.408386096358299255e-03
7.405030075460672379e-03
7.400975562632083893e-03
7.397027220577001572e-03
7.390893064439296722e-03
7.385889999568462372e-03
7.380212657153606415e-03
7.373807486146688461e-03
7.368868682533502579e-03
7.365664932876825333e-03
7.365082390606403351e-03
7.362434640526771545e-03
7.360341493040323257e-03
7.357031572610139847e-03
7.353870198130607605e-03
7.352036423981189728e-03
7.350198924541473389e-03
7.349542807787656784e-03
7.347588427364826202e-03
7.346355356276035309e-03
7.344834506511688232e-03
7.342389784753322601e-03
7.338549010455608368e-03
7.334884721785783768e-03
7.331753615289926529e-03
7.330006919801235199e-03
7.329338695853948593e-03
7.327637169510126114e-03
7.325259037315845490e-03
7.324032951146364212e-03
7.322214543819427490e-03
7.321061100810766220e-03
7.319769356399774551e-03
7.318918593227863312e-03
7.317882031202316284e-03
7.317357230931520462e-03
7.316257338970899582e-03
7.315369322896003723e-03
7.314517162740230560e-03
7.313415873795747757e-03
7.311860099434852600e-03
7.310929708182811737e-03
7.310410495847463608e-03
7.309744134545326233e-03
7.308683823794126511e-03
7.307813502848148346e-03
7.306151092052459717e-03
7.304753176867961884e-03
7.303221151232719421e-03
7.301566191017627716e-03
7.300899829715490341e-03
7.299060001969337463e-03
7.298065349459648132e-03
7.297155447304248810e-03
7.295704446732997894e-03
7.294112816452980042e-03
7.292815018445253372e-03
7.290924899280071259e-03
7.288713008165359497e-03
7.287463638931512833e-03
7.286129985004663467e-03
7.284938823431730270e-03
7.283645216375589371e-03
7.282476406544446945e-03
7.281085010617971420e-03
7.279739249497652054e-03
7.277359254658222198e-03
7.274318952113389969e-03
7.271175272762775421e-03
7.268164306879043579e-03
7.265349850058555603e-03
7.263937033712863922e-03
7.260627113282680511e-03
7.256633602082729340e-03
7.250358816236257553e-03
7.248477078974246979e-03
7.245487067848443985e-03
7.243560627102851868e-03
7.242763880640268326e-03
7.242142688482999802e-03
7.241025101393461227e-03
7.240680977702140808e-03
7.240469101816415787e-03
7.240294013172388077e-03
7.239686325192451477e-03
7.239466998726129532e-03
7.238434161990880966e-03
7.237932644784450531e-03
7.236647419631481171e-03
7.235958240926265717e-03
7.234674412757158279e-03
7.232815027236938477e-03
7.231308612972497940e-03
7.229887880384922028e-03
7.228279951959848404e-03
7.227793335914611816e-03
7.226980291306972504e-03
7.226118352264165878e-03
7.224830333143472672e-03
7.222932297736406326e-03
7.219791412353515625e-03
7.215086370706558228e-03
7.210176438093185425e-03
7.205836009234189987e-03
7.203117012977600098e-03
7.201081607490777969e-03
7.199475076049566269e-03
7.196535356342792511e-03
7.195053156465291977e-03
7.191803772002458572e-03
7.189931347966194153e-03
7.187686860561370850e-03
7.185580208897590637e-03
7.183501496911048889e-03
7.181623950600624084e-03
7.179433945566415787e-03
7.175045553594827652e-03
7.169900927692651749e-03
7.164389826357364655e-03
7.158191874623298645e-03
7.152252364903688431e-03
7.144390139728784561e-03
7.138253189623355865e-03
7.134953979402780533e-03
7.131527177989482880e-03
7.126324810087680817e-03
7.124671246856451035e-03
7.123565301299095154e-03
7.122692652046680450e-03
7.121643051505088806e-03
7.120421621948480606e-03
7.118439767509698868e-03
7.115902844816446304e-03
7.113450672477483749e-03
7.111876271665096283e-03
7.109856233000755310e-03
7.107712328433990479e-03
7.105787284672260284e-03
7.104348856955766678e-03
7.103364448994398117e-03
7.101132534444332123e-03
7.098321802914142609e-03
7.097675930708646774e-03
7.093889638781547546e-03
7.092692889273166656e-03
7.091386709362268448e-03
7.090537343174219131e-03
7.088844664394855499e-03
7.086465135216712952e-03
7.085210643708705902e-03
7.083824370056390762e-03
7.081914227455854416e-03
7.080342620611190796e-03
7.078060880303382874e-03
7.075263652950525284e-03
7.072824984788894653e-03
7.070010993629693985e-03
7.065526209771633148e-03
7.063807453960180283e-03
7.060071453452110291e-03
7.058100309222936630e-03
7.056202739477157593e-03
7.054431363940238953e-03
7.049614097923040390e-03
7.041112519800662994e-03
7.036387920379638672e-03
7.027658633887767792e-03
7.019152864813804626e-03
7.016976363956928253e-03
7.014409638941287994e-03
7.012379355728626251e-03
7.009961176663637161e-03
7.007067091763019562e-03
7.002458907663822174e-03
6.998439319431781769e-03
6.992731243371963501e-03
6.989190820604562759e-03
6.985997315496206284e-03
6.982756778597831726e-03
6.979947909712791443e-03
6.976720876991748810e-03
6.973273120820522308e-03
6.968880537897348404e-03
6.967097520828247070e-03
6.963624618947505951e-03
6.961235310882329941e-03
6.959160324186086655e-03
6.956968456506729126e-03
6.953769363462924957e-03
6.950460374355316162e-03
6.949798204004764557e-03
6.948291789740324020e-03
6.947501096874475479e-03
6.946143694221973419e-03
6.943867541849613190e-03
6.941094063222408295e-03
6.937421858310699463e-03
6.932586431503295898e-03
6.929061841219663620e-03
6.926354952156543732e-03
6.924907211214303970e-03
6.923941895365715027e-03
6.922051310539245605e-03
6.921159103512763977e-03
6.920290179550647736e-03
6.919341627508401871e-03
6.917834281921386719e-03
6.916848011314868927e-03
6.915491539984941483e-03
6.915048230439424515e-03
6.914149038493633270e-03
6.914016790688037872e-03
6.913026794791221619e-03
6.912571378052234650e-03
6.912098266184329987e-03
6.911657750606536865e-03
6.911018397659063339e-03
6.910145282745361328e-03
6.908871233463287354e-03
6.908372510224580765e-03
6.907353177666664124e-03
6.905971560627222061e-03
6.903699599206447601e-03
6.901562679558992386e-03
6.898844614624977112e-03
6.896248552948236465e-03
6.894141901284456253e-03
6.892012897878885269e-03
6.890256889164447784e-03
6.887886673212051392e-03
6.885663606226444244e-03
6.884744390845298767e-03
6.883704103529453278e-03
6.882872432470321655e-03
6.881386972963809967e-03
6.879697553813457489e-03
6.878403481096029282e-03
6.877483334392309189e-03
6.876418367028236389e-03
6.875204853713512421e-03
6.873181555420160294e-03
6.871505640447139740e-03
6.870021112263202667e-03
6.868917495012283325e-03
6.867635063827037811e-03
6.863432470709085464e-03
6.858218461275100708e-03
6.855055689811706543e-03
6.852902472019195557e-03
6.851519457995891571e-03
6.849239580333232880e-03
6.846629083156585693e-03
6.843159906566143036e-03
6.842766422778367996e-03
6.839131005108356476e-03
6.837440188974142075e-03
6.835666950792074203e-03
6.835101172327995300e-03
6.833526771515607834e-03
6.832459941506385803e-03
6.831054110080003738e-03
6.829381920397281647e-03
6.829156540334224701e-03
6.827219389379024506e-03
6.826382596045732498e-03
6.825210992246866226e-03
6.823940202593803406e-03
6.821045652031898499e-03
6.819424685090780258e-03
6.816755514591932297e-03
6.813358049839735031e-03
6.811569444835186005e-03
6.809600163251161575e-03
6.808480247855186462e-03
6.807103287428617477e-03
6.805968936532735825e-03
6.804727949202060699e-03
6.803962867707014084e-03
6.803252268582582474e-03
6.802364718168973923e-03
6.800907664000988007e-03
6.799106020480394363e-03
6.797646172344684601e-03
6.796590518206357956e-03
6.794176064431667328e-03
6.790671497583389282e-03
6.785855162888765335e-03
6.784051656723022461e-03
6.781938020139932632e-03
6.780551746487617493e-03
6.779617164283990860e-03
6.778296083211898804e-03
6.776420865207910538e-03
6.774354726076126099e-03
6.770655512809753418e-03
6.769613362848758698e-03
6.767064798623323441e-03
6.764817982912063599e-03
6.762706674635410309e-03
6.761721335351467133e-03
6.759746931493282318e-03
6.757093127816915512e-03
6.754624191671609879e-03
6.751972250640392303e-03
6.750215776264667511e-03
6.747944280505180359e-03
6.745337508618831635e-03
6.741289515048265457e-03
6.740549113601446152e-03
6.735835224390029907e-03
6.733949296176433563e-03
6.731884554028511047e-03
6.729814689606428146e-03
6.727781146764755249e-03
6.725887767970561981e-03
6.724476814270019531e-03
6.723091937601566315e-03
6.721123121678829193e-03
6.718646269291639328e-03
6.716493517160415649e-03
6.713858339935541153e-03
6.710810586810112000e-03
6.708397064357995987e-03
6.705492269247770309e-03
6.702894344925880432e-03
6.700075231492519379e-03
6.696342024952173233e-03
6.694078445434570312e-03
6.691375281661748886e-03
6.689089350402355194e-03
6.686058361083269119e-03
6.682710722088813782e-03
6.678282283246517181e-03
6.673651747405529022e-03
6.669767666608095169e-03
6.666213274002075195e-03
6.662202998995780945e-03
6.658286321908235550e-03
6.652618758380413055e-03
6.644215900450944901e-03
6.634935736656188965e-03
6.631829775869846344e-03
6.623598281294107437e-03
6.613600999116897583e-03
6.603728979825973511e-03
6.594717502593994141e-03
6.588953081518411636e-03
6.583241280168294907e-03
6.577652879059314728e-03
6.570635363459587097e-03
6.565294228494167328e-03
6.563283968716859818e-03
6.561747286468744278e-03
6.560128647834062576e-03
6.556801497936248779e-03
6.551708094775676727e-03
6.543911527842283249e-03
6.539974361658096313e-03
6.534470245242118835e-03
6.532026920467615128e-03
6.529489066451787949e-03
6.526663899421691895e-03
6.523913703858852386e-03
6.520846392959356308e-03
6.517403293401002884e-03
6.513111758977174759e-03
6.512206979095935822e-03
6.507719866931438446e-03
6.505797151476144791e-03
6.502706091850996017e-03
6.498698610812425613e-03
6.491561420261859894e-03
6.486731581389904022e-03
6.482093594968318939e-03
6.478532683104276657e-03
6.474489811807870865e-03
6.470457650721073151e-03
6.465955171734094620e-03
6.463276222348213196e-03
6.459479685872793198e-03
6.456452421844005585e-03
6.453300826251506805e-03
6.451093591749668121e-03
6.448556203395128250e-03
6.446100771427154541e-03
6.444610655307769775e-03
6.442558020353317261e-03
6.440151948481798172e-03
6.437707692384719849e-03
6.435815244913101196e-03
6.434214301407337189e-03
6.432874593883752823e-03
6.431799381971359253e-03
6.430793553590774536e-03
6.429590750485658646e-03
6.427563726902008057e-03
6.426610983908176422e-03
6.423989310860633850e-03
6.422726437449455261e-03
6.422215607017278671e-03
6.421817000955343246e-03
6.421325728297233582e-03
6.420070305466651917e-03
6.419071462005376816e-03
6.418003235012292862e-03
6.417360156774520874e-03
6.416658405214548111e-03
6.415911018848419189e-03
6.415281444787979126e-03
6.414548959583044052e-03
6.413741502910852432e-03
6.412948481738567352e-03
6.412216462194919586e-03
6.411707494407892227e-03
6.410904228687286377e-03
6.410641130059957504e-03
6.410364527255296707e-03
6.409598980098962784e-03
6.408089771866798401e-03
6.406638771295547485e-03
6.405227817595005035e-03
6.404089275747537613e-03
6.403078325092792511e-03
6.400527432560920715e-03
6.397646386176347733e-03
6.395041011273860931e-03
6.392099894583225250e-03
6.390753202140331268e-03
6.389679387211799622e-03
6.388441659510135651e-03
6.387043278664350510e-03
6.386197172105312347e-03
6.385404150933027267e-03
6.384964101016521454e-03
6.384142208844423294e-03
6.383671425282955170e-03
6.382796913385391235e-03
6.381444633007049561e-03
6.380851846188306808e-03
6.380111444741487503e-03
6.379443686455488205e-03
6.378196179866790771e-03
6.376054137945175171e-03
6.374784279614686966e-03
6.371818948537111282e-03
6.370422430336475372e-03
6.369343493133783340e-03
6.367792841047048569e-03
6.366155575960874557e-03
6.364216096699237823e-03
6.361643783748149872e-03
6.359230726957321167e-03
6.357350852340459824e-03
6.355789024382829666e-03
6.355236284434795380e-03
6.354296114295721054e-03
6.353674922138452530e-03
6.352855823934078217e-03
6.352295167744159698e-03
6.351050455123186111e-03
6.348616909235715866e-03
6.346004083752632141e-03
6.344459485262632370e-03
6.343271583318710327e-03
6.342286709696054459e-03
6.340901367366313934e-03
6.339361891150474548e-03
6.338129751384258270e-03
6.336275488138198853e-03
6.335968151688575745e-03
6.333857774734497070e-03
6.332909222692251205e-03
6.331412121653556824e-03
6.330022588372230530e-03
6.329245399683713913e-03
6.328118499368429184e-03
6.327078677713871002e-03
6.326452363282442093e-03
6.325510796159505844e-03
6.325375754386186600e-03
6.323808338493108749e-03
6.323114503175020218e-03
6.322065368294715881e-03
6.321201100945472717e-03
6.320373620837926865e-03
6.318787112832069397e-03
6.317005958408117294e-03
6.314939819276332855e-03
6.311058066785335541e-03
6.309975404292345047e-03
6.307707168161869049e-03
6.306197494268417358e-03
6.304960697889328003e-03
6.303005386143922806e-03
6.300822831690311432e-03
6.300334352999925613e-03
6.297925487160682678e-03
6.297008134424686432e-03
6.296480074524879456e-03
6.295753177255392075e-03
6.294783670455217361e-03
6.294307298958301544e-03
6.293765269219875336e-03
6.293544545769691467e-03
6.293113343417644501e-03
6.292769219726324081e-03
6.292726844549179077e-03
6.292485632002353668e-03
6.292408797889947891e-03
6.292133126407861710e-03
6.292133126407861710e-03
6.292133126407861710e-03
