1.870174980163574219e+01
1.870174980163574219e+01
1.868733596801757812e+01
1.868164825439453125e+01
1.866691017150878906e+01
1.863880157470703125e+01
1.859424591064453125e+01
1.853614807128906250e+01
1.847114181518554688e+01
1.840735626220703125e+01
1.835885238647460938e+01
1.832339477539062500e+01
1.824735832214355469e+01
1.803899765014648438e+01
1.773277854919433594e+01
1.744422340393066406e+01
1.713086318969726562e+01
1.669697952270507812e+01
1.603429985046386719e+01
1.510240650177001953e+01
1.522684288024902344e+01
1.454200839996337891e+01
1.470006847381591797e+01
1.410299110412597656e+01
1.340762519836425781e+01
1.337370395660400391e+01
1.343300342559814453e+01
1.322609901428222656e+01
1.297387027740478516e+01
1.288880348205566406e+01
1.300258636474609375e+01
1.299741172790527344e+01
1.290987491607666016e+01
1.280195617675781250e+01
1.276844310760498047e+01
1.274134063720703125e+01
1.264747333526611328e+01
1.247255897521972656e+01
1.237465667724609375e+01
1.236255836486816406e+01
1.231618309020996094e+01
1.222537803649902344e+01
1.217345619201660156e+01
1.213806247711181641e+01
1.208756160736083984e+01
1.199421405792236328e+01
1.188275241851806641e+01
1.180293941497802734e+01
1.172298526763916016e+01
1.160120105743408203e+01
1.148382568359375000e+01
1.133277416229248047e+01
1.116001605987548828e+01
1.097872447967529297e+01
1.074982738494873047e+01
1.051264858245849609e+01
1.024054336547851562e+01
9.986600875854492188e+00
9.779791831970214844e+00
9.675482749938964844e+00
1.000749683380126953e+01
1.109586906433105469e+01
9.514101028442382812e+00
9.668478012084960938e+00
9.161170005798339844e+00
9.380101203918457031e+00
8.850813865661621094e+00
9.206846237182617188e+00
8.538263320922851562e+00
8.951164245605468750e+00
8.193881034851074219e+00
8.734841346740722656e+00
8.124188423156738281e+00
8.559998512268066406e+00
8.027276992797851562e+00
8.370242118835449219e+00
7.945693492889404297e+00
8.221308708190917969e+00
7.883993148803710938e+00
8.129924774169921875e+00
7.797024726867675781e+00
7.926716804504394531e+00
7.668024539947509766e+00
7.824273586273193359e+00
7.610325813293457031e+00
7.695548057556152344e+00
7.512151718139648438e+00
7.549095153808593750e+00
7.458888530731201172e+00
7.426673889160156250e+00
7.404926300048828125e+00
7.293770313262939453e+00
7.331850528717041016e+00
7.247714042663574219e+00
7.230347156524658203e+00
7.181844711303710938e+00
7.153463363647460938e+00
7.078043460845947266e+00
7.047655105590820312e+00
7.059567928314208984e+00
6.972302913665771484e+00
6.931094169616699219e+00
6.914236068725585938e+00
6.890086650848388672e+00
6.889904975891113281e+00
6.838865280151367188e+00
6.770511627197265625e+00
6.732509136199951172e+00
6.700576782226562500e+00
6.672743320465087891e+00
6.687881469726562500e+00
6.800145149230957031e+00
6.933524131774902344e+00
6.962899684906005859e+00
6.576988697052001953e+00
6.556643486022949219e+00
6.772698402404785156e+00
6.542053699493408203e+00
6.399733543395996094e+00
6.542072772979736328e+00
6.439328670501708984e+00
6.294925212860107422e+00
6.360105514526367188e+00
6.333790302276611328e+00
6.217080116271972656e+00
6.213083267211914062e+00
6.229742050170898438e+00
6.167500495910644531e+00
6.118361473083496094e+00
6.134138584136962891e+00
6.116425991058349609e+00
6.050320625305175781e+00
6.013836860656738281e+00
6.007040500640869141e+00
5.986403465270996094e+00
5.969405651092529297e+00
5.961418628692626953e+00
5.984946250915527344e+00
6.002980709075927734e+00
6.001670837402343750e+00
5.987874984741210938e+00
5.849545478820800781e+00
5.728846549987792969e+00
5.818447113037109375e+00
5.852651119232177734e+00
5.848856925964355469e+00
5.832911968231201172e+00
5.733240127563476562e+00
5.814301013946533203e+00
5.830130577087402344e+00
5.746186256408691406e+00
5.599611282348632812e+00
5.417968273162841797e+00
5.542166709899902344e+00
5.526797771453857422e+00
5.511754512786865234e+00
5.439228534698486328e+00
5.504830360412597656e+00
5.637963294982910156e+00
5.494227409362792969e+00
5.274262905120849609e+00
5.165284156799316406e+00
5.239854812622070312e+00
5.303164482116699219e+00
5.198243618011474609e+00
5.092068195343017578e+00
5.061762809753417969e+00
5.139495372772216797e+00
5.156652450561523438e+00
5.084040641784667969e+00
4.956954002380371094e+00
4.932421684265136719e+00
4.959580421447753906e+00
5.033048629760742188e+00
5.022999763488769531e+00
4.975032806396484375e+00
4.880220413208007812e+00
4.846324920654296875e+00
4.900748252868652344e+00
5.077419281005859375e+00
5.475636005401611328e+00
5.945034027099609375e+00
5.605774402618408203e+00
4.867635726928710938e+00
5.174649238586425781e+00
5.576821327209472656e+00
5.039213180541992188e+00
4.929701805114746094e+00
5.235342502593994141e+00
4.828203201293945312e+00
4.848535060882568359e+00
5.100355148315429688e+00
4.779475688934326172e+00
4.885645866394042969e+00
4.912326335906982422e+00
4.672834396362304688e+00
4.827888488769531250e+00
4.769889354705810547e+00
4.676585197448730469e+00
4.821535110473632812e+00
4.724581718444824219e+00
4.616775989532470703e+00
4.612789630889892578e+00
4.612310886383056641e+00
4.611403465270996094e+00
4.610547065734863281e+00
4.609125137329101562e+00
4.607422828674316406e+00
4.605679512023925781e+00
4.599710941314697266e+00
4.592190265655517578e+00
4.575477600097656250e+00
4.548910140991210938e+00
4.536534309387207031e+00
4.518317222595214844e+00
4.512962818145751953e+00
4.509137630462646484e+00
4.503949642181396484e+00
4.496041297912597656e+00
4.485595226287841797e+00
4.466531753540039062e+00
4.443461894989013672e+00
4.425703525543212891e+00
4.419435024261474609e+00
4.407189369201660156e+00
4.404194355010986328e+00
4.399806976318359375e+00
4.395826816558837891e+00
4.381900310516357422e+00
4.353831291198730469e+00
4.334222793579101562e+00
4.308356285095214844e+00
4.299817085266113281e+00
4.290225028991699219e+00
4.284512996673583984e+00
4.272101879119873047e+00
4.252471446990966797e+00
4.225869655609130859e+00
4.206327438354492188e+00
4.195523262023925781e+00
4.183262348175048828e+00
4.172634601593017578e+00
4.163452148437500000e+00
4.154717922210693359e+00
4.146390438079833984e+00
4.130355358123779297e+00
4.107716560363769531e+00
4.059846878051757812e+00
4.033374309539794922e+00
3.996273994445800781e+00
3.966346979141235352e+00
3.954074859619140625e+00
3.938623189926147461e+00
3.902282714843750000e+00
3.879634857177734375e+00
3.853036642074584961e+00
3.834288597106933594e+00
3.813248634338378906e+00
3.785031795501708984e+00
3.760617733001708984e+00
3.719811201095581055e+00
3.676639556884765625e+00
3.606437921524047852e+00
3.534191370010375977e+00
3.431042909622192383e+00
3.356402158737182617e+00
3.216198921203613281e+00
3.150117397308349609e+00
3.014816999435424805e+00
2.935063838958740234e+00
2.860171556472778320e+00
2.797549009323120117e+00
2.740393877029418945e+00
2.670644044876098633e+00
2.621610641479492188e+00
2.558593511581420898e+00
2.511509180068969727e+00
2.457301616668701172e+00
2.391944408416748047e+00
2.358024835586547852e+00
2.328266620635986328e+00
2.288895368576049805e+00
2.255667209625244141e+00
2.203008890151977539e+00
2.149657011032104492e+00
2.098650217056274414e+00
2.047513008117675781e+00
1.972837090492248535e+00
1.924452543258666992e+00
1.828191280364990234e+00
1.757441282272338867e+00
1.695705652236938477e+00
1.647752046585083008e+00
1.618170380592346191e+00
1.591266155242919922e+00
1.569566845893859863e+00
1.539883136749267578e+00
1.500403404235839844e+00
1.477199792861938477e+00
1.447634220123291016e+00
1.372438788414001465e+00
1.312924146652221680e+00
1.252527713775634766e+00
1.210573196411132812e+00
1.183424115180969238e+00
1.152160763740539551e+00
1.116220355033874512e+00
1.069113612174987793e+00
9.888889193534851074e-01
9.515380859375000000e-01
9.125695228576660156e-01
8.896360397338867188e-01
8.742055296897888184e-01
8.588910102844238281e-01
8.259829282760620117e-01
8.074261546134948730e-01
7.658649682998657227e-01
7.447547912597656250e-01
7.092295885086059570e-01
6.563635468482971191e-01
6.317078471183776855e-01
6.000653505325317383e-01
5.854179859161376953e-01
5.741799473762512207e-01
5.510708093643188477e-01
5.365343093872070312e-01
5.170279741287231445e-01
4.838921129703521729e-01
4.748963713645935059e-01
4.436283707618713379e-01
4.343951642513275146e-01
4.262302517890930176e-01
4.164617061614990234e-01
4.140845537185668945e-01
4.060452580451965332e-01
4.026094377040863037e-01
3.945305049419403076e-01
3.880310654640197754e-01
3.793640732765197754e-01
3.732714354991912842e-01
3.659985065460205078e-01
3.591617941856384277e-01
3.515895307064056396e-01
3.466343879699707031e-01
3.400576710700988770e-01
3.340533971786499023e-01
3.256511390209197998e-01
3.122942447662353516e-01
3.048430383205413818e-01
2.947943806648254395e-01
2.873089313507080078e-01
2.821607887744903564e-01
2.780385613441467285e-01
2.736377716064453125e-01
2.677779197692871094e-01
2.633509039878845215e-01
2.543975114822387695e-01
2.466152310371398926e-01
2.399835586547851562e-01
2.368498146533966064e-01
2.328930199146270752e-01
2.291607260704040527e-01
2.237484753131866455e-01
2.170156538486480713e-01
2.098657637834548950e-01
2.026322633028030396e-01
1.939848810434341431e-01
1.890128999948501587e-01
1.838830411434173584e-01
1.801390945911407471e-01
1.782735884189605713e-01
1.760906130075454712e-01
1.739109605550765991e-01
1.716568171977996826e-01
1.695430576801300049e-01
1.674658358097076416e-01
1.637960672378540039e-01
1.573124676942825317e-01
1.539933681488037109e-01
1.487695872783660889e-01
1.450865566730499268e-01
1.419553607702255249e-01
1.397153735160827637e-01
1.379830837249755859e-01
1.353923678398132324e-01
1.318828314542770386e-01
1.293870657682418823e-01
1.255429536104202271e-01
1.216634288430213928e-01
1.172909736633300781e-01
1.137366816401481628e-01
1.113453954458236694e-01
1.084754019975662231e-01
1.078011393547058105e-01
1.071698069572448730e-01
1.062316000461578369e-01
1.050252020359039307e-01
1.048089489340782166e-01
1.026620119810104370e-01
1.016006767749786377e-01
1.003553867340087891e-01
9.899938106536865234e-02
9.806969761848449707e-02
9.757619351148605347e-02
9.678059816360473633e-02
9.594734013080596924e-02
9.462532401084899902e-02
9.384641051292419434e-02
9.241662919521331787e-02
9.127344191074371338e-02
9.020116180181503296e-02
8.916807174682617188e-02
8.837056159973144531e-02
8.770164102315902710e-02
8.696502447128295898e-02
8.599029481410980225e-02
8.494529128074645996e-02
8.417634665966033936e-02
8.311661332845687866e-02
8.226615935564041138e-02
8.114870637655258179e-02
8.022691309452056885e-02
7.944011688232421875e-02
7.864989340305328369e-02
7.749711722135543823e-02
7.677685469388961792e-02
7.632575184106826782e-02
7.591225206851959229e-02
7.551858574151992798e-02
7.480841875076293945e-02
7.424266636371612549e-02
7.376725226640701294e-02
7.331203669309616089e-02
7.288116216659545898e-02
7.236951589584350586e-02
7.205025851726531982e-02
7.157111912965774536e-02
7.099217921495437622e-02
7.010976970195770264e-02
6.906215101480484009e-02
6.855089962482452393e-02
6.805891543626785278e-02
6.779590994119644165e-02
6.759187579154968262e-02
6.717143952846527100e-02
6.676561385393142700e-02
6.632446497678756714e-02
6.559830904006958008e-02
6.489311158657073975e-02
6.427082419395446777e-02
6.392519176006317139e-02
6.358154863119125366e-02
6.333905458450317383e-02
6.315197050571441650e-02
6.293499469757080078e-02
6.259774416685104370e-02
6.217291206121444702e-02
6.180302798748016357e-02
6.148575618863105774e-02
6.116819009184837341e-02
6.081309542059898376e-02
6.049873307347297668e-02
6.026214733719825745e-02
5.997708439826965332e-02
5.963188782334327698e-02
5.942649766802787781e-02
5.927487462759017944e-02
5.912172049283981323e-02
5.895708501338958740e-02
5.862284824252128601e-02
5.813574790954589844e-02
5.742152780294418335e-02
5.671948194503784180e-02
5.611472576856613159e-02
5.585155636072158813e-02
5.561276897788047791e-02
5.547135323286056519e-02
5.533587932586669922e-02
5.514780431985855103e-02
5.491137877106666565e-02
5.460914224386215210e-02
5.424622818827629089e-02
5.372821539640426636e-02
5.320139229297637939e-02
5.245986953377723694e-02
5.172938108444213867e-02
5.116458609700202942e-02
5.049046874046325684e-02
4.996447265148162842e-02
4.962374269962310791e-02
4.939661175012588501e-02
4.920848831534385681e-02
4.904895275831222534e-02
4.888706281781196594e-02
4.868747666478157043e-02
4.834072664380073547e-02
4.779667779803276062e-02
4.722273349761962891e-02
4.667380079627037048e-02
4.618378356099128723e-02
4.581671580672264099e-02
4.541078954935073853e-02
4.507077485322952271e-02
4.489750042557716370e-02
4.467918723821640015e-02
4.435734078288078308e-02
4.410643503069877625e-02
4.377119243144989014e-02
4.326103627681732178e-02
4.292620345950126648e-02
4.259131103754043579e-02
4.216413944959640503e-02
4.173006117343902588e-02
4.114714264869689941e-02
4.085052758455276489e-02
4.057966172695159912e-02
4.026451706886291504e-02
3.955712169408798218e-02
3.886029496788978577e-02
3.831338882446289062e-02
3.801019862294197083e-02
3.785637766122817993e-02
3.766274452209472656e-02
3.740290552377700806e-02
3.723295778036117554e-02
3.694032132625579834e-02
3.666019812226295471e-02
3.646134957671165466e-02
3.629436343908309937e-02
3.621362894773483276e-02
3.614750877022743225e-02
3.609305620193481445e-02
3.593576326966285706e-02
3.575156256556510925e-02
3.550713881850242615e-02
3.523427620530128479e-02
3.495523333549499512e-02
3.475060313940048218e-02
3.454555571079254150e-02
3.432603180408477783e-02
3.412055969238281250e-02
3.388227522373199463e-02
3.374061360955238342e-02
3.361754119396209717e-02
3.346754610538482666e-02
3.320088237524032593e-02
3.301040083169937134e-02
3.273070231080055237e-02
3.243834897875785828e-02
3.215508535504341125e-02
3.182087838649749756e-02
3.154957666993141174e-02
3.124770708382129669e-02
3.083068504929542542e-02
3.044405765831470490e-02
3.037836402654647827e-02
2.983179502189159393e-02
2.965970337390899658e-02
2.950728870928287506e-02
2.926940657198429108e-02
2.913889475166797638e-02
2.900772169232368469e-02
2.890378236770629883e-02
2.874236553907394409e-02
2.853605896234512329e-02
2.835752815008163452e-02
2.817579917609691620e-02
2.801039442420005798e-02
2.778502367436885834e-02
2.758628129959106445e-02
2.740148827433586121e-02
2.727460674941539764e-02
2.713241614401340485e-02
2.686440199613571167e-02
2.672462910413742065e-02
2.629004605114459991e-02
2.613434009253978729e-02
2.603791467845439911e-02
2.594780921936035156e-02
2.582736499607563019e-02
2.571298368275165558e-02
2.562619559466838837e-02
2.546993456780910492e-02
2.527116052806377411e-02
2.514187619090080261e-02
2.504393085837364197e-02
2.492777630686759949e-02
2.483638562262058258e-02
2.466737665235996246e-02
2.448397502303123474e-02
2.436922490596771240e-02
2.414442226290702820e-02
2.403737977147102356e-02
2.395796030759811401e-02
2.388280071318149567e-02
2.382806874811649323e-02
2.375979162752628326e-02
2.366881445050239563e-02
2.360560745000839233e-02
2.345385402441024780e-02
2.329308167099952698e-02
2.313929982483386993e-02
2.304215356707572937e-02
2.294967323541641235e-02
2.286368608474731445e-02
2.276452071964740753e-02
2.263127453625202179e-02
2.250430919229984283e-02
2.238170802593231201e-02
2.221730723977088928e-02
2.203033119440078735e-02
2.176864631474018097e-02
2.154655568301677704e-02
2.140498533844947815e-02
2.122221887111663818e-02
2.116545476019382477e-02
2.108397334814071655e-02
2.103323489427566528e-02
2.098499797284603119e-02
2.094326540827751160e-02
2.085099369287490845e-02
2.074917405843734741e-02
2.067574672400951385e-02
2.059163525700569153e-02
2.047930657863616943e-02
2.042717114090919495e-02
2.032040804624557495e-02
2.026793733239173889e-02
2.022082917392253876e-02
2.015294320881366730e-02
2.008194662630558014e-02
2.003287337720394135e-02
1.998230442404747009e-02
1.992962695658206940e-02
1.984294317662715912e-02
1.974225789308547974e-02
1.964684762060642242e-02
1.955137029290199280e-02
1.946431212127208710e-02
1.938019692897796631e-02
1.930409111082553864e-02
1.923041045665740967e-02
1.916850730776786804e-02
1.908198930323123932e-02
1.896002143621444702e-02
1.875521056354045868e-02
1.867548748850822449e-02
1.858388446271419525e-02
1.852891035377979279e-02
1.848166622221469879e-02
1.840896904468536377e-02
1.839234121143817902e-02
1.827096566557884216e-02
1.822954975068569183e-02
1.817045360803604126e-02
1.810890063643455505e-02
1.804344728589057922e-02
1.789317093789577484e-02
1.780237443745136261e-02
1.772334240376949310e-02
1.766111515462398529e-02
1.763437688350677490e-02
1.757456734776496887e-02
1.754774339497089386e-02
1.748001761734485626e-02
1.743946969509124756e-02
1.739534363150596619e-02
1.735320687294006348e-02
1.729096472263336182e-02
1.721733063459396362e-02
1.712217740714550018e-02
1.703646779060363770e-02
1.693920604884624481e-02
1.683764904737472534e-02
1.672787964344024658e-02
1.657711714506149292e-02
1.637061499059200287e-02
1.627165824174880981e-02
1.609424501657485962e-02
1.601366139948368073e-02
1.593315415084362030e-02
1.585660874843597412e-02
1.579917408525943756e-02
1.573047414422035217e-02
1.570156961679458618e-02
1.565140858292579651e-02
1.557036954909563065e-02
1.553480606526136398e-02
1.542601920664310455e-02
1.537481322884559631e-02
1.532221958041191101e-02
1.523190177977085114e-02
1.508058421313762665e-02
1.499166898429393768e-02
1.488000433892011642e-02
1.480766758322715759e-02
1.477777771651744843e-02
1.473606936633586884e-02
1.471188291907310486e-02
1.468234322965145111e-02
1.465609390288591385e-02
1.462919637560844421e-02
1.460144482553005219e-02
1.456237025558948517e-02
1.448233611881732941e-02
1.442040037363767624e-02
1.436696108430624008e-02
1.430961582809686661e-02
1.428189221769571304e-02
1.425391249358654022e-02
1.420944463461637497e-02
1.416750438511371613e-02
1.412553805857896805e-02
1.407630182802677155e-02
1.404526736587285995e-02
1.400950178503990173e-02
1.397587545216083527e-02
1.394916884601116180e-02
1.391040813177824020e-02
1.387191936373710632e-02
1.381829753518104553e-02
1.374276075512170792e-02
1.364890020340681076e-02
1.362949516624212265e-02
1.355969533324241638e-02
1.354412455111742020e-02
1.352778542786836624e-02
1.350715197622776031e-02
1.346576213836669922e-02
1.342123001813888550e-02
1.339433901011943817e-02
1.337398774921894073e-02
1.336598489433526993e-02
1.334927231073379517e-02
1.332891732454299927e-02
1.331166084855794907e-02
1.329046674072742462e-02
1.326027512550354004e-02
1.324044074863195419e-02
1.317845657467842102e-02
1.311568077653646469e-02
1.305004581809043884e-02
1.298425719141960144e-02
1.293283607810735703e-02
1.282845064997673035e-02
1.273558102548122406e-02
1.265073195099830627e-02
1.257965061813592911e-02
1.251725107431411743e-02
1.244562584906816483e-02
1.238089147955179214e-02
1.230869907885789871e-02
1.228424534201622009e-02
1.223440840840339661e-02
1.219318900257349014e-02
1.216111145913600922e-02
1.211940869688987732e-02
1.207605097442865372e-02
1.203590258955955505e-02
1.202009897679090500e-02
1.200811564922332764e-02
1.199637353420257568e-02
1.197487581521272659e-02
1.195791084319353104e-02
1.194037590175867081e-02
1.192061230540275574e-02
1.190690323710441589e-02
1.189383119344711304e-02
1.187938079237937927e-02
1.185509376227855682e-02
1.183302979916334152e-02
1.181042660027742386e-02
1.178952958434820175e-02
1.176423206925392151e-02
1.174043305218219757e-02
1.170110050588846207e-02
1.168523915112018585e-02
1.165775954723358154e-02
1.163590606302022934e-02
1.161829847842454910e-02
1.160162407904863358e-02
1.158661115914583206e-02
1.156784221529960632e-02
1.155027933418750763e-02
1.153923477977514267e-02
1.151960995048284531e-02
1.146581117063760757e-02
1.143692340701818466e-02
1.136472634971141815e-02
1.133083086460828781e-02
1.130384579300880432e-02
1.128132361918687820e-02
1.126591023057699203e-02
1.124096475541591644e-02
1.122634764760732651e-02
1.120012160390615463e-02
1.116721797734498978e-02
1.113652437925338745e-02
1.109230890870094299e-02
1.104640308767557144e-02
1.101056952029466629e-02
1.097037084400653839e-02
1.093061640858650208e-02
1.087413635104894638e-02
1.077464129775762558e-02
1.071799639612436295e-02
1.062697451561689377e-02
1.055669784545898438e-02
1.051627751439809799e-02
1.047614496201276779e-02
1.043281331658363342e-02
1.036622654646635056e-02
1.028163265436887741e-02
1.021838467568159103e-02
1.015861146152019501e-02
1.015086844563484192e-02
1.012220792472362518e-02
1.011412870138883591e-02
1.010778825730085373e-02
1.009835954755544662e-02
1.008327584713697433e-02
1.007239986211061478e-02
1.005886401981115341e-02
1.004434283822774887e-02
1.001570094376802444e-02
9.995180182158946991e-03
9.974794462323188782e-03
9.958523325622081757e-03
9.945116937160491943e-03
9.926577098667621613e-03
9.906326420605182648e-03
9.889047592878341675e-03
9.872917085886001587e-03
9.852012619376182556e-03
9.834026917815208435e-03
9.816370904445648193e-03
9.799112565815448761e-03
9.790268726646900177e-03
9.779390878975391388e-03
9.757159277796745300e-03
9.741385467350482941e-03
9.713667444884777069e-03
9.688289836049079895e-03
9.659663774073123932e-03
9.639556519687175751e-03
9.617981500923633575e-03
9.599674493074417114e-03
9.572317823767662048e-03
9.543320164084434509e-03
9.514328092336654663e-03
9.488495066761970520e-03
9.459240362048149109e-03
9.428706020116806030e-03
9.404223412275314331e-03
9.380762465298175812e-03
9.352738037705421448e-03
9.326071478426456451e-03
9.287077933549880981e-03
9.266004897654056549e-03
9.238442406058311462e-03
9.224077686667442322e-03
9.210668504238128662e-03
9.181439876556396484e-03
9.151897393167018890e-03
9.126737713813781738e-03
9.105677716434001923e-03
9.090125560760498047e-03
9.081162512302398682e-03
9.065874852240085602e-03
9.051455184817314148e-03
9.036621078848838806e-03
9.023709222674369812e-03
9.013995528221130371e-03
8.996605873107910156e-03
8.979164995253086090e-03
8.955441415309906006e-03
8.928800001740455627e-03
8.920850232243537903e-03
8.908464573323726654e-03
8.904238231480121613e-03
8.892649784684181213e-03
8.877981454133987427e-03
8.869243785738945007e-03
8.856163360178470612e-03
8.846668526530265808e-03
8.834241889417171478e-03
8.810453116893768311e-03
8.779634721577167511e-03
8.737195283174514771e-03
8.700276724994182587e-03
8.665677160024642944e-03
8.629828691482543945e-03
8.573969826102256775e-03
8.542302995920181274e-03
8.494481444358825684e-03
8.450438268482685089e-03
8.403815329074859619e-03
8.393149822950363159e-03
8.340327069163322449e-03
8.323129266500473022e-03
8.302871137857437134e-03
8.288235403597354889e-03
8.274115622043609619e-03
8.260508999228477478e-03
8.248237892985343933e-03
8.223444223403930664e-03
8.194901980459690094e-03
8.162816055119037628e-03
8.133193477988243103e-03
8.112224750220775604e-03
8.093793876469135284e-03
8.077462203800678253e-03
8.063491433858871460e-03
8.044118061661720276e-03
8.028240874409675598e-03
8.013242855668067932e-03
7.994747720658779144e-03
7.980672642588615417e-03
7.964650169014930725e-03
7.945179007947444916e-03
7.916104979813098907e-03
7.899885997176170349e-03
7.877610623836517334e-03
7.860984653234481812e-03
7.853188551962375641e-03
7.837397046387195587e-03
7.825723849236965179e-03
7.811781950294971466e-03
7.793164346367120743e-03
7.763280998915433884e-03
7.751084864139556885e-03
7.736082654446363449e-03
7.727900985628366470e-03
7.721380796283483505e-03
7.709091529250144958e-03
7.693680003285408020e-03
7.678811438381671906e-03
7.663490250706672668e-03
7.652498781681060791e-03
7.642231415957212448e-03
7.626529783010482788e-03
7.610683795064687729e-03
7.597520481795072556e-03
7.586887106299400330e-03
7.580654695630073547e-03
7.574685383588075638e-03
7.568181492388248444e-03
7.556472904980182648e-03
7.551261223852634430e-03
7.545906584709882736e-03
7.541058585047721863e-03
7.525243796408176422e-03
7.509374059736728668e-03
7.501090876758098602e-03
7.488119415938854218e-03
7.471762597560882568e-03
7.432173937559127808e-03
7.398092187941074371e-03
7.358506321907043457e-03
7.335972040891647339e-03
7.322145625948905945e-03
7.302153389900922775e-03
7.276301272213459015e-03
7.235173135995864868e-03
7.217633537948131561e-03
7.195849902927875519e-03
7.170022465288639069e-03
7.120906375348567963e-03
7.077529095113277435e-03
7.030896842479705811e-03
6.995024159550666809e-03
6.967072375118732452e-03
6.934504024684429169e-03
6.909392308443784714e-03
6.892383098602294922e-03
6.875397637486457825e-03
6.850407458841800690e-03
6.842786446213722229e-03
6.828030571341514587e-03
6.813514977693557739e-03
6.789601873606443405e-03
6.762390024960041046e-03
6.740319542586803436e-03
6.729261018335819244e-03
6.713940296322107315e-03
6.705268751829862595e-03
6.688792724162340164e-03
6.673779338598251343e-03
6.663341075181961060e-03
6.650846451520919800e-03
6.641921587288379669e-03
6.628809962421655655e-03
6.614412646740674973e-03
6.596189457923173904e-03
6.582942791283130646e-03
6.563023664057254791e-03
6.545930169522762299e-03
6.521457806229591370e-03
6.500172428786754608e-03
6.482244469225406647e-03
6.460905075073242188e-03
6.451770663261413574e-03
6.440393626689910889e-03
6.426554173231124878e-03
6.409717723727226257e-03
6.391954142600297928e-03
6.372705101966857910e-03
6.328993942588567734e-03
6.281832233071327209e-03
6.250996142625808716e-03
6.229373626410961151e-03
6.216247566044330597e-03
6.203842349350452423e-03
6.188507191836833954e-03
6.158541887998580933e-03
6.141047924757003784e-03
6.116968579590320587e-03
6.091693416237831116e-03
6.079321727156639099e-03
6.070425733923912048e-03
6.064937915652990341e-03
6.059120409190654755e-03
6.044141016900539398e-03
6.031026132404804230e-03
6.007918156683444977e-03
5.979299545288085938e-03
5.961790680885314941e-03
5.942943971604108810e-03
5.920740310102701187e-03
5.906537640839815140e-03
5.892923101782798767e-03
5.881452001631259918e-03
5.862278398126363754e-03
5.849028937518596649e-03
5.829672794789075851e-03
5.814484320580959320e-03
5.803963169455528259e-03
5.797036923468112946e-03
5.791949108242988586e-03
5.783404223620891571e-03
5.775545258074998856e-03
5.764792673289775848e-03
5.755228456109762192e-03
5.744319874793291092e-03
5.735568236559629440e-03
5.721149034798145294e-03
5.716273561120033264e-03
5.708042532205581665e-03
5.701522808521986008e-03
5.697363521903753281e-03
5.688005592674016953e-03
5.677738226950168610e-03
5.663289222866296768e-03
5.648513324558734894e-03
5.633658729493618011e-03
5.622254684567451477e-03
5.612432956695556641e-03
5.604565143585205078e-03
5.595789290964603424e-03
5.584861151874065399e-03
5.574278533458709717e-03
5.568102933466434479e-03
5.563322454690933228e-03
5.558378063142299652e-03
5.554340779781341553e-03
5.546720698475837708e-03
5.540511570870876312e-03
5.528764799237251282e-03
5.519391968846321106e-03
5.509768612682819366e-03
5.502541549503803253e-03
5.493500269949436188e-03
5.484106950461864471e-03
5.470031406730413437e-03
5.446020979434251785e-03
5.433697253465652466e-03
5.419515073299407959e-03
5.405949428677558899e-03
5.391135346144437790e-03
5.380468908697366714e-03
5.370469298213720322e-03
5.354640074074268341e-03
5.344819277524948120e-03
5.331389605998992920e-03
5.317956209182739258e-03
5.307999439537525177e-03
5.295641720294952393e-03
5.287314765155315399e-03
5.281974561512470245e-03
5.273647606372833252e-03
5.259951576590538025e-03
5.247415974736213684e-03
5.235277116298675537e-03
5.223243497312068939e-03
5.211531184613704681e-03
5.205422174185514450e-03
5.199898965656757355e-03
5.190394818782806396e-03
5.179378204047679901e-03
5.170962773263454437e-03
5.155076272785663605e-03
5.145437084138393402e-03
5.137582775205373764e-03
5.130222998559474945e-03
5.119789391756057739e-03
5.110377445816993713e-03
5.104184150695800781e-03
5.098454188555479050e-03
5.092268344014883041e-03
5.082723684608936310e-03
5.072288680821657181e-03
5.066697485744953156e-03
5.057781003415584564e-03
5.052048712968826294e-03
5.041136406362056732e-03
5.022819153964519501e-03
5.005964078009128571e-03
4.977828357368707657e-03
4.961528815329074860e-03
4.944962449371814728e-03
4.922911990433931351e-03
4.892877303063869476e-03
4.870816133916378021e-03
4.851139150559902191e-03
4.827626049518585205e-03
4.807405173778533936e-03
4.783875774592161179e-03
4.758554976433515549e-03
4.748419858515262604e-03
4.740352742373943329e-03
4.733705893158912659e-03
4.727066028863191605e-03
4.713606089353561401e-03
4.708548076450824738e-03
4.694694187492132187e-03
4.687450826168060303e-03
4.679201170802116394e-03
4.670170135796070099e-03
4.660691600292921066e-03
4.653127864003181458e-03
4.643610678613185883e-03
4.636633209884166718e-03
4.625459201633930206e-03
4.617179743945598602e-03
4.608757793903350830e-03
4.602830391377210617e-03
4.598196595907211304e-03
4.593301564455032349e-03
4.588755313307046890e-03
4.583829548209905624e-03
4.578240681439638138e-03
4.575576633214950562e-03
4.572434350848197937e-03
4.567423369735479355e-03
4.561456385999917984e-03
4.554126411676406860e-03
4.550630226731300354e-03
4.546453244984149933e-03
4.542496986687183380e-03
4.536656662821769714e-03
4.526855424046516418e-03
4.514536354690790176e-03
4.503733944147825241e-03
4.502232652157545090e-03
4.496711306273937225e-03
4.495171830058097839e-03
4.492764826864004135e-03
4.490417893975973129e-03
4.486711695790290833e-03
4.482735879719257355e-03
4.478777293115854263e-03
4.472827538847923279e-03
4.468224011361598969e-03
4.458982497453689575e-03
4.451209213584661484e-03
4.446048289537429810e-03
4.438765347003936768e-03
4.432560876011848450e-03
4.425586201250553131e-03
4.417267628014087677e-03
4.414594732224941254e-03
4.412014968693256378e-03
4.405791871249675751e-03
4.400974139571189880e-03
4.395557567477226257e-03
4.392297007143497467e-03
4.388489294797182083e-03
4.386667627841234207e-03
4.383595660328865051e-03
4.379581660032272339e-03
4.376070573925971985e-03
4.370850976556539536e-03
4.367972258478403091e-03
4.365541040897369385e-03
4.362509585916996002e-03
4.355740733444690704e-03
4.347239155322313309e-03
4.343188367784023285e-03
4.335504956543445587e-03
4.330451600253582001e-03
4.324408713728189468e-03
4.318034742027521133e-03
4.313247743993997574e-03
4.309730138629674911e-03
4.305779933929443359e-03
4.299884662032127380e-03
4.289472475647926331e-03
4.282549489289522171e-03
4.271877929568290710e-03
4.265667404979467392e-03
4.262984730303287506e-03
4.259793553501367569e-03
4.255180712789297104e-03
4.248940851539373398e-03
4.238627851009368896e-03
4.223124124109745026e-03
4.206865094602108002e-03
4.193198867142200470e-03
4.179744981229305267e-03
4.155945964157581329e-03
4.144994076341390610e-03
4.135369788855314255e-03
4.129268229007720947e-03
4.121552687138319016e-03
4.108215682208538055e-03
4.083742387592792511e-03
4.067957401275634766e-03
4.036548081785440445e-03
4.018786363303661346e-03
4.007725976407527924e-03
4.000959917902946472e-03
3.992049023509025574e-03
3.987277857959270477e-03
3.982916940003633499e-03
3.978812135756015778e-03
3.974290564656257629e-03
3.964767325669527054e-03
3.957345150411128998e-03
3.950977697968482971e-03
3.948911093175411224e-03
3.945919219404459000e-03
3.941546194255352020e-03
3.935967106372117996e-03
3.928667865693569183e-03
3.919663839042186737e-03
3.906651400029659271e-03
3.899975679814815521e-03
3.890861989930272102e-03
3.883421886712312698e-03
3.879314288496971130e-03
3.874879330396652222e-03
3.869994543492794037e-03
3.863598918542265892e-03
3.858513664454221725e-03
3.852829569950699806e-03
3.847327549010515213e-03
3.841501194983720779e-03
3.831751644611358643e-03
3.823267761617898941e-03
3.817020216956734657e-03
3.812253475189208984e-03
3.808394074440002441e-03
3.803864587098360062e-03
3.799175145104527473e-03
3.792960196733474731e-03
3.785081207752227783e-03
3.774159820750355721e-03
3.764897584915161133e-03
3.758257720619440079e-03
3.751966403797268867e-03
3.744411747902631760e-03
3.736432408913969994e-03
3.729216754436492920e-03
3.723445115610957146e-03
3.716630861163139343e-03
3.710385411977767944e-03
3.706098766997456551e-03
3.699191613122820854e-03
3.696723142638802528e-03
3.691192716360092163e-03
3.684515366330742836e-03
3.676501568406820297e-03
3.665503812953829765e-03
3.653343766927719116e-03
3.643601434305310249e-03
3.634341759607195854e-03
3.627509810030460358e-03
3.620948176831007004e-03
3.612909000366926193e-03
3.604313358664512634e-03
3.600761061534285545e-03
3.594694659113883972e-03
3.588955616578459740e-03
3.585782134905457497e-03
3.580990014597773552e-03
3.570464439690113068e-03
3.562881378456950188e-03
3.558126278221607208e-03
3.552261507138609886e-03
3.546224208548665047e-03
3.540734527632594109e-03
3.536409931257367134e-03
3.534963354468345642e-03
3.533748444169759750e-03
3.531665075570344925e-03
3.528260160237550735e-03
3.523324383422732353e-03
3.518507350236177444e-03
3.515055868774652481e-03
3.511669812723994255e-03
3.508834168314933777e-03
3.505399450659751892e-03
3.500684630125761032e-03
3.492644988000392914e-03
3.490385133773088455e-03
3.486694768071174622e-03
3.483712440356612206e-03
3.480533603578805923e-03
3.476970829069614410e-03
3.472023876383900642e-03
3.466871799901127815e-03
3.458608407527208328e-03
3.448356874287128448e-03
3.443154972046613693e-03
3.434125101193785667e-03
3.430102253332734108e-03
3.427153686061501503e-03
3.420675173401832581e-03
3.411218756809830666e-03
3.403321839869022369e-03
3.395763924345374107e-03
3.390498925000429153e-03
3.385246731340885162e-03
3.380420152097940445e-03
3.373294603079557419e-03
3.364288015291094780e-03
3.353947075083851814e-03
3.351295832544565201e-03
3.348029917106032372e-03
3.345223609358072281e-03
3.340140683576464653e-03
3.333738073706626892e-03
3.326854901388287544e-03
3.321483731269836426e-03
3.314124420285224915e-03
3.309771185740828514e-03
3.301366697996854782e-03
3.285162616521120071e-03
3.278000745922327042e-03
3.270178101956844330e-03
3.262327983975410461e-03
3.256386378780007362e-03
3.253726288676261902e-03
3.252015216276049614e-03
3.249535802751779556e-03
3.248228225857019424e-03
3.246722277253866196e-03
3.243325743824243546e-03
3.234494477510452271e-03
3.232135903090238571e-03
3.221989376470446587e-03
3.216491779312491417e-03
3.209392772987484932e-03
3.202303778380155563e-03
3.195047145709395409e-03
3.182993736118078232e-03
3.176168072968721390e-03
3.164089750498533249e-03
3.154331585392355919e-03
3.148715710267424583e-03
3.144934307783842087e-03
3.142409725114703178e-03
3.139170585200190544e-03
3.136506304144859314e-03
3.133741207420825958e-03
3.130650147795677185e-03
3.126975614577531815e-03
3.123180475085973740e-03
3.118291031569242477e-03
3.111043479293584824e-03
3.107208060100674629e-03
3.101665992289781570e-03
3.096295287832617760e-03
3.091148100793361664e-03
3.085791599005460739e-03
3.083037910982966423e-03
3.079774789512157440e-03
3.075615037232637405e-03
3.073290223255753517e-03
3.070622682571411133e-03
3.065383527427911758e-03
3.059939714148640633e-03
3.055008361116051674e-03
3.049376420676708221e-03
3.042752388864755630e-03
3.040207084268331528e-03
3.035002155229449272e-03
3.032516222447156906e-03
3.027748782187700272e-03
3.022429998964071274e-03
3.017058596014976501e-03
3.012999426573514938e-03
3.009064123034477234e-03
3.003050806000828743e-03
2.997523872181773186e-03
2.994352253153920174e-03
2.990303561091423035e-03
2.988551510497927666e-03
2.987253945320844650e-03
2.985729370266199112e-03
2.983779180794954300e-03
2.978756558150053024e-03
2.971915528178215027e-03
2.964991610497236252e-03
2.956934040412306786e-03
2.948657609522342682e-03
2.942897379398345947e-03
2.936563454568386078e-03
2.931773662567138672e-03
2.927123336121439934e-03
2.922499552369117737e-03
2.915205899626016617e-03
2.911898773163557053e-03
2.907605841755867004e-03
2.902935259044170380e-03
2.891045063734054565e-03
2.885172143578529358e-03
2.880751155316829681e-03
2.877870574593544006e-03
2.873755060136318207e-03
2.869723830372095108e-03
2.861622022464871407e-03
2.854629652574658394e-03
2.845811191946268082e-03
2.835477236658334732e-03
2.831065095961093903e-03
2.821871312335133553e-03
2.813396044075489044e-03
2.802628558129072189e-03
2.797076012939214706e-03
2.790109720081090927e-03
2.784119220450520515e-03
2.776284702122211456e-03
2.768467646092176437e-03
2.761377021670341492e-03
2.756148809567093849e-03
2.749146195128560066e-03
2.742574550211429596e-03
2.736191265285015106e-03
2.728870604187250137e-03
2.721283119171857834e-03
2.712730085477232933e-03
2.706805942580103874e-03
2.702412195503711700e-03
2.697162097319960594e-03
2.692457055673003197e-03
2.687386702746152878e-03
2.681398531422019005e-03
2.676682546734809875e-03
2.670733025297522545e-03
2.665396546944975853e-03
2.656461438164114952e-03
2.636172808706760406e-03
2.622947096824645996e-03
2.611560747027397156e-03
2.605246379971504211e-03
2.598832827061414719e-03
2.589220413938164711e-03
2.586354967206716537e-03
2.581166569143533707e-03
2.579954219982028008e-03
2.578469458967447281e-03
2.576444298028945923e-03
2.575324848294258118e-03
2.573878504335880280e-03
2.572110388427972794e-03
2.569548785686492920e-03
2.566594397649168968e-03
2.561596920713782310e-03
2.557117957621812820e-03
2.552236430346965790e-03
2.549517434090375900e-03
2.546845003962516785e-03
2.543480601161718369e-03
2.541301539167761803e-03
2.538919216021895409e-03
2.536932472139596939e-03
2.534698229283094406e-03
2.529768738895654678e-03
2.527470700442790985e-03
2.524307696148753166e-03
2.522741677239537239e-03
2.520748879760503769e-03
2.518045017495751381e-03
2.514497609809041023e-03
2.511535072699189186e-03
2.509016543626785278e-03
2.506613731384277344e-03
2.501665847375988960e-03
2.497381065040826797e-03
2.493795473128557205e-03
2.492470666766166687e-03
2.490438986569643021e-03
2.488845493644475937e-03
2.486736280843615532e-03
2.484267344698309898e-03
2.481959061697125435e-03
2.480118535459041595e-03
2.477922011166810989e-03
2.476088702678680420e-03
2.473108237609267235e-03
2.470086561515927315e-03
2.467827871441841125e-03
2.462292090058326721e-03
2.457913011312484741e-03
2.455174922943115234e-03
2.452983055263757706e-03
2.451578155159950256e-03
2.449003513902425766e-03
2.446469850838184357e-03
2.442210447043180466e-03
2.439091447740793228e-03
2.431813627481460571e-03
2.424347447231411934e-03
2.419781871140003204e-03
2.416796982288360596e-03
2.414672868326306343e-03
2.413119655102491379e-03
2.411464229226112366e-03
2.410318702459335327e-03
2.409158740192651749e-03
2.408311236649751663e-03
2.406653482466936111e-03
2.404339378699660301e-03
2.400884870439767838e-03
2.396607771515846252e-03
2.388696419075131416e-03
2.382109872996807098e-03
2.373409224674105644e-03
2.365619409829378128e-03
2.360052894800901413e-03
2.354284282773733139e-03
2.349446993321180344e-03
2.345776185393333435e-03
2.342448337003588676e-03
2.340250182896852493e-03
2.335901372134685516e-03
2.330636605620384216e-03
2.327240072190761566e-03
2.323692198842763901e-03
2.316366648301482201e-03
2.311275806277990341e-03
2.307185670360922813e-03
2.303821267560124397e-03
2.301567001268267632e-03
2.298748586326837540e-03
2.295228885486721992e-03
2.292932476848363876e-03
2.289110329002141953e-03
2.282377332448959351e-03
2.278600586578249931e-03
2.275654580444097519e-03
2.273504389449954033e-03
2.271909965202212334e-03
2.270099706947803497e-03
2.267815638333559036e-03
2.263692440465092659e-03
2.262697555124759674e-03
2.259474946185946465e-03
2.258257474750280380e-03
2.256085630506277084e-03
2.252471633255481720e-03
2.250744029879570007e-03
2.247256459668278694e-03
2.245908603072166443e-03
2.244335366412997246e-03
2.242333022877573967e-03
2.240018220618367195e-03
2.237406559288501740e-03
2.234927844256162643e-03
2.231157384812831879e-03
2.229086589068174362e-03
2.226286567747592926e-03
2.221487928181886673e-03
2.219675574451684952e-03
2.216571476310491562e-03
2.215627115219831467e-03
2.214062958955764771e-03
2.212718361988663673e-03
2.211108803749084473e-03
2.207760699093341827e-03
2.202360890805721283e-03
2.199873793870210648e-03
2.194491215050220490e-03
2.191063947975635529e-03
2.188415732234716415e-03
2.186208963394165039e-03
2.183556556701660156e-03
2.179750241339206696e-03
2.178287599235773087e-03
2.175943693146109581e-03
2.175360918045043945e-03
2.172583015635609627e-03
2.171261236071586609e-03
2.170087303966283798e-03
2.168406266719102859e-03
2.166525926440954208e-03
2.164500998333096504e-03
2.163218799978494644e-03
2.160714706405997276e-03
2.158497460186481476e-03
2.156814094632863998e-03
2.155004534870386124e-03
2.153834793716669083e-03
2.152415458112955093e-03
2.151273190975189209e-03
2.149524865671992302e-03
2.148537430912256241e-03
2.146312966942787170e-03
2.145310863852500916e-03
2.143899444490671158e-03
2.142898039892315865e-03
2.141680568456649780e-03
2.139043062925338745e-03
2.137998584657907486e-03
2.135834190994501114e-03
2.134652575477957726e-03
2.133731963112950325e-03
2.132825786247849464e-03
2.130936365574598312e-03
2.129020867869257927e-03
2.125705592334270477e-03
2.123281825333833694e-03
2.121352590620517731e-03
2.120767720043659210e-03
2.119571669027209282e-03
2.118185395374894142e-03
2.116454299539327621e-03
2.114562783390283585e-03
2.112676389515399933e-03
2.111153909936547279e-03
2.108810236677527428e-03
2.106934553012251854e-03
2.104302868247032166e-03
2.101997844874858856e-03
2.100168261677026749e-03
2.099096309393644333e-03
2.097863238304853439e-03
2.095311880111694336e-03
2.094399416819214821e-03
2.092064125463366508e-03
2.090695779770612717e-03
2.089748391881585121e-03
2.088511828333139420e-03
2.086171414703130722e-03
2.085218904539942741e-03
2.083100378513336182e-03
2.081910381093621254e-03
2.079958096146583557e-03
2.077214652672410011e-03
2.075947821140289307e-03
2.072389237582683563e-03
2.069584326818585396e-03
2.066899556666612625e-03
2.063528168946504593e-03
2.061329083517193794e-03
2.056370722129940987e-03
2.054078038781881332e-03
2.052706200629472733e-03
2.050674287602305412e-03
2.047928282991051674e-03
2.045713830739259720e-03
2.044452819973230362e-03
2.043177140876650810e-03
2.041901927441358566e-03
2.040989231318235397e-03
2.039574552327394485e-03
2.038859063759446144e-03
2.037884434685111046e-03
2.035754965618252754e-03
2.035493031144142151e-03
2.033376134932041168e-03
2.032577292993664742e-03
2.031535143032670021e-03
2.030061325058341026e-03
2.026720903813838959e-03
2.024430781602859497e-03
2.021302469074726105e-03
2.018788829445838928e-03
2.017622115090489388e-03
2.016624435782432556e-03
2.014017198234796524e-03
2.012883545830845833e-03
2.011554315686225891e-03
2.009948715567588806e-03
2.008471405133605003e-03
2.005464630201458931e-03
2.003924455493688583e-03
2.001470420509576797e-03
1.999499276280403137e-03
1.997633371502161026e-03
1.995926955714821815e-03
1.993162091821432114e-03
1.991505036130547523e-03
1.990127144381403923e-03
1.988195348531007767e-03
1.983403693884611130e-03
1.981853041797876358e-03
1.976267667487263680e-03
1.974394079297780991e-03
1.972772181034088135e-03
1.970921875908970833e-03
1.968700904399156570e-03
1.967635471373796463e-03
1.966340234503149986e-03
1.965576549991965294e-03
1.963619142770767212e-03
1.961877802386879921e-03
1.959070097655057907e-03
1.955832820385694504e-03
1.953100785613059998e-03
1.951149082742631435e-03
1.949828467331826687e-03
1.949126250110566616e-03
1.947729615494608879e-03
1.946059055626392365e-03
1.944721792824566364e-03
1.941501977853477001e-03
1.939044916070997715e-03
1.936089945957064629e-03
1.932215411216020584e-03
1.926081022247672081e-03
1.923510339111089706e-03
1.919080386869609356e-03
1.914042048156261444e-03
1.910131890326738358e-03
1.906099962070584297e-03
1.904147444292902946e-03
1.901699346490204334e-03
1.899295370094478130e-03
1.894898596219718456e-03
1.889626844786107540e-03
1.885123550891876221e-03
1.882127020508050919e-03
1.879194751381874084e-03
1.877184957265853882e-03
1.874034060165286064e-03
1.871473621577024460e-03
1.868353108875453472e-03
1.864581834524869919e-03
1.863115467131137848e-03
1.860670279711484909e-03
1.858589239418506622e-03
1.857314840890467167e-03
1.856133807450532913e-03
1.855503302067518234e-03
1.854679198004305363e-03
1.853020163252949715e-03
1.850414788350462914e-03
1.849448774009943008e-03
1.847773673944175243e-03
1.846612314693629742e-03
1.845576334744691849e-03
1.843800535425543785e-03
1.841441262513399124e-03
1.838884083554148674e-03
1.836400129832327366e-03
1.833470887504518032e-03
1.829947927035391331e-03
1.824737992137670517e-03
1.822068588808178902e-03
1.819642260670661926e-03
1.817621872760355473e-03
1.816577278077602386e-03
1.815278548747301102e-03
1.813645008951425552e-03
1.812731265090405941e-03
1.811591675505042076e-03
1.809219946153461933e-03
1.806936925277113914e-03
1.803676947019994259e-03
1.802351092919707298e-03
1.799604506231844425e-03
1.797337085008621216e-03
1.796256983652710915e-03
1.794049050658941269e-03
1.792349386960268021e-03
1.790200592949986458e-03
1.787385204806923866e-03
1.782034058123826981e-03
1.776060904376208782e-03
1.770592876709997654e-03
1.767741749063134193e-03
1.764358836226165295e-03
1.762239262461662292e-03
1.761212479323148727e-03
1.759435748681426048e-03
1.756731653586030006e-03
1.755164470523595810e-03
1.749841729179024696e-03
1.747066853567957878e-03
1.744539826177060604e-03
1.741990796290338039e-03
1.740138046443462372e-03
1.738620572723448277e-03
1.737423706799745560e-03
1.735609839670360088e-03
1.732521341182291508e-03
1.728973817080259323e-03
1.726366113871335983e-03
1.724914414808154106e-03
1.722533255815505981e-03
1.720297848805785179e-03
1.717400504276156425e-03
1.714136684313416481e-03
1.711151213385164738e-03
1.709065749309957027e-03
1.706181792542338371e-03
1.704212045297026634e-03
1.701620523817837238e-03
1.698772073723375797e-03
1.696733408607542515e-03
1.694550504907965660e-03
1.693088794127106667e-03
1.690106466412544250e-03
1.686237985268235207e-03
1.682640053331851959e-03
1.679157372564077377e-03
1.677003921940922737e-03
1.675767241977155209e-03
1.674995990470051765e-03
1.673744642175734043e-03
1.672604121267795563e-03
1.670678146183490753e-03
1.668367534875869751e-03
1.665243180468678474e-03
1.662671798840165138e-03
1.662190770730376244e-03
1.660712063312530518e-03
1.659296103753149509e-03
1.657322281971573830e-03
1.655792701058089733e-03
1.654119230806827545e-03
1.652114326134324074e-03
1.650159712880849838e-03
1.647610566578805447e-03
1.645973650738596916e-03
1.643783180043101311e-03
1.642242306843400002e-03
1.639216439798474312e-03
1.637317007407546043e-03
1.634328742511570454e-03
1.633088570088148117e-03
1.631219172850251198e-03
1.629748265258967876e-03
1.628603553399443626e-03
1.627869904041290283e-03
1.627391437068581581e-03
1.626612618565559387e-03
1.626150216907262802e-03
1.625467790290713310e-03
1.624790951609611511e-03
1.623026560992002487e-03
1.621487201191484928e-03
1.619682996533811092e-03
1.617769943550229073e-03
1.616153749637305737e-03
1.615176559425890446e-03
1.614742679521441460e-03
1.613103318959474564e-03
1.612508669495582581e-03
1.610979787074029446e-03
1.609633909538388252e-03
1.609044964425265789e-03
1.607508864253759384e-03
1.607093843631446362e-03
1.605697907507419586e-03
1.604621298611164093e-03
1.603182405233383179e-03
1.601688098162412643e-03
1.600255141966044903e-03
1.598817761987447739e-03
1.597658731043338776e-03
1.596143934875726700e-03
1.594341243617236614e-03
1.592510845512151718e-03
1.589617109857499599e-03
1.586957252584397793e-03
1.583993202075362206e-03
1.582458964549005032e-03
1.580394338816404343e-03
1.579264877364039421e-03
1.577517949044704437e-03
1.575983129441738129e-03
1.572164590470492840e-03
1.570204505696892738e-03
1.567588187754154205e-03
1.565972343087196350e-03
1.564587699249386787e-03
1.561585348099470139e-03
1.559298834763467312e-03
1.553711481392383575e-03
1.551833236590027809e-03
1.547323539853096008e-03
1.543504302389919758e-03
1.540314173325896263e-03
1.536999363452196121e-03
1.534598646685481071e-03
1.532049151137471199e-03
1.530630397610366344e-03
1.529360422864556313e-03
1.528605353087186813e-03
1.527625601738691330e-03
1.526631182059645653e-03
1.525914994999766350e-03
1.524972729384899139e-03
1.523598795756697655e-03
1.523328479379415512e-03
1.521885162219405174e-03
1.520774327218532562e-03
1.519111800007522106e-03
1.516873482614755630e-03
1.515677431598305702e-03
1.512857503257691860e-03
1.510625006631016731e-03
1.509341062046587467e-03
1.508508576080203056e-03
1.507668988779187202e-03
1.506500178948044777e-03
1.505333697423338890e-03
1.503057661466300488e-03
1.501681283116340637e-03
1.499225385487079620e-03
1.498214667662978172e-03
1.497467514127492905e-03
1.496847369708120823e-03
1.496058073826134205e-03
1.494894968345761299e-03
1.494060852564871311e-03
1.493230462074279785e-03
1.491809496656060219e-03
1.490999013185501099e-03
1.490115420892834663e-03
1.488681882619857788e-03
1.487200381234288216e-03
1.485788379795849323e-03
1.483818981796503067e-03
1.482164021581411362e-03
1.480696024373173714e-03
1.479007303714752197e-03
1.477846177294850349e-03
1.476660021580755711e-03
1.475658966228365898e-03
1.474838354624807835e-03
1.473609474487602711e-03
1.473067211918532848e-03
1.471131574362516403e-03
1.470469171181321144e-03
1.469788607209920883e-03
1.469009206630289555e-03
1.467714086174964905e-03
1.466076355427503586e-03
1.464266795665025711e-03
1.462074462324380875e-03
1.461218460462987423e-03
1.460674917325377464e-03
1.458609709516167641e-03
1.457322388887405396e-03
1.455236109904944897e-03
1.453143078833818436e-03
1.451055519282817841e-03
1.449026749469339848e-03
1.445914851501584053e-03
1.445362577214837074e-03
1.441900734789669514e-03
1.440530642867088318e-03
1.439557410776615143e-03
1.438048901036381721e-03
1.437020255252718925e-03
1.435879967175424099e-03
1.435155863873660564e-03
1.434261561371386051e-03
1.432298100553452969e-03
1.430042088031768799e-03
1.428831368684768677e-03
1.426778850145637989e-03
1.425416441634297371e-03
1.424066955223679543e-03
1.421849709004163742e-03
1.420252490788698196e-03
1.418822561390697956e-03
1.417401479557156563e-03
1.416119863279163837e-03
1.414612401276826859e-03
1.413106569088995457e-03
1.411732751876115799e-03
1.410561148077249527e-03
1.409263350069522858e-03
1.407358096912503242e-03
1.405240269377827644e-03
1.404408598318696022e-03
1.401665736921131611e-03
1.400173408910632133e-03
1.398757216520607471e-03
1.398409716784954071e-03
1.396925305016338825e-03
1.396290259435772896e-03
1.395296654663980007e-03
1.395120285451412201e-03
1.394657418131828308e-03
1.393908169120550156e-03
1.393273123539984226e-03
1.392470207065343857e-03
1.391507219523191452e-03
1.390052260830998421e-03
1.389367273077368736e-03
1.387706492096185684e-03
1.387043623253703117e-03
1.385675277560949326e-03
1.385224051773548126e-03
1.384381437674164772e-03
1.384038943797349930e-03
1.383729744702577591e-03
1.383365830406546593e-03
1.382776303216814995e-03
1.382017740979790688e-03
1.381147885695099831e-03
1.380242989398539066e-03
1.379462657496333122e-03
1.379091059789061546e-03
1.378827495500445366e-03
1.378443092107772827e-03
1.377944834530353546e-03
1.377106178551912308e-03
1.376600353978574276e-03
1.375365070998668671e-03
1.374111394397914410e-03
1.372857484966516495e-03
1.372145954519510269e-03
1.371205085888504982e-03
1.369418925605714321e-03
1.367646502330899239e-03
1.365236937999725342e-03
1.363978721201419830e-03
1.362485578283667564e-03
1.361509086564183235e-03
1.360749010927975178e-03
1.360585563816130161e-03
1.359363319352269173e-03
1.358809415251016617e-03
1.358192064799368382e-03
1.357367960736155510e-03
1.355793443508446217e-03
1.355139538645744324e-03
1.354400534182786942e-03
1.353962346911430359e-03
1.353494357317686081e-03
1.352727413177490234e-03
1.351931132376194000e-03
1.350925653241574764e-03
1.349670346826314926e-03
1.348822494037449360e-03
1.347867539152503014e-03
1.346610486507415771e-03
1.345846801996231079e-03
1.344697782769799232e-03
1.343470532447099686e-03
1.342799048870801926e-03
1.341204624623060226e-03
1.340485643595457077e-03
1.339729176834225655e-03
1.339034526608884335e-03
1.338199712336063385e-03
1.337916473858058453e-03
1.337248133495450020e-03
1.336379908025264740e-03
1.335135311819612980e-03
1.334038097411394119e-03
1.332960207946598530e-03
1.331527251750230789e-03
1.330229220911860466e-03
1.329332822933793068e-03
1.328640151768922806e-03
1.328008947893977165e-03
1.327279955148696899e-03
1.327146659605205059e-03
1.325901132076978683e-03
1.325333956629037857e-03
1.324441749602556229e-03
1.323421252891421318e-03
1.321578398346900940e-03
1.319200033321976662e-03
1.316923880949616432e-03
1.315793255344033241e-03
1.314949127845466137e-03
1.313811866566538811e-03
1.313291490077972412e-03
1.312312670052051544e-03
1.311396597884595394e-03
1.310634659603238106e-03
1.310180057771503925e-03
1.309358514845371246e-03
1.308716833591461182e-03
1.307768514379858971e-03
1.307376078329980373e-03
1.306163729168474674e-03
1.305638579651713371e-03
1.304902136325836182e-03
1.304141478613018990e-03
1.303608296439051628e-03
1.302880002185702324e-03
1.302046934142708778e-03
1.301331678405404091e-03
1.300643314607441425e-03
1.300321891903877258e-03
1.300156116485595703e-03
1.299711177125573158e-03
1.299223164096474648e-03
1.298166811466217041e-03
1.296978909522294998e-03
1.295772148296236992e-03
1.294727553613483906e-03
1.294080168008804321e-03
1.293230568990111351e-03
1.291831023991107941e-03
1.291010528802871704e-03
1.290355809032917023e-03
1.289135077968239784e-03
1.288069179281592369e-03
1.285782782360911369e-03
1.284455531276762486e-03
1.282901852391660213e-03
1.281390665099024773e-03
1.280641765333712101e-03
1.279524760320782661e-03
1.278498326428234577e-03
1.277879578992724419e-03
1.276823226362466812e-03
1.275979913771152496e-03
1.274639857001602650e-03
1.274000387638807297e-03
1.272286288440227509e-03
1.270442269742488861e-03
1.269556116312742233e-03
1.268033171072602272e-03
1.267666229978203773e-03
1.267097191885113716e-03
1.265728147700428963e-03
1.263777492567896843e-03
1.262780511751770973e-03
1.261755824089050293e-03
1.260878052562475204e-03
1.260374207049608231e-03
1.258882926777005196e-03
1.258515985682606697e-03
1.257369760423898697e-03
1.256573130376636982e-03
1.256122952327132225e-03
1.255937386304140091e-03
1.255512470379471779e-03
1.255061710253357887e-03
1.254541450180113316e-03
1.253968570381402969e-03
1.253637718036770821e-03
1.253067050129175186e-03
1.252769492566585541e-03
1.252226065844297409e-03
1.252120593562722206e-03
1.251831999979913235e-03
1.251549227163195610e-03
1.251322217285633087e-03
1.250998349860310555e-03
1.250372966751456261e-03
1.250118250027298927e-03
1.249496359378099442e-03
1.248931745067238808e-03
1.248384825885295868e-03
1.248022308573126793e-03
1.247563865035772324e-03
1.246846513822674751e-03
1.245802966877818108e-03
1.245045335963368416e-03
1.244541839696466923e-03
1.244222978129982948e-03
1.243754406459629536e-03
1.243179896846413612e-03
1.242537633515894413e-03
1.241486519575119019e-03
1.241009449586272240e-03
1.240252051502466202e-03
1.239495584741234779e-03
1.238784287124872208e-03
1.237653079442679882e-03
1.237059128470718861e-03
1.236695330590009689e-03
1.236224779859185219e-03
1.235722098499536514e-03
1.235273317433893681e-03
1.234534312970936298e-03
1.234062714502215385e-03
1.233480172231793404e-03
1.233248389326035976e-03
1.232875511050224304e-03
1.232438022270798683e-03
1.231916015967726707e-03
1.230951165780425072e-03
1.230740454047918320e-03
1.229318790137767792e-03
1.228749635629355907e-03
1.227929024025797844e-03
1.227275235578417778e-03
1.226212829351425171e-03
1.226134481839835644e-03
1.225347048602998257e-03
1.225083833560347557e-03
1.224782434292137623e-03
1.224306179210543633e-03
1.223724801093339920e-03
1.223040162585675716e-03
1.222014892846345901e-03
1.221210230141878128e-03
1.220184145495295525e-03
1.219753758050501347e-03
1.219308236613869667e-03
1.218423247337341309e-03
1.217759447172284126e-03
1.216548029333353043e-03
1.215671421959996223e-03
1.214904477819800377e-03
1.213923562318086624e-03
1.212888280861079693e-03
1.211511320434510708e-03
1.209963113069534302e-03
1.208897912874817848e-03
1.207616413012146950e-03
1.206890679895877838e-03
1.206228975206613541e-03
1.205147360451519489e-03
1.203912426717579365e-03
1.202297746203839779e-03
1.201396342366933823e-03
1.200764905661344528e-03
1.200411468744277954e-03
1.199976773932576180e-03
1.199000282213091850e-03
1.198553713038563728e-03
1.197964651510119438e-03
1.196575351059436798e-03
1.196276862174272537e-03
1.195530174300074577e-03
1.194247975945472717e-03
1.193512463942170143e-03
1.192848780192434788e-03
1.192666008137166500e-03
1.191694522276520729e-03
1.191275659948587418e-03
1.190595095977187157e-03
1.189846196211874485e-03
1.189242932014167309e-03
1.188474008813500404e-03
1.188080059364438057e-03
1.187135581858456135e-03
1.186315668746829033e-03
1.185524044558405876e-03
1.185104483738541603e-03
1.184449996799230576e-03
1.183664659038186073e-03
1.182636246085166931e-03
1.181285362690687180e-03
1.179484417662024498e-03
1.178378937765955925e-03
1.177434576675295830e-03
1.176753779873251915e-03
1.175886485725641251e-03
1.174822216853499413e-03
1.173991477116942406e-03
1.173361903056502342e-03
1.172914169728755951e-03
1.172135933302342892e-03
1.171830343082547188e-03
1.170989358797669411e-03
1.170688075944781303e-03
1.170518109574913979e-03
1.170303788967430592e-03
1.170073403045535088e-03
1.169887022115290165e-03
1.169416122138500214e-03
1.169057330116629601e-03
1.168660353869199753e-03
1.168356277048587799e-03
1.168143702670931816e-03
1.167901675216853619e-03
1.167475245893001556e-03
1.166948350146412849e-03
1.166513655334711075e-03
1.166020287200808525e-03
1.165582099929451942e-03
1.165112247690558434e-03
1.164389075711369514e-03
1.164067070931196213e-03
1.163690933026373386e-03
1.163226668722927570e-03
1.162555650807917118e-03
1.161829801276326180e-03
1.160580664873123169e-03
1.159448875114321709e-03
1.158477738499641418e-03
1.158016500994563103e-03
1.157655380666255951e-03
1.157406601123511791e-03
1.156747806817293167e-03
1.156557584181427956e-03
1.155688660219311714e-03
1.155311241745948792e-03
1.154906931333243847e-03
1.154412399046123028e-03
1.153776887804269791e-03
1.152971060946583748e-03
1.152230775915086269e-03
1.151813426986336708e-03
1.151409815065562725e-03
1.150734373368322849e-03
1.149789197370409966e-03
1.149413175880908966e-03
1.148589188233017921e-03
1.147870905697345734e-03
1.147230505011975765e-03
1.146846450865268707e-03
1.146493013948202133e-03
1.145875081419944763e-03
1.145493471994996071e-03
1.144357956945896149e-03
1.143399393185973167e-03
1.142633496783673763e-03
1.142149092629551888e-03
1.141684828326106071e-03
1.141113927587866783e-03
1.140082255005836487e-03
1.139321597293019295e-03
1.138657215051352978e-03
1.138061634264886379e-03
1.137600978836417198e-03
1.136654522269964218e-03
1.135576516389846802e-03
1.134401885792613029e-03
1.133197685703635216e-03
1.132631441578269005e-03
1.132074277848005295e-03
1.131195109337568283e-03
1.130252378061413765e-03
1.129784388467669487e-03
1.129263546317815781e-03
1.128506846725940704e-03
1.128109171986579895e-03
1.127472147345542908e-03
1.126888208091259003e-03
1.126363873481750488e-03
1.125721028074622154e-03
1.124950358644127846e-03
1.124581787735223770e-03
1.123871887102723122e-03
1.123499823734164238e-03
1.122737536206841469e-03
1.121874665841460228e-03
1.121293054893612862e-03
1.120428321883082390e-03
1.119647175073623657e-03
1.119033433496952057e-03
1.117766601964831352e-03
1.117438077926635742e-03
1.116260653361678123e-03
1.115696039050817490e-03
1.115306746214628220e-03
1.114862272515892982e-03
1.113937818445265293e-03
1.112817437388002872e-03
1.112059806473553181e-03
1.111151417717337608e-03
1.110476907342672348e-03
1.109454315155744553e-03
1.108618569560348988e-03
1.108162803575396538e-03
1.107747550122439861e-03
1.107503427192568779e-03
1.106927171349525452e-03
1.106423907913267612e-03
1.106058247387409210e-03
1.105753006413578987e-03
1.105647650547325611e-03
1.105441013351082802e-03
1.105077797546982765e-03
1.104887109249830246e-03
1.104651950299739838e-03
1.104306546039879322e-03
1.104069291613996029e-03
1.103551941923797131e-03
1.103467075154185295e-03
1.103064394555985928e-03
1.102960668504238129e-03
1.102694543078541756e-03
1.102432608604431152e-03
1.102189533412456512e-03
1.101940055377781391e-03
1.101720845326781273e-03
1.101275673136115074e-03
1.100734341889619827e-03
1.100550522096455097e-03
1.099978573620319366e-03
1.099673332646489143e-03
1.099517685361206532e-03
1.099322340451180935e-03
1.098964014090597630e-03
1.098742592148482800e-03
1.098283566534519196e-03
1.097960630431771278e-03
1.097687287256121635e-03
1.097158063203096390e-03
1.096966909244656563e-03
1.096377149224281311e-03
1.096120569854974747e-03
1.095629180781543255e-03
1.094853971153497696e-03
1.094161532819271088e-03
1.093100174330174923e-03
1.092183287255465984e-03
1.091903308406472206e-03
1.091242535039782524e-03
1.090779900550842285e-03
1.090173958800733089e-03
1.089797937311232090e-03
1.089428551495075226e-03
1.088976860046386719e-03
1.088059390895068645e-03
1.087138662114739418e-03
1.086327712982892990e-03
1.085628173314034939e-03
1.085041556507349014e-03
1.084657618775963783e-03
1.084284624084830284e-03
1.083767274394631386e-03
1.082941074855625629e-03
1.082046073861420155e-03
1.080795074813067913e-03
1.080239424481987953e-03
1.079259440302848816e-03
1.078279921784996986e-03
1.077261054888367653e-03
1.076211920008063316e-03
1.074664061889052391e-03
1.073007471859455109e-03
1.072109909728169441e-03
1.071586506441235542e-03
1.070590224117040634e-03
1.069734920747578144e-03
1.068407204002141953e-03
1.067753299139440060e-03
1.067306729964911938e-03
1.066939439624547958e-03
1.066661789081990719e-03
1.066362601704895496e-03
1.065870979800820351e-03
1.065485877916216850e-03
1.065082382410764694e-03
1.064696232788264751e-03
1.064091688022017479e-03
1.063795993104577065e-03
1.063077826984226704e-03
1.062775962054729462e-03
1.062561757862567902e-03
1.062137074768543243e-03
1.062039751559495926e-03
1.061256742104887962e-03
1.060932525433599949e-03
1.060248119756579399e-03
1.059610629454255104e-03
1.058809924870729446e-03
1.058085123077034950e-03
1.057160086929798126e-03
1.056289998814463615e-03
1.055255183018743992e-03
1.053959131240844727e-03
1.053390558809041977e-03
1.052404171787202358e-03
1.051449682563543320e-03
1.049847807735204697e-03
1.048812526278197765e-03
1.048000645823776722e-03
1.047188299708068371e-03
1.046624034643173218e-03
1.046068384312093258e-03
1.045372802764177322e-03
1.044308301061391830e-03
1.043747877702116966e-03
1.043192809447646141e-03
1.042412593960762024e-03
1.040634466335177422e-03
1.038950867950916290e-03
1.037490088492631912e-03
1.036794390529394150e-03
1.034796121530234814e-03
1.033027190715074539e-03
1.030231476761400700e-03
1.028639031574130058e-03
1.026635291054844856e-03
1.025492092594504356e-03
1.024340046569705009e-03
1.023134216666221619e-03
1.021742122247815132e-03
1.020720461383461952e-03
1.019645482301712036e-03
1.018322305753827095e-03
1.017439644783735275e-03
1.016454771161079407e-03
1.015881542116403580e-03
1.015024026855826378e-03
1.014532637782394886e-03
1.013565459288656712e-03
1.012429827824234962e-03
1.011863467283546925e-03
1.011219806969165802e-03
1.010742271319031715e-03
1.010359381325542927e-03
1.009792322292923927e-03
1.009412226267158985e-03
1.008976367302238941e-03
1.008517341688275337e-03
1.007663318887352943e-03
1.007279148325324059e-03
1.006295322440564632e-03
1.005565281957387924e-03
1.004928257316350937e-03
1.004697638563811779e-03
1.004253048449754715e-03
1.003946876153349876e-03
1.003263285383582115e-03
1.002434291876852512e-03
1.001206459477543831e-03
1.000458840280771255e-03
9.999731555581092834e-04
9.996010921895503998e-04
9.991058614104986191e-04
9.984476491808891296e-04
9.977553272619843483e-04
9.971424005925655365e-04
9.966900106519460678e-04
9.960653260350227356e-04
9.948024526238441467e-04
9.942427277565002441e-04
9.932518005371093750e-04
9.923586621880531311e-04
9.915117407217621803e-04
9.910446824505925179e-04
9.900571312755346298e-04
9.888042695820331573e-04
9.873178787529468536e-04
9.861444123089313507e-04
9.857283439487218857e-04
9.844019077718257904e-04
9.838767582550644875e-04
9.829789632931351662e-04
9.821478743106126785e-04
9.816207457333803177e-04
9.811375057324767113e-04
9.805002482607960701e-04
9.794268989935517311e-04
9.782859124243259430e-04
9.780772961676120758e-04
9.773899801075458527e-04
9.771001059561967850e-04
9.765655267983675003e-04
9.760480606928467751e-04
9.759108652360737324e-04
9.756405488587915897e-04
9.753016638569533825e-04
9.747489821165800095e-04
9.742402471601963043e-04
9.736230713315308094e-04
9.731105528771877289e-04
9.724721312522888184e-04
9.717273060232400894e-04
9.707416174933314323e-04
9.695714106783270836e-04
9.682102827355265617e-04
9.679406648501753807e-04
9.672166197560727596e-04
9.663908858783543110e-04
9.656066540628671646e-04
9.650096180848777294e-04
9.645269601605832577e-04
9.641833021305501461e-04
9.640618809498846531e-04
9.638171177357435226e-04
9.634054731577634811e-04
9.626484243199229240e-04
9.617885807529091835e-04
9.609789121896028519e-04
9.601463098078966141e-04
9.597112657502293587e-04
9.593292488716542721e-04
9.590087574906647205e-04
9.588522370904684067e-04
9.585896623320877552e-04
9.583811042830348015e-04
9.580317419022321701e-04
9.578139870427548885e-04
9.576128795742988586e-04
9.574354044161736965e-04
9.572496637701988220e-04
9.571013506501913071e-04
9.569285903126001358e-04
9.566864464432001114e-04
9.562827181071043015e-04
9.560437174513936043e-04
9.556239238008856773e-04
9.552309056743979454e-04
9.548828238621354103e-04
9.545093635097146034e-04
9.540565079078078270e-04
9.537069126963615417e-04
9.532794938422739506e-04
9.530782699584960938e-04
9.525755885988473892e-04
9.522840846329927444e-04
9.519873419776558876e-04
9.517192956991493702e-04
9.515104466117918491e-04
9.511287207715213299e-04
9.507269714958965778e-04
9.504141635261476040e-04
9.497650898993015289e-04
9.492214303463697433e-04
9.486519265919923782e-04
9.484114125370979309e-04
9.475683327764272690e-04
9.470094228163361549e-04
9.463704773224890232e-04
9.460723958909511566e-04
9.455475956201553345e-04
9.451177902519702911e-04
9.447413031011819839e-04
9.442539885640144348e-04
9.440009016543626785e-04
9.431170183233916759e-04
9.426651522517204285e-04
9.420591522939503193e-04
9.415737004019320011e-04
9.410333004780113697e-04
9.407436591573059559e-04
9.405318414792418480e-04
9.402288123965263367e-04
9.399172267876565456e-04
9.396533714607357979e-04
9.395006345584988594e-04
9.393297368660569191e-04
9.390530176460742950e-04
9.387625614181160927e-04
9.382982971146702766e-04
9.380420669913291931e-04
9.377917740494012833e-04
9.375695372000336647e-04
9.373450884595513344e-04
9.368106257170438766e-04
9.359517134726047516e-04
9.354019421152770519e-04
9.346181759610772133e-04
9.341972181573510170e-04
9.336256189271807671e-04
9.327813168056309223e-04
9.316130308434367180e-04
9.304620325565338135e-04
9.296397329308092594e-04
9.289495646953582764e-04
9.282674873247742653e-04
9.277964127250015736e-04
9.272777242586016655e-04
9.271401213482022285e-04
9.263788815587759018e-04
9.260687511414289474e-04
9.258000063709914684e-04
9.253390599042177200e-04
9.246488916687667370e-04
9.237010381184518337e-04
9.227854898199439049e-04
9.221082436852157116e-04
9.215157479047775269e-04
9.211109718307852745e-04
9.207696421071887016e-04
9.204094531014561653e-04
9.202274959534406662e-04
9.199475753121078014e-04
9.198132902383804321e-04
9.193039732053875923e-04
9.190366836264729500e-04
9.187004179693758488e-04
9.182239882647991180e-04
9.177426109090447426e-04
9.169186814688146114e-04
9.153180290013551712e-04
9.146389784291386604e-04
9.132373379543423653e-04
9.124316275119781494e-04
9.119397145695984364e-04
9.112729458138346672e-04
9.105617646127939224e-04
9.095432469621300697e-04
9.092364343814551830e-04
9.087406215257942677e-04
9.077541180886328220e-04
9.068357176147401333e-04
9.060843149200081825e-04
9.054015390574932098e-04
9.048486826941370964e-04
9.038973948918282986e-04
9.021885925903916359e-04
9.005122119560837746e-04
8.987311157397925854e-04
8.976960089057683945e-04
8.967550238594412804e-04
8.960706763900816441e-04
8.945458102971315384e-04
8.934967336244881153e-04
8.920826367102563381e-04
8.911882760003209114e-04
8.906346047297120094e-04
8.902632398530840874e-04
8.896082872524857521e-04
8.893935009837150574e-04
8.884793496690690517e-04
8.879952365532517433e-04
8.876758511178195477e-04
8.874530903995037079e-04
8.870871970430016518e-04
8.868027362041175365e-04
8.864200790412724018e-04
8.858812507241964340e-04
8.855916676111519337e-04
8.848895085975527763e-04
8.845240809023380280e-04
8.840236114338040352e-04
8.832992753013968468e-04
8.829259313642978668e-04
8.820671355351805687e-04
8.812602609395980835e-04
8.805979741737246513e-04
8.799708448350429535e-04
8.795181056484580040e-04
8.791827131062746048e-04
8.788761915639042854e-04
8.786034304648637772e-04
8.781960932537913322e-04
8.780226344242691994e-04
8.776593022048473358e-04
8.774943416938185692e-04
8.773154695518314838e-04
8.770238491706550121e-04
8.764059166423976421e-04
8.759710472077131271e-04
8.752660360187292099e-04
8.748103864490985870e-04
8.745118975639343262e-04
8.743088692426681519e-04
8.737163152545690536e-04
8.734224829822778702e-04
8.728249231353402138e-04
8.723294595256447792e-04
8.718340541236102581e-04
8.712279959581792355e-04
8.705345680937170982e-04
8.698729216121137142e-04
8.693107520230114460e-04
8.688119705766439438e-04
8.686109795235097408e-04
8.681963081471621990e-04
8.675762219354510307e-04
8.669713279232382774e-04
8.666208013892173767e-04
8.662503678351640701e-04
8.658382575958967209e-04
8.655543788336217403e-04
8.651374373584985733e-04
8.646418573334813118e-04
8.642111206427216530e-04
8.637534920126199722e-04
8.634569821879267693e-04
8.631167002022266388e-04
8.625388145446777344e-04
8.620619191788136959e-04
8.613575482740998268e-04
8.607607451267540455e-04
8.601892623119056225e-04
8.595918770879507065e-04
8.595030521973967552e-04
8.591825026087462902e-04
8.589694043621420860e-04
8.586110780015587807e-04
8.583731250837445259e-04
8.582655573263764381e-04
8.579832501709461212e-04
8.578555425629019737e-04
8.577146218158304691e-04
8.576233522035181522e-04
8.574586245231330395e-04
8.573696250095963478e-04
8.571500657126307487e-04
8.569794008508324623e-04
8.567722979933023453e-04
8.563642622902989388e-04
8.558830595575273037e-04
8.555867825634777546e-04
8.549247868359088898e-04
8.546118624508380890e-04
8.540805429220199585e-04
8.538024267181754112e-04
8.534952066838741302e-04
8.532174397259950638e-04
8.529606857337057590e-04
8.528438047505915165e-04
8.526525925844907761e-04
8.524730219505727291e-04
8.521231939084827900e-04
8.518195245414972305e-04
8.513683569617569447e-04
8.512379135936498642e-04
8.509945473633706570e-04
8.508124155923724174e-04
8.505879668518900871e-04
8.502752752974629402e-04
8.499919786117970943e-04
8.497711969539523125e-04
8.494565263390541077e-04
8.491686312481760979e-04
8.489468600600957870e-04
8.486842270940542221e-04
8.485983125865459442e-04
8.484921418130397797e-04
8.484012214466929436e-04
8.482778212055563927e-04
8.481579134240746498e-04
8.480650139972567558e-04
8.478084346279501915e-04
8.475527865812182426e-04
8.472288027405738831e-04
8.470396860502660275e-04
8.468976011499762535e-04
8.468580199405550957e-04
8.467558072879910469e-04
8.465888677164912224e-04
8.464166312478482723e-04
8.461136603727936745e-04
8.460054523311555386e-04
8.457727381028234959e-04
8.456265204586088657e-04
8.454521885141730309e-04
8.452159236185252666e-04
8.451794274151325226e-04
8.447950822301208973e-04
8.447114378213882446e-04
8.445429848507046700e-04
8.443463593721389771e-04
8.442368707619607449e-04
8.437270298600196838e-04
8.436241187155246735e-04
8.433841285295784473e-04
8.431882597506046295e-04
8.430429152213037014e-04
8.429953595623373985e-04
8.428499568253755569e-04
8.427947759628295898e-04
8.425265550613403320e-04
8.423667750321328640e-04
8.421098464168608189e-04
8.419849909842014313e-04
8.416799828410148621e-04
8.416075725108385086e-04
8.415514021180570126e-04
8.413824252784252167e-04
8.412719471380114555e-04
8.410654263570904732e-04
8.407848654314875603e-04
8.405889384448528290e-04
8.400257793255150318e-04
8.396235643886029720e-04
8.389854338020086288e-04
8.384321699850261211e-04
8.378232596442103386e-04
8.367857662960886955e-04
8.364525274373590946e-04
8.361187065020203590e-04
8.358972845599055290e-04
8.355671307072043419e-04
8.350739954039454460e-04
8.345414535142481327e-04
8.339945925399661064e-04
8.333472069352865219e-04
8.328885305672883987e-04
8.325381204485893250e-04
8.322359062731266022e-04
8.316884632222354412e-04
8.315292652696371078e-04
8.312655845656991005e-04
8.308930555358529091e-04
8.302999194711446762e-04
8.301499765366315842e-04
8.299209293909370899e-04
8.297216845676302910e-04
8.294844301417469978e-04
8.290986879728734493e-04
8.289612596854567528e-04
8.286975789815187454e-04
8.285657386295497417e-04
8.285442600026726723e-04
8.283061906695365906e-04
8.277791785076260567e-04
8.274803403764963150e-04
8.270288235507905483e-04
8.266686927527189255e-04
8.261415059678256512e-04
8.254920830950140953e-04
8.249110542237758636e-04
8.243485353887081146e-04
8.239925373345613480e-04
8.236011490225791931e-04
8.232789114117622375e-04
8.231090614572167397e-04
8.229769300669431686e-04
8.227524813264608383e-04
8.226035279221832752e-04
8.223967161029577255e-04
8.222186006605625153e-04
8.215543348342180252e-04
8.212166139855980873e-04
8.207916980609297752e-04
8.205986814573407173e-04
8.202976314350962639e-04
8.201202144846320152e-04
8.199336007237434387e-04
8.197385468520224094e-04
8.195620030164718628e-04
8.193484973162412643e-04
8.190365042537450790e-04
8.188654901459813118e-04
8.185859769582748413e-04
8.183361496776342392e-04
8.182092569768428802e-04
8.178719435818493366e-04
8.176862029358744621e-04
8.174241520464420319e-04
8.170772343873977661e-04
8.166175102815032005e-04
8.161928271874785423e-04
8.155999821610748768e-04
8.153542876243591309e-04
8.149085333570837975e-04
8.144106250256299973e-04
8.136507822200655937e-04
8.128713816404342651e-04
8.123790612444281578e-04
8.117778925225138664e-04
8.112381328828632832e-04
8.107358007691800594e-04
8.104550070129334927e-04
8.100987761281430721e-04
8.097747922874987125e-04
8.094555232673883438e-04
8.090755436569452286e-04
8.088098256848752499e-04
8.085122681222856045e-04
8.082827553153038025e-04
8.080243133008480072e-04
8.076349040493369102e-04
8.072354248724877834e-04
8.069596369750797749e-04
8.066577138379216194e-04
8.062477572821080685e-04
8.058116072788834572e-04
8.052236516959965229e-04
8.044980932027101517e-04
8.039888925850391388e-04
8.035311475396156311e-04
8.024534909054636955e-04
8.018044754862785339e-04
8.009452722035348415e-04
8.000953821465373039e-04
7.991142338141798973e-04
7.981566013768315315e-04
7.969923317432403564e-04
7.958346977829933167e-04
7.948028505779802799e-04
7.945797988213598728e-04
7.938282215036451817e-04
7.935550529509782791e-04
7.930091815069317818e-04
7.925623795017600060e-04
7.919067284092307091e-04
7.915940368548035622e-04
7.911061402410268784e-04
7.908235420472919941e-04
7.904544472694396973e-04
7.897508912719786167e-04
7.893706206232309341e-04
7.885207887738943100e-04
7.883631042204797268e-04
7.877510506659746170e-04
7.875571027398109436e-04
7.871831767261028290e-04
7.867394597269594669e-04
7.862749043852090836e-04
7.859037723392248154e-04
7.855228031985461712e-04
7.851519039832055569e-04
7.847949163988232613e-04
7.843418279662728310e-04
7.839729078114032745e-04
7.834619027562439442e-04
7.831593975424766541e-04
7.825518841855227947e-04
7.821492035873234272e-04
7.811082177795469761e-04
7.803253829479217529e-04
7.792194955982267857e-04
7.785913767293095589e-04
7.779538282193243504e-04
7.775523117743432522e-04
7.770943921059370041e-04
7.766217458993196487e-04
7.759873406030237675e-04
7.757696439512073994e-04
7.752139354124665260e-04
7.748138159513473511e-04
7.743126479908823967e-04
7.738287094980478287e-04
7.734332466498017311e-04
7.731865625828504562e-04
7.729409262537956238e-04
7.727315532974898815e-04
7.724641473032534122e-04
7.722992449998855591e-04
7.720337016507983208e-04
7.716155378147959709e-04
7.713611703366041183e-04
7.711258949711918831e-04
7.709665223956108093e-04
7.708185585215687752e-04
7.707379991188645363e-04
7.705454481765627861e-04
7.703518494963645935e-04
7.701367139816284180e-04
7.698931731283664703e-04
7.695495733059942722e-04
7.691972423344850540e-04
7.685881573706865311e-04
7.681343704462051392e-04
7.676873356103897095e-04
7.671928615309298038e-04
7.669567130506038666e-04
7.668234175071120262e-04
7.667136378586292267e-04
7.665805751457810402e-04
7.663621800020337105e-04
7.661702111363410950e-04
7.660512928850948811e-04
7.657319074496626854e-04
7.654893561266362667e-04
7.653420325368642807e-04
7.651209598407149315e-04
7.648809114471077919e-04
7.645448204129934311e-04
7.641837000846862793e-04
7.638081442564725876e-04
7.632988272234797478e-04
7.629999890923500061e-04
7.625343860127031803e-04
7.621624972671270370e-04
7.618098752573132515e-04
7.614755304530262947e-04
7.611109176650643349e-04
7.608989253640174866e-04
7.604345446452498436e-04
7.595501374453306198e-04
7.587373256683349609e-04
7.582132238894701004e-04
7.578597287647426128e-04
7.573582697659730911e-04
7.569458684884011745e-04
7.565278792753815651e-04
7.562764803878962994e-04
7.559369551017880440e-04
7.555509218946099281e-04
7.548289140686392784e-04
7.546109845861792564e-04
7.541702361777424812e-04
7.536312332376837730e-04
7.527092820964753628e-04
7.522444939240813255e-04
7.513603777624666691e-04
7.505929097533226013e-04
7.501195650547742844e-04
7.491250871680676937e-04
7.481923094019293785e-04
7.471232675015926361e-04
7.461451459676027298e-04
7.453317521139979362e-04
7.448605028912425041e-04
7.437245803885161877e-04
7.430851692333817482e-04
7.422704948112368584e-04
7.414810825139284134e-04
7.409740937873721123e-04
7.408338133245706558e-04
7.404253119602799416e-04
7.401828188449144363e-04
7.398250163532793522e-04
7.394709391519427299e-04
7.391612161882221699e-04
7.386281504295766354e-04
7.382883341051638126e-04
7.380407769232988358e-04
7.378019508905708790e-04
7.374412380158901215e-04
7.366699865087866783e-04
7.361557800322771072e-04
7.355817360803484917e-04
7.349385414272546768e-04
7.345273625105619431e-04
7.340749725699424744e-04
7.337907445617020130e-04
7.336601847782731056e-04
7.333856774494051933e-04
7.328476058319211006e-04
7.325980113819241524e-04
7.323570316657423973e-04
7.321855518966913223e-04
7.319492287933826447e-04
7.317764684557914734e-04
7.314443355426192284e-04
7.310454966500401497e-04
7.308529457077383995e-04
7.306953775696456432e-04
7.304723840206861496e-04
7.302538724616169930e-04
7.300064899027347565e-04
7.296652765944600105e-04
7.291499641723930836e-04
7.284919847734272480e-04
7.278316188603639603e-04
7.272140937857329845e-04
7.264865562319755554e-04
7.261399296112358570e-04
7.256522076204419136e-04
7.251283386722207069e-04
7.247249013744294643e-04
7.242528954520821571e-04
7.240995182655751705e-04
7.236397359520196915e-04
7.233452633954584599e-04
7.228315225802361965e-04
7.222293061204254627e-04
7.219731342047452927e-04
7.214306388050317764e-04
7.210894254967570305e-04
7.207797025330364704e-04
7.204742869362235069e-04
7.202813867479562759e-04
7.198443636298179626e-04
7.192845223471522331e-04
7.189750904217362404e-04
7.186483126133680344e-04
7.183123962022364140e-04
7.175279315561056137e-04
7.170503959059715271e-04
7.166051655076444149e-04
7.164821727201342583e-04
7.163393893279135227e-04
7.163176778703927994e-04
7.161202374845743179e-04
7.159692468121647835e-04
7.158721564337611198e-04
7.155699422582983971e-04
7.154007325880229473e-04
7.152515463531017303e-04
7.150657474994659424e-04
7.148241857066750526e-04
7.145967101678252220e-04
7.144225528463721275e-04
7.141388487070798874e-04
7.135978667065501213e-04
7.130800513550639153e-04
7.126396521925926208e-04
7.124722469598054886e-04
7.124314433895051479e-04
7.123934337869286537e-04
7.121091475710272789e-04
7.118315552361309528e-04
7.115827174857258797e-04
7.113311439752578735e-04
7.112006423994898796e-04
7.111714221537113190e-04
7.109839934855699539e-04
7.108607096597552299e-04
7.107041310518980026e-04
7.106239208951592445e-04
7.105351542122662067e-04
7.102823001332581043e-04
7.101828232407569885e-04
7.100618095137178898e-04
7.099159993231296539e-04
7.098182104527950287e-04
7.095764158293604851e-04
7.092644809745252132e-04
7.091431180015206337e-04
7.088819984346628189e-04
7.087457925081253052e-04
7.084505050443112850e-04
7.082015508785843849e-04
7.081645308062434196e-04
7.079472998157143593e-04
7.078396156430244446e-04
7.076475885696709156e-04
7.075699395500123501e-04
7.073771557770669460e-04
7.072197040542960167e-04
7.070717401802539825e-04
7.068077102303504944e-04
7.065692916512489319e-04
7.063289522193372250e-04
7.061365759000182152e-04
7.059929776005446911e-04
7.058185292407870293e-04
7.054482121020555496e-04
7.052071159705519676e-04
7.048499537631869316e-04
7.046775426715612411e-04
7.044262019917368889e-04
7.042246870696544647e-04
7.038831245154142380e-04
7.036298047751188278e-04
7.032206049188971519e-04
7.027245592325925827e-04
7.022297941148281097e-04
7.019923650659620762e-04
7.018751930445432663e-04
7.016977760940790176e-04
7.015542942099273205e-04
7.012464338913559914e-04
7.007973035797476768e-04
7.006146479398012161e-04
7.004210492596030235e-04
7.002382772043347359e-04
6.998658645898103714e-04
6.998562021180987358e-04
6.991835543885827065e-04
6.989332614466547966e-04
6.985671352595090866e-04
6.981189362704753876e-04
6.975104915909469128e-04
6.972579285502433777e-04
6.968464003875851631e-04
6.963021587580442429e-04
6.956252036616206169e-04
6.947647780179977417e-04
6.942655891180038452e-04
6.935865967534482479e-04
6.932835094630718231e-04
6.930822273716330528e-04
6.927252979949116707e-04
6.922034081071615219e-04
6.920683081261813641e-04
6.917688297107815742e-04
6.913322722539305687e-04
6.911122472956776619e-04
6.908443756401538849e-04
6.906485650688409805e-04
6.904107285663485527e-04
6.900189910084009171e-04
6.898035062476992607e-04
6.896326085552573204e-04
6.892498349770903587e-04
6.890587392263114452e-04
6.888000061735510826e-04
6.885069888085126877e-04
6.882450543344020844e-04
6.879948778077960014e-04
6.876607658341526985e-04
6.872803205624222755e-04
6.870714714750647545e-04
6.868408527225255966e-04
6.865439936518669128e-04
6.861824076622724533e-04
6.856050458736717701e-04
6.853213999420404434e-04
6.848212797194719315e-04
6.845178431831300259e-04
6.842837901785969734e-04
6.840266287326812744e-04
6.836988031864166260e-04
6.834518862888216972e-04
6.833032239228487015e-04
6.832915823906660080e-04
6.830762722529470921e-04
6.828572368249297142e-04
6.826708558946847916e-04
6.825473392382264137e-04
6.823872681707143784e-04
6.822657305747270584e-04
6.820381968282163143e-04
6.818200345151126385e-04
6.814959924668073654e-04
6.813816726207733154e-04
6.810750346630811691e-04
6.809600163251161575e-04
6.807523313909769058e-04
6.801028503105044365e-04
6.795333465561270714e-04
6.793934153392910957e-04
6.787998136132955551e-04
6.786574376747012138e-04
6.785187288187444210e-04
6.782665150240063667e-04
6.781593547202646732e-04
6.779243121854960918e-04
6.778320530429482460e-04
6.777109229005873203e-04
6.776102818548679352e-04
6.774222711101174355e-04
6.773474160581827164e-04
6.771436892449855804e-04
6.770178442820906639e-04
6.768848979845643044e-04
6.768011371605098248e-04
6.766263395547866821e-04
6.762462435290217400e-04
6.759134121239185333e-04
6.755757494829595089e-04
6.752373883500695229e-04
6.748411105945706367e-04
6.744822021573781967e-04
6.739699747413396835e-04
6.737518124282360077e-04
6.734315538778901100e-04
6.730228196829557419e-04
6.724360282532870770e-04
6.716765929013490677e-04
6.712178583256900311e-04
6.707113934680819511e-04
6.703962571918964386e-04
6.701789097860455513e-04
6.699596997350454330e-04
6.694474723190069199e-04
6.691313465125858784e-04
6.687383865937590599e-04
6.684575928375124931e-04
6.681397790089249611e-04
6.679838988929986954e-04
6.678937934339046478e-04
6.677628261968493462e-04
6.676026969216763973e-04
6.672893650829792023e-04
6.670206203125417233e-04
6.667406996712088585e-04
6.665155524387955666e-04
6.664801621809601784e-04
6.663277745246887207e-04
6.662086816504597664e-04
6.659874925389885902e-04
6.658501224592328072e-04
6.656231125816702843e-04
6.654274184256792068e-04
6.652593147009611130e-04
6.651375442743301392e-04
6.650065770372748375e-04
6.648450507782399654e-04
6.646711844950914383e-04
6.644910899922251701e-04
6.644222303293645382e-04
6.643181550316512585e-04
6.641453364863991737e-04
6.639993516728281975e-04
6.639150669798254967e-04
6.638056947849690914e-04
6.637532496824860573e-04
6.635488243773579597e-04
6.633987650275230408e-04
6.632070872001349926e-04
6.630531279370188713e-04
6.630191928707063198e-04
6.629320560023188591e-04
6.626202957704663277e-04
6.623405497521162033e-04
6.620886269956827164e-04
6.618157494813203812e-04
6.615475285798311234e-04
6.612328579649329185e-04
6.608781404793262482e-04
6.605566595681011677e-04
6.603549700230360031e-04
6.603116053156554699e-04
6.601600907742977142e-04
6.599876796826720238e-04
6.599136395379900932e-04
6.597231840714812279e-04
6.596168968826532364e-04
6.594874430447816849e-04
6.593256257474422455e-04
6.590592674911022186e-04
6.589294061996042728e-04
6.586665986105799675e-04
6.585428491234779358e-04
6.583480862900614738e-04
6.580922054126858711e-04
6.576679879799485207e-04
6.575569277629256248e-04
6.570082623511552811e-04
6.568203680217266083e-04
6.566792144440114498e-04
6.566073861904442310e-04
6.563856732100248337e-04
6.562841590493917465e-04
6.560710025951266289e-04
6.558827590197324753e-04
6.554431165568530560e-04
6.549732643179595470e-04
6.545836804434657097e-04
6.542539922520518303e-04
6.540399044752120972e-04
6.535331485792994499e-04
6.529765087179839611e-04
6.525807548314332962e-04
6.523809279315173626e-04
6.521524628624320030e-04
6.517887813970446587e-04
6.514568813145160675e-04
6.509723025374114513e-04
6.505214842036366463e-04
6.500182207673788071e-04
6.499374867416918278e-04
6.496332352980971336e-04
6.493104156106710434e-04
6.488145445473492146e-04
6.484756013378500938e-04
6.481471355073153973e-04
6.477663409896194935e-04
6.472114473581314087e-04
6.470176158472895622e-04
6.465764599852263927e-04
6.464266916736960411e-04
6.462981691583991051e-04
6.461443845182657242e-04
6.456102710217237473e-04
6.454797694459557533e-04
6.449554348364472389e-04
6.446376210078597069e-04
6.442394806072115898e-04
6.439482094720005989e-04
6.436181720346212387e-04
6.434454116970300674e-04
6.432214286178350449e-04
6.428150227293372154e-04
6.421748548746109009e-04
6.419762503355741501e-04
6.415952229872345924e-04
6.414989475160837173e-04
6.413085502572357655e-04
6.410591886378824711e-04
6.407418404705822468e-04
6.405116291716694832e-04
6.403508014045655727e-04
6.401990540325641632e-04
6.399273406714200974e-04
6.397839752025902271e-04
6.392606301233172417e-04
6.391403148882091045e-04
6.389584741555154324e-04
6.388277979567646980e-04
6.385768065229058266e-04
6.380917038768529892e-04
6.375503726303577423e-04
6.369110196828842163e-04
6.366820307448506355e-04
6.364042637869715691e-04
6.362353451550006866e-04
6.360172992572188377e-04
6.355208461172878742e-04
6.352144991979002953e-04
6.345849251374602318e-04
6.342432461678981781e-04
6.339397514238953590e-04
6.337246159091591835e-04
6.334559293463826180e-04
6.332001648843288422e-04
6.329775205813348293e-04
6.327212322503328323e-04
6.324321730062365532e-04
6.320398533716797829e-04
6.315018399618566036e-04
6.308485753834247589e-04
6.303108530119061470e-04
6.299343076534569263e-04
6.296189967542886734e-04
6.293866899795830250e-04
6.290660821832716465e-04
6.286812713369727135e-04
6.284660194069147110e-04
6.282272515818476677e-04
6.280466914176940918e-04
6.278750952333211899e-04
6.275015184655785561e-04
6.272258469834923744e-04
6.268161814659833908e-04
6.261918460950255394e-04
6.255910848267376423e-04
6.251942832022905350e-04
6.246976554393768311e-04
6.242626695893704891e-04
6.236922927200794220e-04
6.230391445569694042e-04
6.224690005183219910e-04
6.221390794962644577e-04
6.217961199581623077e-04
6.216717883944511414e-04
6.214543827809393406e-04
6.212691077962517738e-04
6.211476284079253674e-04
6.209175335243344307e-04
6.206596153788268566e-04
6.204951787367463112e-04
6.203285302035510540e-04
6.201380165293812752e-04
6.199805648066103458e-04
6.197345792315900326e-04
6.196282338351011276e-04
6.193678127601742744e-04
6.192132132127881050e-04
6.190859712660312653e-04
6.188268307596445084e-04
6.184984231367707253e-04
6.183864315971732140e-04
6.181725766509771347e-04
6.180804921314120293e-04
6.178861949592828751e-04
6.176203605718910694e-04
6.173677975311875343e-04
6.169537664391100407e-04
6.165454396978020668e-04
6.163044599816203117e-04
6.160166813060641289e-04
6.152201676741242409e-04
6.150004919618368149e-04
6.145302904769778252e-04
6.141212070360779762e-04
6.137499003671109676e-04
6.133675924502313137e-04
6.127611268311738968e-04
6.125777726992964745e-04
6.123770726844668388e-04
6.122677586972713470e-04
6.121001206338405609e-04
6.119671743363142014e-04
6.118046585470438004e-04
6.116147851571440697e-04
6.113681010901927948e-04
6.112323026172816753e-04
6.109910900704562664e-04
6.108457455411553383e-04
6.106458604335784912e-04
6.103142513893544674e-04
6.100485916249454021e-04
6.098425947129726410e-04
6.096903816796839237e-04
6.094438722357153893e-04
6.091548129916191101e-04
6.089168600738048553e-04
6.085706409066915512e-04
6.081775063648819923e-04
6.080293096601963043e-04
6.078584119677543640e-04
6.077227881178259850e-04
6.073881522752344608e-04
6.073679542168974876e-04
6.070571835152804852e-04
6.069343653507530689e-04
6.068230723030865192e-04
6.066650967113673687e-04
6.065830821171402931e-04
6.064734188839793205e-04
6.063951295800507069e-04
6.063390756025910378e-04
6.061076419427990913e-04
6.060149171389639378e-04
6.058292347006499767e-04
6.056613055989146233e-04
6.054834229871630669e-04
6.052475655451416969e-04
6.049887160770595074e-04
6.047014612704515457e-04
6.045320769771933556e-04
6.042945315130054951e-04
6.041198503226041794e-04
6.039305590093135834e-04
6.037091370671987534e-04
6.035981932654976845e-04
6.034866091795265675e-04
6.034029647707939148e-04
6.031958619132637978e-04
6.030278746038675308e-04
6.029036594554781914e-04
6.027130875736474991e-04
6.026534829288721085e-04
6.024943431839346886e-04
6.023369496688246727e-04
6.021715234965085983e-04
6.019793800078332424e-04
6.015483522787690163e-04
6.013293750584125519e-04
6.010280922055244446e-04
6.007836200296878815e-04
6.003207527101039886e-04
5.999901331961154938e-04
5.996191757731139660e-04
5.993105587549507618e-04
5.990668432787060738e-04
5.986923933960497379e-04
5.984216695651412010e-04
5.981075810268521309e-04
5.979514680802822113e-04
5.977846449241042137e-04
5.976119427941739559e-04
5.974106024950742722e-04
5.972253857180476189e-04
5.969763733446598053e-04
5.967669421806931496e-04
5.965636228211224079e-04
5.964463343843817711e-04
5.962185095995664597e-04
5.961784627288579941e-04
5.957921384833753109e-04
5.956433597020804882e-04
5.954994121566414833e-04
5.952523206360638142e-04
5.950126796960830688e-04
5.948583129793405533e-04
5.946094752289354801e-04
5.943333380855619907e-04
5.940463161095976830e-04
5.935348453931510448e-04
5.930426996201276779e-04
5.926986923441290855e-04
5.922524142079055309e-04
5.920323892496526241e-04
5.918836686760187149e-04
5.916682421229779720e-04
5.915208603255450726e-04
5.912712076678872108e-04
5.911492626182734966e-04
5.908717866986989975e-04
5.907478043809533119e-04
5.905508878640830517e-04
5.904295248910784721e-04
5.902699776925146580e-04
5.900254473090171814e-04
5.899368552491068840e-04
5.897574592381715775e-04
5.896815564483404160e-04
5.895525682717561722e-04
5.893734050914645195e-04
5.891018081456422806e-04
5.889442982152104378e-04
5.887633305974304676e-04
5.886781145818531513e-04
5.886185099370777607e-04
5.884970305487513542e-04
5.882788682356476784e-04
5.881598917767405510e-04
5.879314849153161049e-04
5.878951051272451878e-04
5.877607036381959915e-04
5.877115181647241116e-04
5.876204231753945351e-04
5.874760099686682224e-04
5.873166956007480621e-04
5.871320609003305435e-04
5.868539446964859962e-04
5.867601721547544003e-04
5.864709382876753807e-04
5.863491678610444069e-04
5.862547550350427628e-04
5.860335077159106731e-04
5.859107477590441704e-04
5.857418291270732880e-04
5.856505595147609711e-04
5.854667979292571545e-04
5.853415350429713726e-04
5.852141766808927059e-04
5.851195892319083214e-04
5.849938606843352318e-04
5.849311710335314274e-04
5.848046275787055492e-04
5.846560234203934669e-04
5.845557898283004761e-04
5.844386760145425797e-04
5.842414684593677521e-04
5.839661462232470512e-04
5.836815107613801956e-04
5.835975753143429756e-04
5.831975140608847141e-04
5.831647431477904320e-04
5.831178277730941772e-04
5.830280715599656105e-04
5.830280715599656105e-04
5.830280715599656105e-04
