1.909676170349121094e+01
1.909676361083984375e+01
1.906821632385253906e+01
1.902960395812988281e+01
1.898547935485839844e+01
1.894077491760253906e+01
1.889989280700683594e+01
1.886620521545410156e+01
1.884236717224121094e+01
1.882858848571777344e+01
1.882139778137207031e+01
1.881545829772949219e+01
1.880444526672363281e+01
1.878378295898437500e+01
1.875574111938476562e+01
1.872655105590820312e+01
1.870107269287109375e+01
1.868049049377441406e+01
1.866306304931640625e+01
1.864610862731933594e+01
1.862691116333007812e+01
1.860214233398437500e+01
1.856673049926757812e+01
1.851273155212402344e+01
1.842860794067382812e+01
1.830235671997070312e+01
1.812976264953613281e+01
1.792212295532226562e+01
1.768504524230957031e+01
1.735681533813476562e+01
1.691984367370605469e+01
1.644171905517578125e+01
1.594182777404785156e+01
1.533570957183837891e+01
1.472340869903564453e+01
1.430487442016601562e+01
1.390434551239013672e+01
1.382329273223876953e+01
1.360004138946533203e+01
1.337170791625976562e+01
1.317801380157470703e+01
1.317704772949218750e+01
1.330861282348632812e+01
1.329918479919433594e+01
1.327220344543457031e+01
1.314057254791259766e+01
1.301773643493652344e+01
1.294119071960449219e+01
1.287961196899414062e+01
1.281081867218017578e+01
1.271832942962646484e+01
1.269467544555664062e+01
1.267985343933105469e+01
1.264193630218505859e+01
1.263192558288574219e+01
1.261375999450683594e+01
1.258176231384277344e+01
1.254922294616699219e+01
1.251030731201171875e+01
1.247441101074218750e+01
1.242217922210693359e+01
1.238019180297851562e+01
1.236683273315429688e+01
1.234890842437744141e+01
1.234061145782470703e+01
1.233129787445068359e+01
1.231187725067138672e+01
1.228523349761962891e+01
1.225641250610351562e+01
1.223490905761718750e+01
1.220658111572265625e+01
1.218703174591064453e+01
1.217266178131103516e+01
1.215916347503662109e+01
1.214804744720458984e+01
1.213466739654541016e+01
1.211904239654541016e+01
1.209623241424560547e+01
1.207635498046875000e+01
1.205473327636718750e+01
1.203381633758544922e+01
1.201436805725097656e+01
1.199470138549804688e+01
1.197143650054931641e+01
1.194598960876464844e+01
1.191979312896728516e+01
1.189222145080566406e+01
1.186507320404052734e+01
1.183552932739257812e+01
1.180258464813232422e+01
1.176740360260009766e+01
1.173171997070312500e+01
1.169478511810302734e+01
1.165721511840820312e+01
1.161847305297851562e+01
1.157687664031982422e+01
1.153338813781738281e+01
1.148814105987548828e+01
1.144323539733886719e+01
1.139836311340332031e+01
1.135350418090820312e+01
1.130911827087402344e+01
1.126573276519775391e+01
1.122378540039062500e+01
1.118331336975097656e+01
1.114462184906005859e+01
1.110772323608398438e+01
1.107337093353271484e+01
1.104135322570800781e+01
1.101092624664306641e+01
1.098178291320800781e+01
1.095385265350341797e+01
1.092760848999023438e+01
1.090259552001953125e+01
1.087814807891845703e+01
1.085366249084472656e+01
1.082830142974853516e+01
1.080208778381347656e+01
1.077454853057861328e+01
1.074528121948242188e+01
1.071369743347167969e+01
1.067940330505371094e+01
1.064232254028320312e+01
1.060247230529785156e+01
1.055997848510742188e+01
1.051504516601562500e+01
1.046861267089843750e+01
1.042231464385986328e+01
1.037762069702148438e+01
1.033500099182128906e+01
1.029428482055664062e+01
1.025547409057617188e+01
1.021901512145996094e+01
1.018555068969726562e+01
1.015948295593261719e+01
1.015561676025390625e+01
1.021837043762207031e+01
1.028802490234375000e+01
1.013821125030517578e+01
1.003074741363525391e+01
1.013791561126708984e+01
1.001224040985107422e+01
9.971620559692382812e+00
1.001577472686767578e+01
9.887890815734863281e+00
9.928093910217285156e+00
9.878723144531250000e+00
9.823892593383789062e+00
9.850028038024902344e+00
9.770700454711914062e+00
9.777473449707031250e+00
9.754884719848632812e+00
9.701065063476562500e+00
9.718640327453613281e+00
9.667321205139160156e+00
9.643861770629882812e+00
9.647393226623535156e+00
9.594716072082519531e+00
9.589884757995605469e+00
9.580191612243652344e+00
9.538856506347656250e+00
9.536620140075683594e+00
9.525663375854492188e+00
9.491987228393554688e+00
9.486739158630371094e+00
9.479557991027832031e+00
9.452100753784179688e+00
9.437780380249023438e+00
9.434486389160156250e+00
9.414694786071777344e+00
9.393948554992675781e+00
9.387430191040039062e+00
9.376706123352050781e+00
9.356397628784179688e+00
9.341320991516113281e+00
9.333004951477050781e+00
9.318237304687500000e+00
9.299082756042480469e+00
9.285968780517578125e+00
9.275583267211914062e+00
9.260515213012695312e+00
9.243769645690917969e+00
9.231082916259765625e+00
9.219987869262695312e+00
9.205797195434570312e+00
9.189524650573730469e+00
9.174844741821289062e+00
9.161863327026367188e+00
9.147594451904296875e+00
9.130925178527832031e+00
9.113692283630371094e+00
9.097167015075683594e+00
9.080988883972167969e+00
9.063951492309570312e+00
9.045274734497070312e+00
9.025860786437988281e+00
9.006326675415039062e+00
8.987575531005859375e+00
8.969905853271484375e+00
8.953476905822753906e+00
8.938804626464843750e+00
8.923101425170898438e+00
8.922863960266113281e+00
8.921435356140136719e+00
8.919914245605468750e+00
8.915867805480957031e+00
8.909160614013671875e+00
8.895277976989746094e+00
8.873528480529785156e+00
8.847404479980468750e+00
8.839487075805664062e+00
8.828047752380371094e+00
8.821571350097656250e+00
8.816036224365234375e+00
8.806367874145507812e+00
8.798000335693359375e+00
8.780798912048339844e+00
8.768600463867187500e+00
8.754914283752441406e+00
8.739768981933593750e+00
8.724338531494140625e+00
8.711812973022460938e+00
8.695342063903808594e+00
8.674585342407226562e+00
8.662765502929687500e+00
8.644554138183593750e+00
8.620154380798339844e+00
8.593868255615234375e+00
8.576212882995605469e+00
8.565353393554687500e+00
8.553662300109863281e+00
8.550801277160644531e+00
8.543153762817382812e+00
8.524091720581054688e+00
8.499542236328125000e+00
8.476482391357421875e+00
8.463316917419433594e+00
8.450548171997070312e+00
8.440379142761230469e+00
8.429838180541992188e+00
8.421566009521484375e+00
8.412006378173828125e+00
8.396991729736328125e+00
8.384310722351074219e+00
8.367399215698242188e+00
8.346222877502441406e+00
8.312222480773925781e+00
8.271759986877441406e+00
8.218564987182617188e+00
8.172685623168945312e+00
8.153718948364257812e+00
8.130254745483398438e+00
8.107844352722167969e+00
8.082842826843261719e+00
8.034436225891113281e+00
7.978549957275390625e+00
7.931486129760742188e+00
7.844107151031494141e+00
7.767529010772705078e+00
7.637179374694824219e+00
7.554566383361816406e+00
7.495812892913818359e+00
7.409343719482421875e+00
7.278457641601562500e+00
7.143119335174560547e+00
7.046326160430908203e+00
6.969557762145996094e+00
6.891012191772460938e+00
6.771687507629394531e+00
6.666069984436035156e+00
6.512472629547119141e+00
6.295068264007568359e+00
6.119390010833740234e+00
6.013188838958740234e+00
5.979708671569824219e+00
5.884327411651611328e+00
5.829154014587402344e+00
5.755446434020996094e+00
5.686538696289062500e+00
5.646240234375000000e+00
5.611838340759277344e+00
5.556566715240478516e+00
5.460129261016845703e+00
5.344216823577880859e+00
5.283661842346191406e+00
5.246236801147460938e+00
5.221098423004150391e+00
5.199358463287353516e+00
5.175557613372802734e+00
5.145933151245117188e+00
5.092837333679199219e+00
5.021635055541992188e+00
4.914744853973388672e+00
4.849431991577148438e+00
4.740609645843505859e+00
4.693926811218261719e+00
4.638051509857177734e+00
4.603664875030517578e+00
4.554456710815429688e+00
4.525116443634033203e+00
4.483941078186035156e+00
4.391437053680419922e+00
4.359968185424804688e+00
4.277751445770263672e+00
4.190155029296875000e+00
4.089159011840820312e+00
4.028861522674560547e+00
3.983644485473632812e+00
3.963868856430053711e+00
3.910125970840454102e+00
3.884350299835205078e+00
3.847411394119262695e+00
3.799329280853271484e+00
3.772720098495483398e+00
3.756963014602661133e+00
3.739351272583007812e+00
3.733143568038940430e+00
3.725572109222412109e+00
3.716338157653808594e+00
3.698321580886840820e+00
3.680167675018310547e+00
3.659267902374267578e+00
3.643744468688964844e+00
3.627035856246948242e+00
3.581323385238647461e+00
3.532677173614501953e+00
3.485609054565429688e+00
3.468237161636352539e+00
3.440259456634521484e+00
3.425995826721191406e+00
3.410646677017211914e+00
3.379936218261718750e+00
3.361043453216552734e+00
3.332087755203247070e+00
3.299989223480224609e+00
3.284090757369995117e+00
3.259989500045776367e+00
3.226605653762817383e+00
3.200757503509521484e+00
3.175471782684326172e+00
3.144251108169555664e+00
3.102576494216918945e+00
3.077509880065917969e+00
3.059101104736328125e+00
3.023195266723632812e+00
2.974525928497314453e+00
2.934448719024658203e+00
2.912387371063232422e+00
2.864248991012573242e+00
2.838451147079467773e+00
2.809964656829833984e+00
2.787607908248901367e+00
2.754093647003173828e+00
2.734751462936401367e+00
2.712500095367431641e+00
2.698650360107421875e+00
2.688632726669311523e+00
2.658282756805419922e+00
2.628607034683227539e+00
2.592242956161499023e+00
2.554274320602416992e+00
2.535548686981201172e+00
2.528228998184204102e+00
2.522414445877075195e+00
2.513546228408813477e+00
2.503089427947998047e+00
2.483939409255981445e+00
2.453588485717773438e+00
2.428068161010742188e+00
2.407454252243041992e+00
2.399664402008056641e+00
2.392139196395874023e+00
2.378916263580322266e+00
2.366936445236206055e+00
2.356950521469116211e+00
2.343939781188964844e+00
2.334709882736206055e+00
2.330822944641113281e+00
2.326780319213867188e+00
2.319021701812744141e+00
2.307489395141601562e+00
2.298654556274414062e+00
2.293253421783447266e+00
2.288160324096679688e+00
2.282232522964477539e+00
2.276378631591796875e+00
2.270651817321777344e+00
2.266546487808227539e+00
2.258983612060546875e+00
2.249094963073730469e+00
2.241080045700073242e+00
2.226294040679931641e+00
2.206586599349975586e+00
2.190065145492553711e+00
2.176611423492431641e+00
2.167914390563964844e+00
2.163743257522583008e+00
2.156738996505737305e+00
2.146460771560668945e+00
2.127650499343872070e+00
2.085608720779418945e+00
2.032056808471679688e+00
1.970001339912414551e+00
1.900180816650390625e+00
1.837579250335693359e+00
1.791008830070495605e+00
1.739183425903320312e+00
1.699492692947387695e+00
1.646860957145690918e+00
1.596992611885070801e+00
1.570953845977783203e+00
1.533921360969543457e+00
1.500175714492797852e+00
1.479233384132385254e+00
1.450664281845092773e+00
1.434686899185180664e+00
1.397431015968322754e+00
1.337285399436950684e+00
1.281819343566894531e+00
1.250521898269653320e+00
1.226252198219299316e+00
1.209656238555908203e+00
1.187071442604064941e+00
1.143027305603027344e+00
1.114947557449340820e+00
1.066739678382873535e+00
1.017881035804748535e+00
9.861727952957153320e-01
9.548202753067016602e-01
9.288187026977539062e-01
8.965926170349121094e-01
8.628994822502136230e-01
8.326491713523864746e-01
7.869465351104736328e-01
7.502723336219787598e-01
7.289633154869079590e-01
6.911916732788085938e-01
6.653679013252258301e-01
6.453558802604675293e-01
6.289376020431518555e-01
6.149989962577819824e-01
5.960835814476013184e-01
5.837814807891845703e-01
5.663552880287170410e-01
5.377917289733886719e-01
5.178385972976684570e-01
4.877622127532958984e-01
4.720613956451416016e-01
4.629540741443634033e-01
4.482210874557495117e-01
4.294873476028442383e-01
4.086517095565795898e-01
3.799125850200653076e-01
3.545800149440765381e-01
3.389556705951690674e-01
3.309857249259948730e-01
3.249904215335845947e-01
3.207830488681793213e-01
3.172535598278045654e-01
3.129894435405731201e-01
3.061719238758087158e-01
3.034628331661224365e-01
2.977110445499420166e-01
2.960157692432403564e-01
2.937550544738769531e-01
2.896889448165893555e-01
2.830081880092620850e-01
2.777593731880187988e-01
2.715951204299926758e-01
2.671667635440826416e-01
2.637387216091156006e-01
2.593743503093719482e-01
2.557945251464843750e-01
2.525379955768585205e-01
2.484478801488876343e-01
2.439467608928680420e-01
2.403546422719955444e-01
2.375323772430419922e-01
2.364759296178817749e-01
2.353195399045944214e-01
2.335942685604095459e-01
2.318954616785049438e-01
2.295431792736053467e-01
2.266640514135360718e-01
2.235552817583084106e-01
2.185633927583694458e-01
2.174235284328460693e-01
2.163275778293609619e-01
2.151013761758804321e-01
2.142626345157623291e-01
2.125439494848251343e-01
2.100437879562377930e-01
2.074599415063858032e-01
2.043713480234146118e-01
2.019565701484680176e-01
2.002303153276443481e-01
1.989064514636993408e-01
1.974636167287826538e-01
1.959784924983978271e-01
1.932904720306396484e-01
1.903275102376937866e-01
1.885946840047836304e-01
1.866767108440399170e-01
1.857856065034866333e-01
1.850395500659942627e-01
1.838630586862564087e-01
1.822564750909805298e-01
1.818232536315917969e-01
1.797090470790863037e-01
1.787717789411544800e-01
1.775774359703063965e-01
1.753772944211959839e-01
1.736813038587570190e-01
1.721512228250503540e-01
1.710172593593597412e-01
1.700493097305297852e-01
1.686656177043914795e-01
1.673176139593124390e-01
1.663236469030380249e-01
1.656253337860107422e-01
1.648310869932174683e-01
1.645679324865341187e-01
1.637525558471679688e-01
1.629960983991622925e-01
1.620889753103256226e-01
1.607037037611007690e-01
1.588924825191497803e-01
1.566457152366638184e-01
1.545839011669158936e-01
1.525040417909622192e-01
1.509334146976470947e-01
1.493029296398162842e-01
1.473972052335739136e-01
1.453251987695693970e-01
1.433672010898590088e-01
1.417554616928100586e-01
1.399895101785659790e-01
1.384368985891342163e-01
1.377239823341369629e-01
1.372148990631103516e-01
1.362938880920410156e-01
1.350895017385482788e-01
1.345395743846893311e-01
1.325003057718276978e-01
1.311098784208297729e-01
1.294843405485153198e-01
1.281706094741821289e-01
1.269384920597076416e-01
1.256500482559204102e-01
1.244497746229171753e-01
1.233791857957839966e-01
1.224369183182716370e-01
1.217254549264907837e-01
1.207930818200111389e-01
1.201199069619178772e-01
1.192998290061950684e-01
1.187409162521362305e-01
1.182651147246360779e-01
1.174667552113533020e-01
1.167183667421340942e-01
1.157656535506248474e-01
1.151780188083648682e-01
1.145950034260749817e-01
1.141682341694831848e-01
1.134488210082054138e-01
1.129316762089729309e-01
1.113045066595077515e-01
1.105077713727951050e-01
1.094993352890014648e-01
1.084477230906486511e-01
1.071094051003456116e-01
1.063523888587951660e-01
1.051035672426223755e-01
1.037714183330535889e-01
1.026568189263343811e-01
1.014177501201629639e-01
1.005211398005485535e-01
9.975147247314453125e-02
9.932742267847061157e-02
9.903882443904876709e-02
9.875112771987915039e-02
9.828547388315200806e-02
9.773354232311248779e-02
9.705002605915069580e-02
9.625577926635742188e-02
9.499679505825042725e-02
9.424750506877899170e-02
9.373047947883605957e-02
9.337966889142990112e-02
9.304051101207733154e-02
9.269698709249496460e-02
9.229683876037597656e-02
9.198882430791854858e-02
9.168487042188644409e-02
9.114279597997665405e-02
9.079699963331222534e-02
8.996630460023880005e-02
8.905363082885742188e-02
8.778793364763259888e-02
8.660663664340972900e-02
8.545355498790740967e-02
8.478666841983795166e-02
8.441913127899169922e-02
8.420545607805252075e-02
8.402433246374130249e-02
8.384130150079727173e-02
8.360597491264343262e-02
8.331967890262603760e-02
8.267407119274139404e-02
8.197103440761566162e-02
8.126036822795867920e-02
8.067846298217773438e-02
8.035042136907577515e-02
7.983393222093582153e-02
7.919213920831680298e-02
7.857695221900939941e-02
7.771870493888854980e-02
7.696946710348129272e-02
7.677666842937469482e-02
7.591128349304199219e-02
7.562842965126037598e-02
7.486738264560699463e-02
7.391057908535003662e-02
7.342657446861267090e-02
7.211120426654815674e-02
7.156217843294143677e-02
7.096566259860992432e-02
6.990801542997360229e-02
6.941586732864379883e-02
6.852671504020690918e-02
6.814015656709671021e-02
6.777050346136093140e-02
6.748869270086288452e-02
6.710617989301681519e-02
6.663566827774047852e-02
6.624691933393478394e-02
6.604741513729095459e-02
6.594146788120269775e-02
6.587080657482147217e-02
6.578689068555831909e-02
6.570161879062652588e-02
6.561668217182159424e-02
6.550224870443344116e-02
6.534571945667266846e-02
6.505171954631805420e-02
6.488497555255889893e-02
6.475976109504699707e-02
6.446821242570877075e-02
6.411504745483398438e-02
6.375212967395782471e-02
6.323846429586410522e-02
6.287669390439987183e-02
6.250499933958053589e-02
6.217391788959503174e-02
6.184973940253257751e-02
6.154125183820724487e-02
6.127011030912399292e-02
6.108798086643218994e-02
6.097106263041496277e-02
6.086372211575508118e-02
6.069879978895187378e-02
6.057238951325416565e-02
6.034662574529647827e-02
6.022303551435470581e-02
6.004253774881362915e-02
5.988801270723342896e-02
5.970523878931999207e-02
5.946280807256698608e-02
5.923900753259658813e-02
5.911474302411079407e-02
5.899928510189056396e-02
5.885417386889457703e-02
5.856896191835403442e-02
5.830134823918342590e-02
5.809523165225982666e-02
5.785980075597763062e-02
5.761498212814331055e-02
5.718864873051643372e-02
5.687873810529708862e-02
5.627390369772911072e-02
5.583081766963005066e-02
5.513231456279754639e-02
5.493289604783058167e-02
5.429273098707199097e-02
5.397908762097358704e-02
5.349399894475936890e-02
5.279586836695671082e-02
5.233308300375938416e-02
5.203220620751380920e-02
5.177678540349006653e-02
5.140003561973571777e-02
5.105661600828170776e-02
5.069048330187797546e-02
5.057149007916450500e-02
5.022778362035751343e-02
4.987792670726776123e-02
4.955179989337921143e-02
4.932272806763648987e-02
4.912725090980529785e-02
4.890866577625274658e-02
4.856946319341659546e-02
4.800578206777572632e-02
4.779089242219924927e-02
4.760701954364776611e-02
4.736758396029472351e-02
4.711100831627845764e-02
4.682106152176856995e-02
4.641760885715484619e-02
4.606759548187255859e-02
4.578733816742897034e-02
4.551668465137481689e-02
4.522898048162460327e-02
4.509729519486427307e-02
4.482007399201393127e-02
4.462771862745285034e-02
4.432316124439239502e-02
4.397942498326301575e-02
4.355906322598457336e-02
4.320615157485008240e-02
4.279481619596481323e-02
4.251369461417198181e-02
4.231848567724227905e-02
4.216304048895835876e-02
4.199036210775375366e-02
4.176715016365051270e-02
4.157974943518638611e-02
4.143022745847702026e-02
4.126171395182609558e-02
4.116640985012054443e-02
4.107484966516494751e-02
4.096298664808273315e-02
4.078045114874839783e-02
4.060888662934303284e-02
4.045994952321052551e-02
4.037379845976829529e-02
4.022655636072158813e-02
4.007516428828239441e-02
3.988195955753326416e-02
3.972491621971130371e-02
3.956219926476478577e-02
3.943194821476936340e-02
3.933595865964889526e-02
3.924604505300521851e-02
3.916730359196662903e-02
3.906653448939323425e-02
3.888051211833953857e-02
3.876699134707450867e-02
3.860439732670783997e-02
3.840421885251998901e-02
3.826828300952911377e-02
3.810098022222518921e-02
3.786316141486167908e-02
3.771395608782768250e-02
3.744582086801528931e-02
3.728594630956649780e-02
3.699658066034317017e-02
3.688624873757362366e-02
3.680329397320747375e-02
3.671538829803466797e-02
3.661011531949043274e-02
3.648952022194862366e-02
3.633366152644157410e-02
3.612418472766876221e-02
3.588955476880073547e-02
3.565857559442520142e-02
3.550718724727630615e-02
3.538386151194572449e-02
3.528621420264244080e-02
3.521273657679557800e-02
3.509743511676788330e-02
3.495385125279426575e-02
3.491947799921035767e-02
3.480865433812141418e-02
3.474734723567962646e-02
3.467465192079544067e-02
3.464653715491294861e-02
3.460637852549552917e-02
3.453161194920539856e-02
3.445467352867126465e-02
3.443094715476036072e-02
3.429298475384712219e-02
3.423016145825386047e-02
3.409869596362113953e-02
3.393886983394622803e-02
3.382663801312446594e-02
3.362648189067840576e-02
3.345926478505134583e-02
3.328999131917953491e-02
3.319311887025833130e-02
3.307405486702919006e-02
3.298161551356315613e-02
3.290590271353721619e-02
3.281576558947563171e-02
3.273524343967437744e-02
3.263426199555397034e-02
3.251062333583831787e-02
3.243315219879150391e-02
3.230563178658485413e-02
3.216977417469024658e-02
3.205252438783645630e-02
3.190273046493530273e-02
3.179452568292617798e-02
3.167553991079330444e-02
3.149189054965972900e-02
3.128271922469139099e-02
3.113969974219799042e-02
3.102573007345199585e-02
3.086409345269203186e-02
3.077859804034233093e-02
3.067691065371036530e-02
3.058037534356117249e-02
3.045289404690265656e-02
3.031344711780548096e-02
3.018447197973728180e-02
3.011031821370124817e-02
3.006434068083763123e-02
3.001518175005912781e-02
2.997782640159130096e-02
2.993295155465602875e-02
2.988371253013610840e-02
2.983496338129043579e-02
2.979185059666633606e-02
2.974654547870159149e-02
2.969189547002315521e-02
2.965167909860610962e-02
2.961654029786586761e-02
2.959046512842178345e-02
2.955269627273082733e-02
2.945922128856182098e-02
2.942950278520584106e-02
2.938465401530265808e-02
2.935615926980972290e-02
2.931279502809047699e-02
2.924652770161628723e-02
2.913292124867439270e-02
2.906897477805614471e-02
2.894601412117481232e-02
2.884067781269550323e-02
2.874450758099555969e-02
2.861652150750160217e-02
2.854857593774795532e-02
2.841783687472343445e-02
2.835535258054733276e-02
2.829196304082870483e-02
2.824146114289760590e-02
2.816593460738658905e-02
2.812415175139904022e-02
2.805443108081817627e-02
2.798648923635482788e-02
2.791927941143512726e-02
2.782529592514038086e-02
2.766343951225280762e-02
2.751179225742816925e-02
2.739133313298225403e-02
2.726653963327407837e-02
2.713838778436183929e-02
2.707282826304435730e-02
2.698348462581634521e-02
2.690297737717628479e-02
2.684970013797283173e-02
2.679972536861896515e-02
2.676244825124740601e-02
2.673085965216159821e-02
2.668999694287776947e-02
2.663298696279525757e-02
2.654516324400901794e-02
2.641581743955612183e-02
2.627324499189853668e-02
2.616184763610363007e-02
2.588772960007190704e-02
2.575868554413318634e-02
2.552822232246398926e-02
2.541363053023815155e-02
2.534089237451553345e-02
2.528405562043190002e-02
2.521244809031486511e-02
2.516631782054901123e-02
2.510005608201026917e-02
2.504104748368263245e-02
2.497639134526252747e-02
2.491599135100841522e-02
2.480210736393928528e-02
2.467712014913558960e-02
2.454330213367938995e-02
2.441590279340744019e-02
2.433674596250057220e-02
2.429908141493797302e-02
2.426424250006675720e-02
2.422873675823211670e-02
2.414145693182945251e-02
2.411200106143951416e-02
2.407307736575603485e-02
2.402143366634845734e-02
2.399643138051033020e-02
2.396511659026145935e-02
2.392210625112056732e-02
2.386225946247577667e-02
2.379285544157028198e-02
2.374416403472423553e-02
2.369992993772029877e-02
2.366585657000541687e-02
2.363024279475212097e-02
2.356369979679584503e-02
2.349670790135860443e-02
2.345400303602218628e-02
2.340653166174888611e-02
2.337379381060600281e-02
2.332830429077148438e-02
2.328391373157501221e-02
2.323498204350471497e-02
2.318410575389862061e-02
2.313261106610298157e-02
2.309956029057502747e-02
2.306082658469676971e-02
2.302214503288269043e-02
2.298071235418319702e-02
2.293369174003601074e-02
2.289739623665809631e-02
2.286516502499580383e-02
2.284198440611362457e-02
2.281277999281883240e-02
2.276475727558135986e-02
2.272017486393451691e-02
2.268172614276409149e-02
2.265316620469093323e-02
2.262445352971553802e-02
2.256416156888008118e-02
2.248254977166652679e-02
2.239912934601306915e-02
2.230582945048809052e-02
2.220656722784042358e-02
2.214695513248443604e-02
2.203883230686187744e-02
2.194287814199924469e-02
2.187479101121425629e-02
2.173739671707153320e-02
2.165409177541732788e-02
2.157915942370891571e-02
2.152144908905029297e-02
2.148892730474472046e-02
2.145607024431228638e-02
2.140908688306808472e-02
2.137016132473945618e-02
2.131387591361999512e-02
2.125371620059013367e-02
2.119421027600765228e-02
2.113893255591392517e-02
2.110143378376960754e-02
2.103028073906898499e-02
2.094394527375698090e-02
2.090608701109886169e-02
2.081897482275962830e-02
2.077045105397701263e-02
2.066624909639358521e-02
2.057930827140808105e-02
2.052532136440277100e-02
2.048028074204921722e-02
2.045291103422641754e-02
2.041991986334323883e-02
2.035562880337238312e-02
2.029591426253318787e-02
2.024226263165473938e-02
2.018615417182445526e-02
2.013547345995903015e-02
2.003872208297252655e-02
1.995340362191200256e-02
1.988598890602588654e-02
1.983398199081420898e-02
1.980666257441043854e-02
1.977783255279064178e-02
1.975465193390846252e-02
1.972526870667934418e-02
1.967040449380874634e-02
1.963622123003005981e-02
1.959030702710151672e-02
1.955533400177955627e-02
1.953836716711521149e-02
1.949132792651653290e-02
1.945523172616958618e-02
1.943323016166687012e-02
1.941966265439987183e-02
1.941094174981117249e-02
1.939451508224010468e-02
1.938233524560928345e-02
1.936714164912700653e-02
1.934102177619934082e-02
1.929600723087787628e-02
1.924366690218448639e-02
1.919159851968288422e-02
1.913641579449176788e-02
1.909887045621871948e-02
1.907477341592311859e-02
1.903801038861274719e-02
1.900544762611389160e-02
1.897991448640823364e-02
1.895236782729625702e-02
1.892941072583198547e-02
1.890180818736553192e-02
1.887372881174087524e-02
1.885212212800979614e-02
1.882087439298629761e-02
1.880442909896373749e-02
1.877311617136001587e-02
1.873973011970520020e-02
1.872847042977809906e-02
1.870005950331687927e-02
1.868100836873054504e-02
1.864514313638210297e-02
1.861209236085414886e-02
1.858280226588249207e-02
1.856263913214206696e-02
1.855020225048065186e-02
1.852859556674957275e-02
1.851421594619750977e-02
1.849676109850406647e-02
1.847864314913749695e-02
1.845528744161128998e-02
1.843396946787834167e-02
1.842815801501274109e-02
1.841237396001815796e-02
1.840348355472087860e-02
1.838617399334907532e-02
1.836376264691352844e-02
1.832807995378971100e-02
1.829616539180278778e-02
1.825576275587081909e-02
1.822995766997337341e-02
1.821017265319824219e-02
1.819010451436042786e-02
1.816159859299659729e-02
1.813844777643680573e-02
1.811680383980274200e-02
1.808140985667705536e-02
1.803907006978988647e-02
1.800718344748020172e-02
1.797917671501636505e-02
1.794674061238765717e-02
1.792353764176368713e-02
1.786016859114170074e-02
1.782411523163318634e-02
1.780727691948413849e-02
1.779424399137496948e-02
1.777651160955429077e-02
1.775673590600490570e-02
1.772148348391056061e-02
1.769094914197921753e-02
1.766867563128471375e-02
1.765362918376922607e-02
1.764380931854248047e-02
1.763209886848926544e-02
1.761883869767189026e-02
1.759942620992660522e-02
1.758604682981967926e-02
1.757415942847728729e-02
1.756018400192260742e-02
1.754964888095855713e-02
1.752267591655254364e-02
1.748386025428771973e-02
1.746600866317749023e-02
1.744108088314533234e-02
1.743059046566486359e-02
1.741904020309448242e-02
1.740778237581253052e-02
1.739951223134994507e-02
1.738433726131916046e-02
1.736908406019210815e-02
1.734611019492149353e-02
1.730841770768165588e-02
1.725346036255359650e-02
1.717084832489490509e-02
1.706033945083618164e-02
1.700873486697673798e-02
1.696261763572692871e-02
1.694520190358161926e-02
1.690759882330894470e-02
1.688688993453979492e-02
1.684275828301906586e-02
1.681485027074813843e-02
1.679001748561859131e-02
1.676586084067821503e-02
1.674790307879447937e-02
1.672992482781410217e-02
1.670852117240428925e-02
1.666962355375289917e-02
1.663004979491233826e-02
1.660527288913726807e-02
1.658270135521888733e-02
1.656226254999637604e-02
1.654102280735969543e-02
1.652413234114646912e-02
1.651254296302795410e-02
1.649823039770126343e-02
1.647241041064262390e-02
1.646177284419536591e-02
1.644263975322246552e-02
1.641894318163394928e-02
1.639615744352340698e-02
1.636469736695289612e-02
1.635286770761013031e-02
1.631862483918666840e-02
1.630489155650138855e-02
1.628327555954456329e-02
1.625512912869453430e-02
1.623694971203804016e-02
1.619780622422695160e-02
1.616630144417285919e-02
1.613401994109153748e-02
1.609075814485549927e-02
1.604459434747695923e-02
1.601365953683853149e-02
1.599383726716041565e-02
1.597099006175994873e-02
1.595771685242652893e-02
1.594383269548416138e-02
1.593267545104026794e-02
1.592276990413665771e-02
1.590749807655811310e-02
1.588447950780391693e-02
1.586020737886428833e-02
1.583297550678253174e-02
1.578301563858985901e-02
1.570481061935424805e-02
1.561733148992061615e-02
1.554777286946773529e-02
1.550563424825668335e-02
1.546814106404781342e-02
1.544360630214214325e-02
1.539733447134494781e-02
1.537792757153511047e-02
1.533491536974906921e-02
1.528387516736984253e-02
1.524679735302925110e-02
1.522817276418209076e-02
1.521347742527723312e-02
1.518148276954889297e-02
1.515870541334152222e-02
1.513260230422019958e-02
1.508869603276252747e-02
1.505604013800621033e-02
1.499540638178586960e-02
1.494920440018177032e-02
1.489587035030126572e-02
1.483723707497119904e-02
1.475954055786132812e-02
1.467722095549106598e-02
1.459689904004335403e-02
1.456471160054206848e-02
1.451400946825742722e-02
1.443325262516736984e-02
1.436876039952039719e-02
1.429258752614259720e-02
1.427671499550342560e-02
1.421527378261089325e-02
1.418070401996374130e-02
1.414697989821434021e-02
1.412441395223140717e-02
1.410535909235477448e-02
1.407705247402191162e-02
1.402606815099716187e-02
1.395806483924388885e-02
1.389019656926393509e-02
1.383199635893106461e-02
1.376531925052404404e-02
1.370100304484367371e-02
1.367310248315334320e-02
1.362041011452674866e-02
1.360775064677000046e-02
1.359149534255266190e-02
1.355818659067153931e-02
1.351803727447986603e-02
1.348975114524364471e-02
1.346211787313222885e-02
1.342432480305433273e-02
1.338077522814273834e-02
1.335750985890626907e-02
1.329142041504383087e-02
1.326109096407890320e-02
1.322093326598405838e-02
1.318335253745317459e-02
1.314822211861610413e-02
1.308660674840211868e-02
1.302286982536315918e-02
1.296070218086242676e-02
1.290043070912361145e-02
1.283972244709730148e-02
1.279121451079845428e-02
1.275713741779327393e-02
1.273317169398069382e-02
1.270278170704841614e-02
1.267682574689388275e-02
1.263412553817033768e-02
1.257674209773540497e-02
1.246812567114830017e-02
1.237274799495935440e-02
1.230916380882263184e-02
1.226397603750228882e-02
1.222697924822568893e-02
1.216433476656675339e-02
1.209478732198476791e-02
1.205342635512351990e-02
1.200367696583271027e-02
1.197605207562446594e-02
1.195253804326057434e-02
1.193397864699363708e-02
1.191499549895524979e-02
1.190880220383405685e-02
1.188342832028865814e-02
1.187223102897405624e-02
1.186090987175703049e-02
1.184460148215293884e-02
1.181869767606258392e-02
1.177875045686960220e-02
1.174644939601421356e-02
1.171559654176235199e-02
1.169522758573293686e-02
1.167536992579698563e-02
1.165093854069709778e-02
1.163844764232635498e-02
1.162151247262954712e-02
1.161371916532516479e-02
1.159134879708290100e-02
1.156671904027462006e-02
1.155728381127119064e-02
1.154497731477022171e-02
1.152537018060684204e-02
1.150959637016057968e-02
1.149559579789638519e-02
1.148315705358982086e-02
1.147174835205078125e-02
1.146135106682777405e-02
1.145002618432044983e-02
1.143321767449378967e-02
1.142014563083648682e-02
1.139852963387966156e-02
1.138031203299760818e-02
1.135511137545108795e-02
1.131444983184337616e-02
1.127760484814643860e-02
1.125123724341392517e-02
1.122471690177917480e-02
1.120564993470907211e-02
1.118469238281250000e-02
1.113751251250505447e-02
1.108604297041893005e-02
1.106221601366996765e-02
1.104223821312189102e-02
1.102254074066877365e-02
1.100504957139492035e-02
1.098494976758956909e-02
1.096455007791519165e-02
1.094719953835010529e-02
1.092739403247833252e-02
1.090899109840393066e-02
1.089632324874401093e-02
1.088660489767789841e-02
1.087933126837015152e-02
1.086250040680170059e-02
1.083523221313953400e-02
1.082996558398008347e-02
1.080444920808076859e-02
1.078598294407129288e-02
1.075940392911434174e-02
1.072945818305015564e-02
1.066966354846954346e-02
1.064743287861347198e-02
1.059793308377265930e-02
1.057050935924053192e-02
1.055258046835660934e-02
1.053441129624843597e-02
1.050180010497570038e-02
1.047958247363567352e-02
1.045237109065055847e-02
1.043184287846088409e-02
1.040844712406396866e-02
1.037388667464256287e-02
1.034028455615043640e-02
1.030766777694225311e-02
1.029043737798929214e-02
1.027396973222494125e-02
1.025968510657548904e-02
1.024745777249336243e-02
1.023530028760433197e-02
1.021680422127246857e-02
1.020080037415027618e-02
1.019283197820186615e-02
1.017345022410154343e-02
1.015809550881385803e-02
1.014613360166549683e-02
1.013014465570449829e-02
1.010049320757389069e-02
1.007834821939468384e-02
1.005590707063674927e-02
1.003731414675712585e-02
1.001103594899177551e-02
9.965537115931510925e-03
9.944627992808818817e-03
9.928241372108459473e-03
9.912756271660327911e-03
9.898137301206588745e-03
9.874001145362854004e-03
9.831453673541545868e-03
9.796189144253730774e-03
9.765932336449623108e-03
9.758585132658481598e-03
9.719717316329479218e-03
9.708034805953502655e-03
9.698835201561450958e-03
9.689883328974246979e-03
9.675798006355762482e-03
9.664513170719146729e-03
9.657463990151882172e-03
9.649604558944702148e-03
9.645485319197177887e-03
9.639240801334381104e-03
9.627331979572772980e-03
9.612355381250381470e-03
9.589491412043571472e-03
9.557740762829780579e-03
9.520267136394977570e-03
9.494874626398086548e-03
9.481349028646945953e-03
9.464341215789318085e-03
9.435947053134441376e-03
9.398306719958782196e-03
9.360468015074729919e-03
9.325782768428325653e-03
9.313427843153476715e-03
9.298507124185562134e-03
9.286956861615180969e-03
9.276180528104305267e-03
9.262463077902793884e-03
9.259708225727081299e-03
9.230224415659904480e-03
9.211778640747070312e-03
9.189719334244728088e-03
9.161244146525859833e-03
9.132248349487781525e-03
9.096976369619369507e-03
9.037850424647331238e-03
8.995129726827144623e-03
8.964832872152328491e-03
8.931437507271766663e-03
8.903470821678638458e-03
8.878762833774089813e-03
8.859599009156227112e-03
8.836917579174041748e-03
8.818648755550384521e-03
8.805420249700546265e-03
8.799193426966667175e-03
8.779535070061683655e-03
8.769704960286617279e-03
8.753288537263870239e-03
8.737705647945404053e-03
8.722747676074504852e-03
8.713768795132637024e-03
8.698484860360622406e-03
8.685334585607051849e-03
8.665664121508598328e-03
8.641679771244525909e-03
8.633799850940704346e-03
8.593522012233734131e-03
8.577529340982437134e-03
8.563405834138393402e-03
8.547130040824413300e-03
8.541254326701164246e-03
8.530405350029468536e-03
8.515393361449241638e-03
8.498380891978740692e-03
8.479643613100051880e-03
8.463676087558269501e-03
8.453735150396823883e-03
8.441151119768619537e-03
8.438159711658954620e-03
8.423823863267898560e-03
8.417638018727302551e-03
8.411615155637264252e-03
8.404521271586418152e-03
8.395045995712280273e-03
8.383704349398612976e-03
8.375233970582485199e-03
8.368689566850662231e-03
8.363055996596813202e-03
8.354244753718376160e-03
8.347009308636188507e-03
8.342390879988670349e-03
8.336909115314483643e-03
8.328724652528762817e-03
8.320174179971218109e-03
8.315714076161384583e-03
8.309806697070598602e-03
8.302652277052402496e-03
8.295625448226928711e-03
8.284836076200008392e-03
8.281511254608631134e-03
8.274465799331665039e-03
8.271577768027782440e-03
8.266110904514789581e-03
8.261784911155700684e-03
8.257761597633361816e-03
8.252400904893875122e-03
8.250097744166851044e-03
8.245614357292652130e-03
8.230566047132015228e-03
8.216463029384613037e-03
8.205015212297439575e-03
8.192560635507106781e-03
8.180342614650726318e-03
8.166410028934478760e-03
8.151555433869361877e-03
8.137349970638751984e-03
8.120005019009113312e-03
8.103916421532630920e-03
8.094233460724353790e-03
8.083588443696498871e-03
8.078368380665779114e-03
8.072570897638797760e-03
8.068096823990345001e-03
8.063873276114463806e-03
8.055076003074645996e-03
8.049938827753067017e-03
8.042974397540092468e-03
8.037645369768142700e-03
8.028269745409488678e-03
8.018960244953632355e-03
8.010133169591426849e-03
8.003076538443565369e-03
7.990919053554534912e-03
7.980433292686939240e-03
7.971501909196376801e-03
7.955539971590042114e-03
7.928969338536262512e-03
7.901136763393878937e-03
7.872227579355239868e-03
7.845942862331867218e-03
7.826507091522216797e-03
7.783332373946905136e-03
7.731277961283922195e-03
7.695587351918220520e-03
7.626024074852466583e-03
7.573088631033897400e-03
7.529363036155700684e-03
7.503765169531106949e-03
7.476724684238433838e-03
7.436258718371391296e-03
7.405361160635948181e-03
7.384203840047121048e-03
7.367010228335857391e-03
7.354778237640857697e-03
7.343781180679798126e-03
7.336141075938940048e-03
7.328161504119634628e-03
7.317478768527507782e-03
7.306688930839300156e-03
7.283615414053201675e-03
7.272195536643266678e-03
7.250225637108087540e-03
7.230283692479133606e-03
7.210190873593091965e-03
7.183985784649848938e-03
7.167526986449956894e-03
7.156305946409702301e-03
7.146195508539676666e-03
7.139219902455806732e-03
7.130137644708156586e-03
7.112885825335979462e-03
7.101185154169797897e-03
7.085746619850397110e-03
7.067653350532054901e-03
7.058972492814064026e-03
7.055079098790884018e-03
7.049604319036006927e-03
7.041473407298326492e-03
7.023982238024473190e-03
7.002296391874551773e-03
6.973341573029756546e-03
6.943391170352697372e-03
6.921913474798202515e-03
6.903987843543291092e-03
6.895346101373434067e-03
6.884458009153604507e-03
6.870100274682044983e-03
6.854231003671884537e-03
6.841625552624464035e-03
6.836302578449249268e-03
6.826986093074083328e-03
6.822814233601093292e-03
6.812950130552053452e-03
6.798213347792625427e-03
6.778742652386426926e-03
6.758762989193201065e-03
6.743122357875108719e-03
6.732243113219738007e-03
6.725300103425979614e-03
6.719263736158609390e-03
6.714092567563056946e-03
6.707836873829364777e-03
6.701327394694089890e-03
6.694329902529716492e-03
6.683985237032175064e-03
6.678143516182899475e-03
6.672557909041643143e-03
6.666155997663736343e-03
6.662312429398298264e-03
6.657355464994907379e-03
6.651070900261402130e-03
6.645123474299907684e-03
6.641141138970851898e-03
6.636519916355609894e-03
6.634305231273174286e-03
6.630022078752517700e-03
6.623415276408195496e-03
6.617545615881681442e-03
6.612583063542842865e-03
6.600323598831892014e-03
6.587333511561155319e-03
6.573623046278953552e-03
6.560912355780601501e-03
6.546528544276952744e-03
6.530497223138809204e-03
6.518733687698841095e-03
6.505400408059358597e-03
6.483061704784631729e-03
6.453986279666423798e-03
6.434249691665172577e-03
6.410223897546529770e-03
6.404368672519922256e-03
6.386851426213979721e-03
6.378883495926856995e-03
6.370298098772764206e-03
6.358632352203130722e-03
6.334436591714620590e-03
6.312429904937744141e-03
6.296067498624324799e-03
6.275355350226163864e-03
6.266356445848941803e-03
6.255459506064653397e-03
6.241132970899343491e-03
6.232070270925760269e-03
6.226319819688796997e-03
6.222086958587169647e-03
6.217559799551963806e-03
6.210330873727798462e-03
6.207773461937904358e-03
6.203230936080217361e-03
6.200581323355436325e-03
6.196244619786739349e-03
6.188072264194488525e-03
6.172745488584041595e-03
6.160349585115909576e-03
6.151055451482534409e-03
6.146946921944618225e-03
6.138271186500787735e-03
6.127257831394672394e-03
6.113075185567140579e-03
6.101591046899557114e-03
6.092880386859178543e-03
6.086390931159257889e-03
6.080269813537597656e-03
6.063400302082300186e-03
6.042653694748878479e-03
6.034396588802337646e-03
6.020423024892807007e-03
6.015447899699211121e-03
6.007056217640638351e-03
5.998316220939159393e-03
5.984587594866752625e-03
5.974105093628168106e-03
5.965390242636203766e-03
5.958200898021459579e-03
5.948610138148069382e-03
5.940040107816457748e-03
5.926258396357297897e-03
5.921307019889354706e-03
5.912847351282835007e-03
5.907167214900255203e-03
5.901847500354051590e-03
5.895118229091167450e-03
5.888442043215036392e-03
5.879450123757123947e-03
5.872581154108047485e-03
5.866251885890960693e-03
5.856798030436038971e-03
5.851594265550374985e-03
5.839458201080560684e-03
5.832416471093893051e-03
5.815867800265550613e-03
5.807821173220872879e-03
5.798629485070705414e-03
5.790176801383495331e-03
5.785667337477207184e-03
5.776596721261739731e-03
5.770037416368722916e-03
5.759094376116991043e-03
5.741921719163656235e-03
5.723329260945320129e-03
5.707410629838705063e-03
5.697070620954036713e-03
5.679292138665914536e-03
5.659866612404584885e-03
5.641830619424581528e-03
5.632068961858749390e-03
5.613445769995450974e-03
5.599903874099254608e-03
5.587574094533920288e-03
5.573488771915435791e-03
5.559223704040050507e-03
5.545037798583507538e-03
5.532196722924709320e-03
5.521357525140047073e-03
5.507056135684251785e-03
5.491564981639385223e-03
5.473757628351449966e-03
5.461194552481174469e-03
5.451208911836147308e-03
5.438072141259908676e-03
5.426517222076654434e-03
5.422567017376422882e-03
5.416181404143571854e-03
5.410385318100452423e-03
5.405845586210489273e-03
5.399814806878566742e-03
5.393096245825290680e-03
5.381288006901741028e-03
5.372440908104181290e-03
5.364687182009220123e-03
5.360863171517848969e-03
5.353450775146484375e-03
5.351108964532613754e-03
5.347284022718667984e-03
5.342942196875810623e-03
5.339635536074638367e-03
5.336070433259010315e-03
5.332173313945531845e-03
5.328303202986717224e-03
5.320332478731870651e-03
5.313752684742212296e-03
5.306060425937175751e-03
5.304786376655101776e-03
5.301438271999359131e-03
5.299831740558147430e-03
5.298237316310405731e-03
5.295849405229091644e-03
5.292218178510665894e-03
5.290053319185972214e-03
5.286915227770805359e-03
5.283488426357507706e-03
5.280584562569856644e-03
5.275824107229709625e-03
5.272130016237497330e-03
5.266565829515457153e-03
5.264271050691604614e-03
5.260029807686805725e-03
5.254152230918407440e-03
5.252026952803134918e-03
5.244118161499500275e-03
5.236898548901081085e-03
5.230755545198917389e-03
5.224575754255056381e-03
5.215628538280725479e-03
5.203437991440296173e-03
5.190092138946056366e-03
5.170400720089673996e-03
5.159737542271614075e-03
5.147623829543590546e-03
5.134728271514177322e-03
5.126779899001121521e-03
5.117004271596670151e-03
5.107734818011522293e-03
5.102185532450675964e-03
5.098388530313968658e-03
5.094182677567005157e-03
5.086831748485565186e-03
5.080442875623703003e-03
5.076126195490360260e-03
5.072568077594041824e-03
5.069817882031202316e-03
5.066793411970138550e-03
5.064110271632671356e-03
5.061033647507429123e-03
5.059336312115192413e-03
5.057573318481445312e-03
5.055574700236320496e-03
5.052366759628057480e-03
5.048612132668495178e-03
5.042163655161857605e-03
5.038680974394083023e-03
5.033751018345355988e-03
5.029950756579637527e-03
5.025335121899843216e-03
5.022915080189704895e-03
5.019011907279491425e-03
5.017264746129512787e-03
5.012550391256809235e-03
5.007996223866939545e-03
5.001655314117670059e-03
4.992717877030372620e-03
4.986071959137916565e-03
4.977074451744556427e-03
4.967494402080774307e-03
4.959837533533573151e-03
4.951442126184701920e-03
4.940433893352746964e-03
4.935057833790779114e-03
4.926790017634630203e-03
4.921618383377790451e-03
4.917439073324203491e-03
4.912576172500848770e-03
4.908366128802299500e-03
4.905596841126680374e-03
4.903413355350494385e-03
4.901133477687835693e-03
4.897966049611568451e-03
4.894713405519723892e-03
4.893294535577297211e-03
4.891221877187490463e-03
4.889794625341892242e-03
4.886679816991090775e-03
4.883605521172285080e-03
4.880493972450494766e-03
4.876996856182813644e-03
4.874449688941240311e-03
4.870513919740915298e-03
4.867016337811946869e-03
4.862825386226177216e-03
4.856402985751628876e-03
4.851321224123239517e-03
4.847007803618907928e-03
4.845411516726016998e-03
4.841080401092767715e-03
4.836230538785457611e-03
4.831141792237758636e-03
4.826785530894994736e-03
4.819728434085845947e-03
4.813282284885644913e-03
4.805692005902528763e-03
4.800705239176750183e-03
4.797617439180612564e-03
4.795285873115062714e-03
4.792662337422370911e-03
4.790551960468292236e-03
4.786825273185968399e-03
4.785602446645498276e-03
4.782263189554214478e-03
4.778727889060974121e-03
4.776315763592720032e-03
4.773362074047327042e-03
4.767791833728551865e-03
4.764298908412456512e-03
4.761002026498317719e-03
4.759331233799457550e-03
4.757785238325595856e-03
4.754983820021152496e-03
4.752681124955415726e-03
4.749879240989685059e-03
4.747305065393447876e-03
4.745912738144397736e-03
4.744388163089752197e-03
4.742681514471769333e-03
4.741583019495010376e-03
4.739477764815092087e-03
4.735796712338924408e-03
4.731610417366027832e-03
4.728955682367086411e-03
4.724289290606975555e-03
4.721515811979770660e-03
4.719160497188568115e-03
4.716672468930482864e-03
4.713695030659437180e-03
4.708320368081331253e-03
4.703411366790533066e-03
4.695011768490076065e-03
4.690017085522413254e-03
4.685122985392808914e-03
4.678036086261272430e-03
4.672649316489696503e-03
4.667689558118581772e-03
4.657636396586894989e-03
4.646869376301765442e-03
4.641666077077388763e-03
4.624556284397840500e-03
4.606669768691062927e-03
4.599147010594606400e-03
4.588663578033447266e-03
4.582343157380819321e-03
4.574909340590238571e-03
4.570303950458765030e-03
4.565087147057056427e-03
4.561420530080795288e-03
4.555650055408477783e-03
4.550112877041101456e-03
4.541468806564807892e-03
4.534102510660886765e-03
4.529878031462430954e-03
4.526839125901460648e-03
4.524213261902332306e-03
4.520347341895103455e-03
4.518555942922830582e-03
4.515976645052433014e-03
4.512306768447160721e-03
4.509650170803070068e-03
4.506560042500495911e-03
4.504134878516197205e-03
4.502259194850921631e-03
4.499590955674648285e-03
4.497952293604612350e-03
4.493347369134426117e-03
4.489171784371137619e-03
4.485311917960643768e-03
4.482374992221593857e-03
4.479250870645046234e-03
4.476319998502731323e-03
4.474638495594263077e-03
4.473431501537561417e-03
4.472323693335056305e-03
4.470940679311752319e-03
4.469284322112798691e-03
4.467161837965250015e-03
4.464837722480297089e-03
4.462410695850849152e-03
4.460400436073541641e-03
4.458575509488582611e-03
4.456036724150180817e-03
4.454499110579490662e-03
4.451635759323835373e-03
4.450657870620489120e-03
4.448381252586841583e-03
4.446091130375862122e-03
4.442318342626094818e-03
4.437954630702733994e-03
4.432583693414926529e-03
4.426019266247749329e-03
4.419731907546520233e-03
4.412649665027856827e-03
4.405283369123935699e-03
4.397369455546140671e-03
4.386626649647951126e-03
4.373358096927404404e-03
4.367183893918991089e-03
4.361375235021114349e-03
4.355902317911386490e-03
4.350377246737480164e-03
4.343431442975997925e-03
4.335603676736354828e-03
4.328010603785514832e-03
4.316474311053752899e-03
4.310872871428728104e-03
4.307074006646871567e-03
4.304478876292705536e-03
4.302300978451967239e-03
4.299631342291831970e-03
4.296386614441871643e-03
4.293879028409719467e-03
4.291309043765068054e-03
4.287715069949626923e-03
4.284899216145277023e-03
4.281376954168081284e-03
4.279510583728551865e-03
4.277057945728302002e-03
4.275553859770298004e-03
4.273648373782634735e-03
4.270020872354507446e-03
4.265652503818273544e-03
4.261455498635768890e-03
4.258363507688045502e-03
4.255860112607479095e-03
4.253756254911422729e-03
4.250802099704742432e-03
4.247949458658695221e-03
4.245354328304529190e-03
4.241749178618192673e-03
4.239310044795274734e-03
4.237569868564605713e-03
4.235044587403535843e-03
4.233433865010738373e-03
4.231886006891727448e-03
4.230982623994350433e-03
4.230525344610214233e-03
4.228861536830663681e-03
4.226218909025192261e-03
4.222332499921321869e-03
4.217752721160650253e-03
4.210794344544410706e-03
4.208961036056280136e-03
4.200368653982877731e-03
4.197927191853523254e-03
4.195909015834331512e-03
4.193652886897325516e-03
4.191433079540729523e-03
4.189966712146997452e-03
4.187957849353551865e-03
4.186228383332490921e-03
4.183472599834203720e-03
4.180212970823049545e-03
4.177724011242389679e-03
4.175609443336725235e-03
4.173953086137771606e-03
4.170062020421028137e-03
4.168213345110416412e-03
4.164729733020067215e-03
4.160578362643718719e-03
4.157093353569507599e-03
4.152132663875818253e-03
4.148805979639291763e-03
4.145720973610877991e-03
4.143146332353353500e-03
4.141050856560468674e-03
4.139354918152093887e-03
4.137996584177017212e-03
4.137093201279640198e-03
4.135200753808021545e-03
4.132385365664958954e-03
4.130048677325248718e-03
4.128216765820980072e-03
4.126306623220443726e-03
4.124066792428493500e-03
4.122650716453790665e-03
4.120903089642524719e-03
4.117900505661964417e-03
4.114951007068157196e-03
4.110912326723337173e-03
4.104769788682460785e-03
4.100832156836986542e-03
4.096560645848512650e-03
4.089789465069770813e-03
4.083584062755107880e-03
4.077609628438949585e-03
4.069545771926641464e-03
4.067130386829376221e-03
4.062286578118801117e-03
4.060950595885515213e-03
4.058341495692729950e-03
4.054620396345853806e-03
4.048776347190141678e-03
4.041434731334447861e-03
4.038272891193628311e-03
4.034553654491901398e-03
4.027332179248332977e-03
4.023389890789985657e-03
4.017299041152000427e-03
4.013594239950180054e-03
4.007688257843255997e-03
4.001111723482608795e-03
3.997555468231439590e-03
3.992321901023387909e-03
3.988089971244335175e-03
3.983203321695327759e-03
3.979916218668222427e-03
3.976933192461729050e-03
3.974972758442163467e-03
3.972461912781000137e-03
3.969775047153234482e-03
3.968049772083759308e-03
3.965553827583789825e-03
3.962526097893714905e-03
3.960298839956521988e-03
3.955861087888479233e-03
3.949768375605344772e-03
3.945885226130485535e-03
3.939354792237281799e-03
3.933080937713384628e-03
3.929155878722667694e-03
3.923269454389810562e-03
3.914679400622844696e-03
3.907270729541778564e-03
3.894742112606763840e-03
3.890106687322258949e-03
3.882084973156452179e-03
3.875782713294029236e-03
3.866248764097690582e-03
3.851785557344555855e-03
3.828671993687748909e-03
3.815862350165843964e-03
3.802329534664750099e-03
3.796390490606427193e-03
3.789267502725124359e-03
3.780221100896596909e-03
3.766976296901702881e-03
3.756524063646793365e-03
3.745707217603921890e-03
3.733441699296236038e-03
3.727627685293555260e-03
3.721247892826795578e-03
3.710360266268253326e-03
3.708189353346824646e-03
3.696688916534185410e-03
3.690023440867662430e-03
3.682008478790521622e-03
3.671276615932583809e-03
3.668488701805472374e-03
3.650864586234092712e-03
3.645278280600905418e-03
3.638047724962234497e-03
3.628913778811693192e-03
3.616959555074572563e-03
3.606022102758288383e-03
3.594217356294393539e-03
3.585431724786758423e-03
3.573568770661950111e-03
3.549905493855476379e-03
3.542442107573151588e-03
3.516278462484478951e-03
3.506844397634267807e-03
3.499572863802313805e-03
3.493690397590398788e-03
3.487897804006934166e-03
3.479939186945557594e-03
3.474315861240029335e-03
3.468352369964122772e-03
3.459501778706908226e-03
3.455661004409193993e-03
3.449738025665283203e-03
3.444927046075463295e-03
3.438408952206373215e-03
3.425734350457787514e-03
3.422570647671818733e-03
3.405404975637793541e-03
3.397962544113397598e-03
3.385917283594608307e-03
3.379592671990394592e-03
3.367353696376085281e-03
3.359382506459951401e-03
3.352542873471975327e-03
3.345850855112075806e-03
3.335925750434398651e-03
3.320730989798903465e-03
3.307881299406290054e-03
3.298257710412144661e-03
3.290674416348338127e-03
3.287503495812416077e-03
3.280780976638197899e-03
3.278305986896157265e-03
3.275028895586729050e-03
3.270111512392759323e-03
3.268683096393942833e-03
3.264295635744929314e-03
3.262584796175360680e-03
3.259606892243027687e-03
3.256453201174736023e-03
3.253404749557375908e-03
3.251265501603484154e-03
3.247980726882815361e-03
3.244235413148999214e-03
3.239203244447708130e-03
3.231949172914028168e-03
3.225853666663169861e-03
3.220098558813333511e-03
3.214601892977952957e-03
3.212379058822989464e-03
3.208456095308065414e-03
3.205742686986923218e-03
3.203730098903179169e-03
3.199612256139516830e-03
3.191863186657428741e-03
3.184386994689702988e-03
3.177008591592311859e-03
3.170845331624150276e-03
3.165123052895069122e-03
3.159936983138322830e-03
3.153865691274404526e-03
3.149311756715178490e-03
3.144054673612117767e-03
3.141052555292844772e-03
3.138288855552673340e-03
3.134668804705142975e-03
3.127706004306674004e-03
3.117855172604322433e-03
3.106415970250964165e-03
3.092006780207157135e-03
3.074544481933116913e-03
3.062857082113623619e-03
3.051435574889183044e-03
3.045276040211319923e-03
3.039760049432516098e-03
3.036385402083396912e-03
3.033960703760385513e-03
3.031142521649599075e-03
3.028819337487220764e-03
3.025731537491083145e-03
3.022223478183150291e-03
3.014029935002326965e-03
3.009235952049493790e-03
2.999225398525595665e-03
2.986270468682050705e-03
2.978024072945117950e-03
2.968781627714633942e-03
2.957366639748215675e-03
2.946504624560475349e-03
2.944459207355976105e-03
2.939052181318402290e-03
2.936484990641474724e-03
2.933367388322949409e-03
2.929564099758863449e-03
2.926897956058382988e-03
2.923593390733003616e-03
2.919739810749888420e-03
2.915901364758610725e-03
2.912936033681035042e-03
2.909845439717173576e-03
2.904108259826898575e-03
2.900650724768638611e-03
2.896638121455907822e-03
2.893196186050772667e-03
2.888144226744771004e-03
2.884386340156197548e-03
2.880473155528306961e-03
2.876030746847391129e-03
2.871554577723145485e-03
2.865294925868511200e-03
2.862208522856235504e-03
2.858404768630862236e-03
2.854073652997612953e-03
2.851691329851746559e-03
2.848929027095437050e-03
2.843977650627493858e-03
2.836924977600574493e-03
2.833486068993806839e-03
2.830145880579948425e-03
2.826990559697151184e-03
2.822821028530597687e-03
2.819429617375135422e-03
2.816617256030440331e-03
2.813212806358933449e-03
2.809664467349648476e-03
2.807807410135865211e-03
2.804330550134181976e-03
2.801246941089630127e-03
2.799531677737832069e-03
2.796566812321543694e-03
2.789283404126763344e-03
2.787410747259855270e-03
2.780087990686297417e-03
2.778045367449522018e-03
2.775919623672962189e-03
2.773176180198788643e-03
2.768342150375247002e-03
2.762598451226949692e-03
2.757460810244083405e-03
2.753317821770906448e-03
2.749393461272120476e-03
2.747286343947052956e-03
2.746459329500794411e-03
2.744799247011542320e-03
2.743427641689777374e-03
2.740937750786542892e-03
2.734661102294921875e-03
2.729949541389942169e-03
2.724557183682918549e-03
2.720900345593690872e-03
2.717907540500164032e-03
2.716465853154659271e-03
2.714715199545025826e-03
2.712666755542159081e-03
2.710047410801053047e-03
2.707563340663909912e-03
2.705047372728586197e-03
2.702475292608141899e-03
2.700364915654063225e-03
2.699094358831644058e-03
2.697002841159701347e-03
2.694115741178393364e-03
2.688792767003178596e-03
2.686284249648451805e-03
2.680513774976134300e-03
2.674352377653121948e-03
2.669601934030652046e-03
2.665863139554858208e-03
2.661871723830699921e-03
2.659272402524948120e-03
2.657217672094702721e-03
2.654926385730504990e-03
2.649779897183179855e-03
2.648229477927088737e-03
2.645389642566442490e-03
2.642673207446932793e-03
2.640353515744209290e-03
2.639173297211527824e-03
2.638980280607938766e-03
2.637343015521764755e-03
2.636683406308293343e-03
2.635797951370477676e-03
2.634157426655292511e-03
2.631826093420386314e-03
2.630307339131832123e-03
2.629068680107593536e-03
2.627511974424123764e-03
2.626290079206228256e-03
2.624568762257695198e-03
2.623639767989516258e-03
2.622404135763645172e-03
2.620304934680461884e-03
2.619578968733549118e-03
2.617899561300873756e-03
2.615857403725385666e-03
2.614260418340563774e-03
2.612297888845205307e-03
2.610441762953996658e-03
2.609632676467299461e-03
2.608757931739091873e-03
2.608400071039795876e-03
2.607963047921657562e-03
2.607226837426424026e-03
2.605962334200739861e-03
2.603824250400066376e-03
2.602770924568176270e-03
2.601587912067770958e-03
2.600583480671048164e-03
2.599467756226658821e-03
2.597634447738528252e-03
2.596244681626558304e-03
2.594488440081477165e-03
2.593222772702574730e-03
2.592066070064902306e-03
2.591486088931560516e-03
2.590758726000785828e-03
2.590358024463057518e-03
2.589418319985270500e-03
2.588408067822456360e-03
2.587377093732357025e-03
2.586070448160171509e-03
2.585461130365729332e-03
2.583509311079978943e-03
2.581490203738212585e-03
2.578647574409842491e-03
2.572770696133375168e-03
2.569971838966012001e-03
2.565360628068447113e-03
2.560082823038101196e-03
2.556534716859459877e-03
2.552273916080594063e-03
2.551696263253688812e-03
2.546670380979776382e-03
2.544683869928121567e-03
2.542498288676142693e-03
2.540546702221035957e-03
2.539705019444227219e-03
2.537615597248077393e-03
2.536143176257610321e-03
2.534979954361915588e-03
2.534011146053671837e-03
2.531621372327208519e-03
2.530378988012671471e-03
2.528524957597255707e-03
2.523891394957900047e-03
2.520418260246515274e-03
2.516722539439797401e-03
2.516348613426089287e-03
2.512993058189749718e-03
2.511782804504036903e-03
2.510860562324523926e-03
2.509751357138156891e-03
2.509158803150057793e-03
2.508071251213550568e-03
2.506660996004939079e-03
2.505708253011107445e-03
2.504372037947177887e-03
2.503091469407081604e-03
2.501470269635319710e-03
2.500123344361782074e-03
2.499007852748036385e-03
2.497971523553133011e-03
2.497382927685976028e-03
2.496454631909728050e-03
2.496037399396300316e-03
2.495593391358852386e-03
2.495188498869538307e-03
2.494458574801683426e-03
2.493157749995589256e-03
2.491408260539174080e-03
2.486969111487269402e-03
2.486247569322586060e-03
2.485231962054967880e-03
2.483826130628585815e-03
2.482829382643103600e-03
2.480546012520790100e-03
2.478172304108738899e-03
2.476430730894207954e-03
2.474593929946422577e-03
2.473448170349001884e-03
2.472127322107553482e-03
2.470838837325572968e-03
2.469621133059263229e-03
2.468816004693508148e-03
2.468250459060072899e-03
2.467609941959381104e-03
2.467398066073656082e-03
2.467007841914892197e-03
2.466529840603470802e-03
2.465470228344202042e-03
2.463354496285319328e-03
2.461031777784228325e-03
2.458971226587891579e-03
2.457006135955452919e-03
2.456608228385448456e-03
2.455882029607892036e-03
2.454054541885852814e-03
2.452154876664280891e-03
2.450003288686275482e-03
2.448133192956447601e-03
2.446460537612438202e-03
2.444686368107795715e-03
2.443411387503147125e-03
2.442240715026855469e-03
2.441132208332419395e-03
2.439587144181132317e-03
2.437822753563523293e-03
2.436568029224872589e-03
2.434928901493549347e-03
2.433671383187174797e-03
2.432744717225432396e-03
2.431015949696302414e-03
2.429366577416658401e-03
2.427874132990837097e-03
2.425588434562087059e-03
2.422775141894817352e-03
2.421331591904163361e-03
2.419198630377650261e-03
2.417983021587133408e-03
2.415517577901482582e-03
2.413428854197263718e-03
2.411214867606759071e-03
2.408937551081180573e-03
2.407253719866275787e-03
2.406600629910826683e-03
2.404092345386743546e-03
2.402166370302438736e-03
2.400085330009460449e-03
2.397970296442508698e-03
2.395743038505315781e-03
2.393593080341815948e-03
2.391287358477711678e-03
2.389533445239067078e-03
2.386864740401506424e-03
2.384345280006527901e-03
2.380560850724577904e-03
2.379286568611860275e-03
2.377347555011510849e-03
2.376267453655600548e-03
2.374395495280623436e-03
2.371709793806076050e-03
2.366899279877543449e-03
2.364171668887138367e-03
2.358427271246910095e-03
2.351630711928009987e-03
2.349469577893614769e-03
2.347633242607116699e-03
2.346892841160297394e-03
2.345956163480877876e-03
2.344429492950439453e-03
2.342822728678584099e-03
2.341834828257560730e-03
2.340720500797033310e-03
2.339005470275878906e-03
2.337425248697400093e-03
2.333679702132940292e-03
2.330946270376443863e-03
2.327320631593465805e-03
2.324190456420183182e-03
2.320919185876846313e-03
2.316273748874664307e-03
2.312012016773223877e-03
2.308484399691224098e-03
2.305289963260293007e-03
2.302092267200350761e-03
2.296844962984323502e-03
2.289484953507781029e-03
2.281777560710906982e-03
2.278228523209691048e-03
2.271469915285706520e-03
2.268551383167505264e-03
2.264395123347640038e-03
2.261724323034286499e-03
2.258288441225886345e-03
2.253806684166193008e-03
2.246145391836762428e-03
2.241850364953279495e-03
2.236871514469385147e-03
2.230990212410688400e-03
2.225271193310618401e-03
2.222422044724225998e-03
2.219756133854389191e-03
2.215842716395854950e-03
2.211105776950716972e-03
2.207114826887845993e-03
2.203855430707335472e-03
2.199983224272727966e-03
2.198202535510063171e-03
2.196955028921365738e-03
2.195317298173904419e-03
2.193760825321078300e-03
2.191589213907718658e-03
2.190354745835065842e-03
2.186963800340890884e-03
2.185301622375845909e-03
2.183088799938559532e-03
2.180274808779358864e-03
2.179535338655114174e-03
2.177125774323940277e-03
2.175798406824469566e-03
2.174208639189600945e-03
2.172715729102492332e-03
2.171223517507314682e-03
2.170701511204242706e-03
2.170344116166234016e-03
2.169893123209476471e-03
2.169245854020118713e-03
2.168881706893444061e-03
2.168328268453478813e-03
2.167836995795369148e-03
2.167246304452419281e-03
2.166394144296646118e-03
2.165755257010459900e-03
2.164679346606135368e-03
2.163624623790383339e-03
2.162329852581024170e-03
2.161876298487186432e-03
2.160867210477590561e-03
2.160277916118502617e-03
2.159309806302189827e-03
2.157964510843157768e-03
2.156129805371165276e-03
2.154004992917180061e-03
2.153110224753618240e-03
2.151082269847393036e-03
2.150222193449735641e-03
2.149415202438831329e-03
2.148894825950264931e-03
2.148112514987587929e-03
2.147629857063293457e-03
2.146794926375150681e-03
2.145670121535658836e-03
2.145041478797793388e-03
2.143389312550425529e-03
2.141878707334399223e-03
2.140091964974999428e-03
2.138230949640274048e-03
2.137396251782774925e-03
2.135815564543008804e-03
2.134451875463128090e-03
2.133069792762398720e-03
2.132096095010638237e-03
2.131409477442502975e-03
2.130900509655475616e-03
2.130552195012569427e-03
2.129886765033006668e-03
2.129275351762771606e-03
2.129254629835486412e-03
2.128456952050328255e-03
2.127856947481632233e-03
2.127508167177438736e-03
2.127044135704636574e-03
2.126650419086217880e-03
2.125995000824332237e-03
2.124650869518518448e-03
2.122517209500074387e-03
2.120324410498142242e-03
2.118092030286788940e-03
2.116464776918292046e-03
2.115652663633227348e-03
2.114920876920223236e-03
2.114247530698776245e-03
2.113735303282737732e-03
2.113405615091323853e-03
2.113046124577522278e-03
2.112555783241987228e-03
2.112256595864892006e-03
2.111942507326602936e-03
2.111623995006084442e-03
2.111349953338503838e-03
2.111172303557395935e-03
2.111019566655158997e-03
2.110629109665751457e-03
2.110568806529045105e-03
2.110359026119112968e-03
2.110191620886325836e-03
2.109981374815106392e-03
2.109539695084095001e-03
2.109095221385359764e-03
2.108648885041475296e-03
2.107977401465177536e-03
2.107044914737343788e-03
2.105990191921591759e-03
2.104991115629673004e-03
2.104596002027392387e-03
2.103289822116494179e-03
2.102429280057549477e-03
2.101478399708867073e-03
2.100162440910935402e-03
2.099384553730487823e-03
2.098623197525739670e-03
2.098182681947946548e-03
2.097756369039416313e-03
2.097349381074309349e-03
2.096218056976795197e-03
2.094631548970937729e-03
2.093366580083966255e-03
2.092194044962525368e-03
2.091185655444860458e-03
2.090875059366226196e-03
2.090534660965204239e-03
2.090032910928130150e-03
2.089312532916665077e-03
2.088570501655340195e-03
2.087283646687865257e-03
2.086448715999722481e-03
2.085975371301174164e-03
2.085515297949314117e-03
2.084391191601753235e-03
2.083961386233568192e-03
2.083367202430963516e-03
2.082868712022900581e-03
2.082490129396319389e-03
2.082059159874916077e-03
2.081351587548851967e-03
2.080224687233567238e-03
2.079901518300175667e-03
2.079107565805315971e-03
2.078258898109197617e-03
2.076980657875537872e-03
2.076012780889868736e-03
2.075233729556202888e-03
2.074615331366658211e-03
2.074369695037603378e-03
2.074094954878091812e-03
2.073228359222412109e-03
2.071626484394073486e-03
2.070466056466102600e-03
2.069366397336125374e-03
2.068572677671909332e-03
2.067577559500932693e-03
2.066372428089380264e-03
2.064626198261976242e-03
2.064256928861141205e-03
2.063643187284469604e-03
2.063269959762692451e-03
2.062995452433824539e-03
2.062658546492457390e-03
2.062380081042647362e-03
2.062082989141345024e-03
2.061521401628851891e-03
2.061066683381795883e-03
2.060937229543924332e-03
2.060532569885253906e-03
2.060301136225461960e-03
2.060126047581434250e-03
2.059885533526539803e-03
2.059713006019592285e-03
2.059586578980088234e-03
2.059360500425100327e-03
2.059156307950615883e-03
2.058965619653463364e-03
2.058763522654771805e-03
2.058561192825436592e-03
2.058532088994979858e-03
2.058071084320545197e-03
2.057762118056416512e-03
2.057385165244340897e-03
2.056930446997284889e-03
2.056531608104705811e-03
2.056299708783626556e-03
2.055488293990492821e-03
2.054893644526600838e-03
2.054447075352072716e-03
2.054173732176423073e-03
2.053940435871481895e-03
2.053548814728856087e-03
2.052984200417995453e-03
2.052396535873413086e-03
2.051781862974166870e-03
2.051502466201782227e-03
2.051363466307520866e-03
2.051020273938775063e-03
2.050766022875905037e-03
2.050365786999464035e-03
2.050080802291631699e-03
2.049622358754277229e-03
2.049119444563984871e-03
2.048303605988621712e-03
2.047668909654021263e-03
2.046859823167324066e-03
2.046200912445783615e-03
2.045747125521302223e-03
2.045110799372196198e-03
2.044245833531022072e-03
2.043929183855652809e-03
2.043186221271753311e-03
2.042818348854780197e-03
2.042444422841072083e-03
2.042210660874843597e-03
2.042082836851477623e-03
2.041901927441358566e-03
2.041412284597754478e-03
2.040968509390950203e-03
2.040458843111991882e-03
2.040412509813904762e-03
2.039938932284712791e-03
2.039841143414378166e-03
2.039640443399548531e-03
2.039363840594887733e-03
2.038629027083516121e-03
2.038338920101523399e-03
2.037551486864686012e-03
2.036585938185453415e-03
2.035729587078094482e-03
2.035131445154547691e-03
2.034665783867239952e-03
2.033877652138471603e-03
2.033499535173177719e-03
2.033243188634514809e-03
2.032940741628408432e-03
2.032051095739006996e-03
2.031562151387333870e-03
2.030943054705858231e-03
2.030305797234177589e-03
2.029843395575881004e-03
2.029159571975469589e-03
2.028724877163767815e-03
2.027826616540551186e-03
2.027183771133422852e-03
2.027107635512948036e-03
2.026100177317857742e-03
2.025682711973786354e-03
2.025274559855461121e-03
2.024352317675948143e-03
2.023067791014909744e-03
2.023032633587718010e-03
2.021353691816329956e-03
2.021054970100522041e-03
2.020830754190683365e-03
2.020431915298104286e-03
2.020164392888545990e-03
2.019816776737570763e-03
2.019617706537246704e-03
2.019211184233427048e-03
2.018623519688844681e-03
2.017515245825052261e-03
2.017045393586158752e-03
2.016515471041202545e-03
2.016087295487523079e-03
2.015797188505530357e-03
2.015167381614446640e-03
2.014477970078587532e-03
2.014071913436055183e-03
2.013425575569272041e-03
2.012772485613822937e-03
2.012300072237849236e-03
2.012286102399230003e-03
2.011649776250123978e-03
2.011488191783428192e-03
2.011217409744858742e-03
2.011016942560672760e-03
2.010765019804239273e-03
2.010199474170804024e-03
2.009708434343338013e-03
2.009478863328695297e-03
2.008969197049736977e-03
2.008429728448390961e-03
2.007988281548023224e-03
2.007424132898449898e-03
2.006807364523410797e-03
2.006376627832651138e-03
2.006097231060266495e-03
2.005771733820438385e-03
2.004614565521478653e-03
2.004142384976148605e-03
2.003558911383152008e-03
2.003266010433435440e-03
2.002705354243516922e-03
2.002375898882746696e-03
2.001862274482846260e-03
2.001411980018019676e-03
2.001055749133229256e-03
2.000682521611452103e-03
2.000358654186129570e-03
1.999883214011788368e-03
1.998710446059703827e-03
1.997641753405332565e-03
1.996750244870781898e-03
1.996149076148867607e-03
1.995558850467205048e-03
1.994594698771834373e-03
1.994197256863117218e-03
1.993505982682108879e-03
1.993233337998390198e-03
1.992803998291492462e-03
1.992195378988981247e-03
1.991462660953402519e-03
1.991140656173229218e-03
1.990849617868661880e-03
1.990596530959010124e-03
1.990175340324640274e-03
1.989774871617555618e-03
1.989141572266817093e-03
1.988649368286132812e-03
1.987637253478169441e-03
1.986633986234664917e-03
1.985738519579172134e-03
1.984580187126994133e-03
1.984336413443088531e-03
1.983753405511379242e-03
1.983346417546272278e-03
1.983047928661108017e-03
1.982517773285508156e-03
1.982260495424270630e-03
1.981992274522781372e-03
1.981514040380716324e-03
1.981070498004555702e-03
1.980625791475176811e-03
1.980083296075463295e-03
1.979649532586336136e-03
1.979266060516238213e-03
1.978436252102255821e-03
1.977676292881369591e-03
1.976648345589637756e-03
1.975596183910965919e-03
1.974762883037328720e-03
1.974068814888596535e-03
1.973583828657865524e-03
1.973192207515239716e-03
1.972663681954145432e-03
1.972256926819682121e-03
1.971030607819557190e-03
1.969803823158144951e-03
1.968843862414360046e-03
1.967597752809524536e-03
1.966760028153657913e-03
1.966030104085803032e-03
1.965345116332173347e-03
1.964706461876630783e-03
1.963490620255470276e-03
1.961718080565333366e-03
1.959118759259581566e-03
1.957512460649013519e-03
1.956403255462646484e-03
1.956084044650197029e-03
1.955197192728519440e-03
1.953399972990155220e-03
1.952655846253037453e-03
1.951984944753348827e-03
1.951456652022898197e-03
1.951181446202099323e-03
1.950850011780858040e-03
1.950537785887718201e-03
1.950020552612841129e-03
1.949765952304005623e-03
1.948999939486384392e-03
1.948622521013021469e-03
1.948034856468439102e-03
1.947434619069099426e-03
1.947264070622622967e-03
1.946255913935601711e-03
1.945791766047477722e-03
1.945200841873884201e-03
1.944817253388464451e-03
1.944127958267927170e-03
1.943672890774905682e-03
1.943072304129600525e-03
1.942535513080656528e-03
1.941899652592837811e-03
1.941675902344286442e-03
1.941206981427967548e-03
1.941048773005604744e-03
1.940446440130472183e-03
1.940176240168511868e-03
1.939906273037195206e-03
1.939526759088039398e-03
1.938945380970835686e-03
1.938251312822103500e-03
1.937179593369364738e-03
1.935956533998250961e-03
1.935198903083801270e-03
1.934191677719354630e-03
1.933015300892293453e-03
1.932429149746894836e-03
1.932051847688853741e-03
1.931208767928183079e-03
1.931012375280261040e-03
1.930729369632899761e-03
1.930291182361543179e-03
1.929998747073113918e-03
1.929427031427621841e-03
1.928747864440083504e-03
1.928232726640999317e-03
1.927694422192871571e-03
1.927294651977717876e-03
1.926433295011520386e-03
1.926077064126729965e-03
1.925594639033079147e-03
1.925240387208759785e-03
1.924888929352164268e-03
1.924463780596852303e-03
1.924042939208447933e-03
1.923647942021489143e-03
1.923312665894627571e-03
1.923042000271379948e-03
1.922401599586009979e-03
1.922143856063485146e-03
1.921456423588097095e-03
1.920826383866369724e-03
1.920329290442168713e-03
1.919602160342037678e-03
1.919412752613425255e-03
1.919052563607692719e-03
1.918930327519774437e-03
1.918718917295336723e-03
1.918305293656885624e-03
1.917709247209131718e-03
1.917276531457901001e-03
1.916819950565695763e-03
1.916281878948211670e-03
1.915986184030771255e-03
1.915300148539245129e-03
1.914633670821785927e-03
1.913772663101553917e-03
1.912917476147413254e-03
1.912497449666261673e-03
1.912160776555538177e-03
1.911729224957525730e-03
1.911251689307391644e-03
1.910881022922694683e-03
1.910349004901945591e-03
1.909890328533947468e-03
1.909376936964690685e-03
1.909116515889763832e-03
1.908905687741935253e-03
1.908763661049306393e-03
1.908416859805583954e-03
1.908050151541829109e-03
1.907802186906337738e-03
1.907507306896150112e-03
1.907176221720874310e-03
1.907001133076846600e-03
1.906653400510549545e-03
1.906307297758758068e-03
1.906099379993975163e-03
1.905630342662334442e-03
1.905213925056159496e-03
1.904888893477618694e-03
1.904459204524755478e-03
1.903728349134325981e-03
1.902786083519458771e-03
1.902653835713863373e-03
1.902073272503912449e-03
1.901592826470732689e-03
1.901246490888297558e-03
1.900952542200684547e-03
1.899489201605319977e-03
1.898379880003631115e-03
1.897578011266887188e-03
1.896729343570768833e-03
1.896503148600459099e-03
1.896286034025251865e-03
1.895847497507929802e-03
1.894986024126410484e-03
1.894587650895118713e-03
1.894023851491510868e-03
1.893630251288414001e-03
1.893247594125568867e-03
1.892620115540921688e-03
1.892269938252866268e-03
1.891863765195012093e-03
1.891275285743176937e-03
1.891040476039052010e-03
1.890519284643232822e-03
1.889832434244453907e-03
1.889222534373402596e-03
1.888771075755357742e-03
1.888451399281620979e-03
1.888191094622015953e-03
1.887923106551170349e-03
1.887651160359382629e-03
1.887466525658965111e-03
1.887275255285203457e-03
1.886919839307665825e-03
1.886374084278941154e-03
1.885460107587277889e-03
1.885065110400319099e-03
1.884332508780062199e-03
1.883803284727036953e-03
1.883282093331217766e-03
1.882216427475214005e-03
1.880180672742426395e-03
1.878867973573505878e-03
1.876519178040325642e-03
1.875386224128305912e-03
1.873901812359690666e-03
1.872661639936268330e-03
1.871662563644349575e-03
1.870973384939134121e-03
1.870166277512907982e-03
1.869465690106153488e-03
1.868474762886762619e-03
1.867745188064873219e-03
1.866764854639768600e-03
1.865713391453027725e-03
1.864436897449195385e-03
1.863995683379471302e-03
1.863759476691484451e-03
1.863179611973464489e-03
1.863041194155812263e-03
1.862599980086088181e-03
1.862097298726439476e-03
1.861729077063500881e-03
1.860894961282610893e-03
1.860305899754166603e-03
1.859887153841555119e-03
1.859625452198088169e-03
1.859297393821179867e-03
1.858939649537205696e-03
1.858477131463587284e-03
1.858025672845542431e-03
1.857270486652851105e-03
1.856992952525615692e-03
1.856642425991594791e-03
1.856454298831522465e-03
1.856257789768278599e-03
1.856098650023341179e-03
1.855999813415110111e-03
1.855773152783513069e-03
1.855665701441466808e-03
1.855427399277687073e-03
1.855257898569107056e-03
1.854938338510692120e-03
1.854685833677649498e-03
1.854402362369000912e-03
1.854037283919751644e-03
1.853508292697370052e-03
1.853369525633752346e-03
1.853095600381493568e-03
1.852984540164470673e-03
1.852663583122193813e-03
1.852433313615620136e-03
1.852099667303264141e-03
1.851954846642911434e-03
1.851697219535708427e-03
1.851567765697836876e-03
1.851313631050288677e-03
1.851153676398098469e-03
1.851117238402366638e-03
1.850941218435764313e-03
1.850659376941621304e-03
1.850297208875417709e-03
1.849934342317283154e-03
1.849783468060195446e-03
1.849241787567734718e-03
1.849078922532498837e-03
1.848697895184159279e-03
1.848369720391929150e-03
1.848001149483025074e-03
1.847600797191262245e-03
1.847445033490657806e-03
1.847242121584713459e-03
1.846697065047919750e-03
1.846511848270893097e-03
1.845872378908097744e-03
1.845731516368687153e-03
1.845371676608920097e-03
1.845082268118858337e-03
1.844834536314010620e-03
1.844509271904826164e-03
1.844394253566861153e-03
1.843939884565770626e-03
1.843498670496046543e-03
1.843034639023244381e-03
1.842601690441370010e-03
1.842248835600912571e-03
1.841770252212882042e-03
1.841363613493740559e-03
1.840586890466511250e-03
1.840154291130602360e-03
1.839614822529256344e-03
1.839144155383110046e-03
1.838742755353450775e-03
1.838226220570504665e-03
1.837916788645088673e-03
1.837182207964360714e-03
1.836784300394356251e-03
1.836102223023772240e-03
1.835260191000998020e-03
1.834086375311017036e-03
1.832979847677052021e-03
1.831802655942738056e-03
1.831302302889525890e-03
1.831071800552308559e-03
1.830713357776403427e-03
1.830207649618387222e-03
1.829953631386160851e-03
1.829646527767181396e-03
1.829319866374135017e-03
1.829092041589319706e-03
1.828808104619383812e-03
1.828552572987973690e-03
1.828261651098728180e-03
1.827990170568227768e-03
1.827737665735185146e-03
1.827377709560096264e-03
1.827248139306902885e-03
1.826999476179480553e-03
1.826738822273910046e-03
1.826038118451833725e-03
1.825675019063055515e-03
1.825052779167890549e-03
1.824496779590845108e-03
1.824153005145490170e-03
1.823646016418933868e-03
1.823319704271852970e-03
1.822962192818522453e-03
1.822774065658450127e-03
1.822252874262630939e-03
1.821501995436847210e-03
1.820969861000776291e-03
1.819917582906782627e-03
1.819393248297274113e-03
1.818869612179696560e-03
1.818398362956941128e-03
1.817714422941207886e-03
1.817098236642777920e-03
1.816291827708482742e-03
1.815684605389833450e-03
1.814683899283409119e-03
1.814390067011117935e-03
1.813797862268984318e-03
1.813287497498095036e-03
1.812870497815310955e-03
1.812278176657855511e-03
1.811437075957655907e-03
1.811246736906468868e-03
1.810389687307178974e-03
1.810046494938433170e-03
1.809639739803969860e-03
1.809344394132494926e-03
1.808934379369020462e-03
1.808161381632089615e-03
1.807277556508779526e-03
1.807147637009620667e-03
1.805322244763374329e-03
1.804256113246083260e-03
1.803591963835060596e-03
1.802741200663149357e-03
1.802261569537222385e-03
1.801606966182589531e-03
1.801043632440268993e-03
1.800642698071897030e-03
1.800151541829109192e-03
1.799917547032237053e-03
1.799598219804465771e-03
1.798985758796334267e-03
1.798058161512017250e-03
1.796793425455689430e-03
1.795355812646448612e-03
1.793701201677322388e-03
1.791560091078281403e-03
1.789671601727604866e-03
1.787996501661837101e-03
1.787084969691932201e-03
1.786210690625011921e-03
1.785510918125510216e-03
1.784945372492074966e-03
1.784265390597283840e-03
1.783276675269007683e-03
1.782213337719440460e-03
1.781566650606691837e-03
1.780651276931166649e-03
1.780002377927303314e-03
1.779043697752058506e-03
1.777649740688502789e-03
1.776551594957709312e-03
1.775267417542636395e-03
1.774737727828323841e-03
1.774329575709998608e-03
1.773834577761590481e-03
1.772553194314241409e-03
1.770991366356611252e-03
1.770565868355333805e-03
1.768897753208875656e-03
1.768233370967209339e-03
1.767863286659121513e-03
1.766990288160741329e-03
1.765932422131299973e-03
1.765475608408451080e-03
1.764517161063849926e-03
1.763476058840751648e-03
1.762902247719466686e-03
1.761504914611577988e-03
1.759620499797165394e-03
1.757458550855517387e-03
1.755880541168153286e-03
1.755095319822430611e-03
1.754164113663136959e-03
1.753738382831215858e-03
1.752547221258282661e-03
1.752180047333240509e-03
1.751347794197499752e-03
1.750586321577429771e-03
1.749627408571541309e-03
1.748308073729276657e-03
1.747041125781834126e-03
1.745318761095404625e-03
1.743611996062099934e-03
1.742618740536272526e-03
1.741653424687683582e-03
1.740459119901061058e-03
1.738837221637368202e-03
1.737089827656745911e-03
1.735533005557954311e-03
1.733858953230082989e-03
1.732483971863985062e-03
1.731541124172508717e-03
1.731027383357286453e-03
1.730548334307968616e-03
1.730018644593656063e-03
1.729342970065772533e-03
1.728793256916105747e-03
1.728224568068981171e-03
1.727635506540536880e-03
1.727044698782265186e-03
1.726605813018977642e-03
1.725238747894763947e-03
1.724354573525488377e-03
1.723532332107424736e-03
1.722502871416509151e-03
1.721400651149451733e-03
1.720310654491186142e-03
1.718960702419281006e-03
1.717935316264629364e-03
1.716946833766996861e-03
1.715140766464173794e-03
1.713431207463145256e-03
1.711057266220450401e-03
1.709989621303975582e-03
1.709168544039130211e-03
1.707770046778023243e-03
1.706903916783630848e-03
1.706180511973798275e-03
1.705410657450556755e-03
1.704819384030997753e-03
1.704271184280514717e-03
1.703483052551746368e-03
1.702764886431396008e-03
1.702440669760107994e-03
1.701768836937844753e-03
1.701326109468936920e-03
1.700761262327432632e-03
1.700268825516104698e-03
1.699470798484981060e-03
1.698604668490588665e-03
1.697793952189385891e-03
1.697245519608259201e-03
1.696391031146049500e-03
1.696133520454168320e-03
1.695475075393915176e-03
1.694999402388930321e-03
1.694260863587260246e-03
1.693325815722346306e-03
1.693032565526664257e-03
1.692062127403914928e-03
1.691302750259637833e-03
1.690880744718015194e-03
1.690317643806338310e-03
1.689757569693028927e-03
1.688960008323192596e-03
1.688196905888617039e-03
1.687673153355717659e-03
1.686599687673151493e-03
1.686421106569468975e-03
1.686113770119845867e-03
1.685928786173462868e-03
1.685721217654645443e-03
1.685467083007097244e-03
1.685127033852040768e-03
1.684670103713870049e-03
1.683846814557909966e-03
1.683127484284341335e-03
1.681515714153647423e-03
1.679700566455721855e-03
1.678479253314435482e-03
1.678072148934006691e-03
1.676269108429551125e-03
1.675298670306801796e-03
1.674329629167914391e-03
1.673761405982077122e-03
1.673366408795118332e-03
1.672925776802003384e-03
1.672499114647507668e-03
1.671996782533824444e-03
1.671724836342036724e-03
1.671371399424970150e-03
1.670932630077004433e-03
1.670650555752217770e-03
1.670108409598469734e-03
1.669689547270536423e-03
1.669264165684580803e-03
1.668776269070804119e-03
1.668233657255768776e-03
1.667267526499927044e-03
1.666981726884841919e-03
1.665780204348266125e-03
1.665310352109372616e-03
1.664739917032420635e-03
1.663906383328139782e-03
1.663457253016531467e-03
1.662264345213770866e-03
1.661853166297078133e-03
1.661510439589619637e-03
1.661112997680902481e-03
1.660693204030394554e-03
1.660543610341846943e-03
1.660393783822655678e-03
1.660240581259131432e-03
1.660065609030425549e-03
1.659602159634232521e-03
1.659479923546314240e-03
1.659169560298323631e-03
1.658798428252339363e-03
1.658595167100429535e-03
1.658475957810878754e-03
1.658216700889170170e-03
1.658183173276484013e-03
1.657822751440107822e-03
1.657680608332157135e-03
1.657464541494846344e-03
1.657192944549024105e-03
1.656847773119807243e-03
1.656266627833247185e-03
1.655917381867766380e-03
1.655434607528150082e-03
1.655075349844992161e-03
1.654297229833900928e-03
1.653971616178750992e-03
1.653452520258724689e-03
1.653160201385617256e-03
1.652430510148406029e-03
1.651701284572482109e-03
1.651033991947770119e-03
1.650176476687192917e-03
1.649103709496557713e-03
1.647429075092077255e-03
1.645932672545313835e-03
1.645110663957893848e-03
1.643711351789534092e-03
1.643142546527087688e-03
1.642461167648434639e-03
1.640910282731056213e-03
1.639442518353462219e-03
1.638329937122762203e-03
1.637142384424805641e-03
1.636360888369381428e-03
1.635642489418387413e-03
1.634131302125751972e-03
1.633856794796884060e-03
1.633195555768907070e-03
1.632207538932561874e-03
1.631703693419694901e-03
1.631048275157809258e-03
1.630251528695225716e-03
1.628860714845359325e-03
1.627181889489293098e-03
1.626869780011475086e-03
1.625945908017456532e-03
1.625539502128958702e-03
1.625171396881341934e-03
1.624657073989510536e-03
1.623745542019605637e-03
1.623067422769963741e-03
1.621946343220770359e-03
1.620988710783421993e-03
1.620158203877508640e-03
1.619103597477078438e-03
1.617269474081695080e-03
1.616631052456796169e-03
1.613972242921590805e-03
1.612964784726500511e-03
1.612108317203819752e-03
1.611074199900031090e-03
1.610057777725160122e-03
1.609522267244756222e-03
1.608991180546581745e-03
1.608578488230705261e-03
1.608131686225533485e-03
1.607529586181044579e-03
1.607315032742917538e-03
1.607051119208335876e-03
1.606532838195562363e-03
1.605763565748929977e-03
1.604799763299524784e-03
1.602970995008945465e-03
1.602095901034772396e-03
1.600916846655309200e-03
1.599701354280114174e-03
1.598602160811424255e-03
1.597166294232010841e-03
1.596210990101099014e-03
1.595160225406289101e-03
1.593594322912395000e-03
1.592837506905198097e-03
1.591231673955917358e-03
1.590086612850427628e-03
1.588752376846969128e-03
1.587367267347872257e-03
1.586002064868807793e-03
1.585209276527166367e-03
1.584350597113370895e-03
1.583630102686583996e-03
1.583241624757647514e-03
1.582738244906067848e-03
1.582282129675149918e-03
1.581762568093836308e-03
1.581277698278427124e-03
1.580801559612154961e-03
1.580712851136922836e-03
1.580351265147328377e-03
1.580150099471211433e-03
1.579549047164618969e-03
1.578977098688483238e-03
1.577237504534423351e-03
1.575901638716459274e-03
1.573663786984980106e-03
1.572424778714776039e-03
1.569963875226676464e-03
1.568411360494792461e-03
1.567012863233685493e-03
1.565195270814001560e-03
1.562583027407526970e-03
1.559863681904971600e-03
1.556597650051116943e-03
1.555106253363192081e-03
1.553606940433382988e-03
1.553211361169815063e-03
1.552744535729289055e-03
1.550766872242093086e-03
1.550316810607910156e-03
1.549591659568250179e-03
1.548842061311006546e-03
1.547375810332596302e-03
1.546186278574168682e-03
1.544887898489832878e-03
1.544293481856584549e-03
1.543293357826769352e-03
1.542077632620930672e-03
1.540957717224955559e-03
1.540191005915403366e-03
1.539603690616786480e-03
1.539129065349698067e-03
1.538996002636849880e-03
1.538412412628531456e-03
1.538191456347703934e-03
1.537710661068558693e-03
1.537185744382441044e-03
1.536752213723957539e-03
1.536348718218505383e-03
1.536093070171773434e-03
1.535580726340413094e-03
1.535184681415557861e-03
1.535055460408329964e-03
1.534796203486621380e-03
1.534702721983194351e-03
1.534509006887674332e-03
1.534130657091736794e-03
1.534110982902348042e-03
1.533889328129589558e-03
1.533729024231433868e-03
1.533499220386147499e-03
1.533250440843403339e-03
1.532911788672208786e-03
1.532722264528274536e-03
1.532284426502883434e-03
1.532124239020049572e-03
1.531851594336330891e-03
1.531692221760749817e-03
1.531456713564693928e-03
1.531045883893966675e-03
1.530869281850755215e-03
1.530734822154045105e-03
1.530500361695885658e-03
1.530399080365896225e-03
1.530308858491480350e-03
1.530186040326952934e-03
1.530154608190059662e-03
1.530079171061515808e-03
1.529816654510796070e-03
1.529630739241838455e-03
1.529437256976962090e-03
1.529355882667005062e-03
1.529198838397860527e-03
1.529014087282121181e-03
1.528674620203673840e-03
1.528645167127251625e-03
1.528357155621051788e-03
1.528235385194420815e-03
1.528069260530173779e-03
1.528059248812496662e-03
1.527729677036404610e-03
1.527444692328572273e-03
1.527231652289628983e-03
1.527001266367733479e-03
1.526594627648591995e-03
1.526385662145912647e-03
1.526302541606128216e-03
1.526117790490388870e-03
1.525987521745264530e-03
1.525804051198065281e-03
1.525678788311779499e-03
1.525509986095130444e-03
1.525275525636970997e-03
1.525122206658124924e-03
1.525014522485435009e-03
1.524961204268038273e-03
1.524891005828976631e-03
1.524556428194046021e-03
1.524306484498083591e-03
1.524125924333930016e-03
1.523787272162735462e-03
1.523551065474748611e-03
1.523281564004719257e-03
1.522924052551388741e-03
1.522377249784767628e-03
1.521705533377826214e-03
1.521223224699497223e-03
1.520636607892811298e-03
1.519888755865395069e-03
1.519094570539891720e-03
1.518154749646782875e-03
1.517673255875706673e-03
1.517293043434619904e-03
1.516904449090361595e-03
1.516727032139897346e-03
1.516540534794330597e-03
1.516295247711241245e-03
1.516137155704200268e-03
1.515986863523721695e-03
1.515653799287974834e-03
1.515433075837790966e-03
1.515376847237348557e-03
1.514871837571263313e-03
1.514800009317696095e-03
1.514436793513596058e-03
1.513814204372465611e-03
1.512986025772988796e-03
1.512638526037335396e-03
1.512029091827571392e-03
1.511733280494809151e-03
1.511126989498734474e-03
1.510666799731552601e-03
1.510294387117028236e-03
1.509906840510666370e-03
1.509647117927670479e-03
1.509365858510136604e-03
1.509201945737004280e-03
1.509048976004123688e-03
1.508869347162544727e-03
1.508753630332648754e-03
1.508667715825140476e-03
1.508320681750774384e-03
1.508011482656002045e-03
1.507718465290963650e-03
1.507387263700366020e-03
1.506887027062475681e-03
1.506518572568893433e-03
1.506239175796508789e-03
1.506071537733078003e-03
1.505793537944555283e-03
1.505484804511070251e-03
1.505358028225600719e-03
1.505191088654100895e-03
1.505122520029544830e-03
1.505088643170893192e-03
1.505000400356948376e-03
1.504991203546524048e-03
1.504503656178712845e-03
1.504270359873771667e-03
1.504004118032753468e-03
1.503133797086775303e-03
1.502069178968667984e-03
1.501684542745351791e-03
1.500434824265539646e-03
1.499633770436048508e-03
1.499494886957108974e-03
1.499188947491347790e-03
1.499039353802800179e-03
1.498679514043033123e-03
1.498548896051943302e-03
1.498186145909130573e-03
1.497790799476206303e-03
1.497477642260491848e-03
1.496892771683633327e-03
1.496709184721112251e-03
1.496450859121978283e-03
1.496241777203977108e-03
1.495803124271333218e-03
1.495482283644378185e-03
1.494920463301241398e-03
1.494392286986112595e-03
1.493821269832551479e-03
1.492375158704817295e-03
1.491633360274136066e-03
1.490813447162508965e-03
1.490215654484927654e-03
1.489696092903614044e-03
1.488339970819652081e-03
1.487423549406230450e-03
1.486284774728119373e-03
1.484021660871803761e-03
1.483163330703973770e-03
1.482233172282576561e-03
1.481322105973958969e-03
1.480504521168768406e-03
1.479581929743289948e-03
1.477891230024397373e-03
1.476227072998881340e-03
1.475024502724409103e-03
1.473702257499098778e-03
1.472217147238552570e-03
1.471415162086486816e-03
1.469714916311204433e-03
1.468029804527759552e-03
1.466512447223067284e-03
1.465925481170415878e-03
1.464758184738457203e-03
1.463806023821234703e-03
1.462713000364601612e-03
1.461138948798179626e-03
1.459642080590128899e-03
1.458212384022772312e-03
1.456265687011182308e-03
1.454781042411923409e-03
1.453446573577821255e-03
1.452859491109848022e-03
1.451947726309299469e-03
1.450830721296370029e-03
1.450483570806682110e-03
1.449904404580593109e-03
1.449642819352447987e-03
1.449040835723280907e-03
1.448907423764467239e-03
1.447990769520401955e-03
1.447736867703497410e-03
1.447521732188761234e-03
1.446884358301758766e-03
1.446603215299546719e-03
1.445763511583209038e-03
1.445385627448558807e-03
1.444888184778392315e-03
1.444503315724432468e-03
1.443987712264060974e-03
1.443327404558658600e-03
1.442803186364471912e-03
1.442459295503795147e-03
1.442127395421266556e-03
1.441852189600467682e-03
1.441656728275120258e-03
1.441341009922325611e-03
1.441302243620157242e-03
1.441068947315216064e-03
1.441010623238980770e-03
1.440607011318206787e-03
1.440372434444725513e-03
1.440136460587382317e-03
1.440129126422107220e-03
1.439975923858582973e-03
1.439646235667169094e-03
1.439553569070994854e-03
1.439149025827646255e-03
1.439010957255959511e-03
1.438688719645142555e-03
1.438345294445753098e-03
1.437705359421670437e-03
1.437402330338954926e-03
1.437289523892104626e-03
1.436952967196702957e-03
1.436600461602210999e-03
1.436178572475910187e-03
1.435854821465909481e-03
1.435376005247235298e-03
1.435030484572052956e-03
1.434575067833065987e-03
1.434189383871853352e-03
1.433584257028996944e-03
1.432948978617787361e-03
1.432329881936311722e-03
1.431501121260225773e-03
1.430623582564294338e-03
1.429776661098003387e-03
1.429160009138286114e-03
1.428517280146479607e-03
1.427311683073639870e-03
1.426691538654267788e-03
1.425785711035132408e-03
1.425361726433038712e-03
1.424765330739319324e-03
1.424076617695391178e-03
1.423480454832315445e-03
1.422810484655201435e-03
1.422211294993758202e-03
1.421137247234582901e-03
1.420404296368360519e-03
1.419527572579681873e-03
1.418889965862035751e-03
1.418597763404250145e-03
1.418068422935903072e-03
1.417379477061331272e-03
1.416957122273743153e-03
1.416707993485033512e-03
1.416307291947305202e-03
1.415861654095351696e-03
1.415419159457087517e-03
1.415121136233210564e-03
1.414701691828668118e-03
1.414146856404840946e-03
1.413674908690154552e-03
1.413035555742681026e-03
1.412382349371910095e-03
1.412008889019489288e-03
1.411801553331315517e-03
1.411594217643141747e-03
1.411341596394777298e-03
1.411028439179062843e-03
1.410834491252899170e-03
1.410310622304677963e-03
1.409808173775672913e-03
1.409324118867516518e-03
1.409010379575192928e-03
1.408758223988115788e-03
1.408412470482289791e-03
1.408215845003724098e-03
1.408017822541296482e-03
1.407705829478800297e-03
1.407633186317980289e-03
1.407424919307231903e-03
1.407120958901941776e-03
1.406693714670836926e-03
1.406271127052605152e-03
1.406097551807761192e-03
1.405965420417487621e-03
1.405793009325861931e-03
1.405696850270032883e-03
1.405476010404527187e-03
1.405476010404527187e-03
1.405476010404527187e-03
