3.977523248103195797e-01,1.000143951459679270e+00
3.863111670881072546e-01,9.282400018793828256e-01
4.797747874496314791e-01,1.183511565067869808e+00
5.214441060702157404e-01,1.291888957309997643e+00
5.231652456704337650e-01,1.293696144710998031e+00
5.226677273479253261e-01,1.285820454401716662e+00
4.212666276434400281e-01,1.013629476174106037e+00
4.455681954783733967e-01,1.075518907330714091e+00
5.387151853256159084e-01,1.281641210001230213e+00
5.443507481964070527e-01,1.304737842436568540e+00
4.925581355210195134e-01,1.182073564173806268e+00
4.317671442163152351e-01,1.037410405481074438e+00
4.325488166739621110e-01,1.043889689088255635e+00
4.028582466732830714e-01,9.702406757399426596e-01
3.649475719967693599e-01,8.844738956273243691e-01
3.397789830877894768e-01,8.339499814154179846e-01
3.345316578710783029e-01,8.165079332504792120e-01
3.503168887284863753e-01,8.517279736780172250e-01
3.167925790305727296e-01,7.658091856496602734e-01
2.914356528079288244e-01,7.068445393202724691e-01
2.411173025657043500e-01,5.862506091131095554e-01
2.299936362323387606e-01,5.614845444720324430e-01
2.538553775329471240e-01,6.133454279547069232e-01
2.069535997871916611e-01,5.024545630456385137e-01
2.171384764194324024e-01,5.242765007224435836e-01
1.873727879997552082e-01,4.551500147345010627e-01
1.490116233470335227e-01,3.726679526168462653e-01
1.382894750262999572e-01,3.513545205758611401e-01
1.406792990533088095e-01,3.533685534723428057e-01
1.393897075119081286e-01,3.400077860481811598e-01
1.435866759006154125e-01,3.508769932852589535e-01
1.402938605501516667e-01,3.453391692573498650e-01
1.273005498529524993e-01,3.166034877995395624e-01
1.317515195968261277e-01,3.252096659811494761e-01
1.449331306538753084e-01,3.546492243019959134e-01
1.557958009685668777e-01,3.772362527950296474e-01
1.562422928406260458e-01,3.806614770676781667e-01
1.436216785956548891e-01,3.506873986830437162e-01
1.298218472761912268e-01,3.196096070288706459e-01
1.304208809489207921e-01,3.232490042741869574e-01
1.140192140596760079e-01,2.819562178818353915e-01
1.049029036718497065e-01,2.583857942034974431e-01
1.070844373195397603e-01,2.598467818917516436e-01
1.010842034503921516e-01,2.471610278108002379e-01
9.838211065020305290e-02,2.396384753670819101e-01
9.335457251931388034e-02,2.276496515590919756e-01
9.280381952156685488e-02,2.266775061734701280e-01
9.387801773883321099e-02,2.289821620358019894e-01
9.244083294389247862e-02,2.251092514076495632e-01
9.247206480347718027e-02,2.251091296569357747e-01
9.384409152809296273e-02,2.288674927265097747e-01
9.595555833611610352e-02,2.326672583875704359e-01
9.104886631845821032e-02,2.193104367208613126e-01
8.554692343020978140e-02,2.073109249318180469e-01
8.214583887901882875e-02,1.980860037287600628e-01
7.434951459663864670e-02,1.803787431736509905e-01
6.744766875728426536e-02,1.659643592274594737e-01
6.279334335874217632e-02,1.558437768167480475e-01
5.253154925359229677e-02,1.331065768237411351e-01
4.925477206113036688e-02,1.237857891963554668e-01
5.104725882719329810e-02,1.265049641479104314e-01
5.005763882127464010e-02,1.239379884323022485e-01
5.158574929568392198e-02,1.279533527782254765e-01
5.279312666125132725e-02,1.310003745753692550e-01
5.298182570506342060e-02,1.324365843456289382e-01
5.255385324645733131e-02,1.317355107969441219e-01
5.330868844018214064e-02,1.330268858916264785e-01
5.439973800748130334e-02,1.358776087276808708e-01
5.212957246978305870e-02,1.291046922351107851e-01
5.107466247620475602e-02,1.262012424128706733e-01
5.042200624159325767e-02,1.246183334918542496e-01
4.711378362474578224e-02,1.158790999058338794e-01
4.638736026444895827e-02,1.136318882011762565e-01
4.527339042639923899e-02,1.100029109882398881e-01
4.493215921805420593e-02,1.091055418127121202e-01
4.291519322935106323e-02,1.042552157064655649e-01
4.148968651409237068e-02,1.001804643358526342e-01
4.215251539258628444e-02,1.020909558720355798e-01
4.260966401900492112e-02,1.033911993471154644e-01
4.403458215058323605e-02,1.070274633936071779e-01
4.680359726895569339e-02,1.136203328027554776e-01
4.650474453662045704e-02,1.131702145910177537e-01
4.566934837457987256e-02,1.119392739203247389e-01
4.624827811144809064e-02,1.131572430920383954e-01
4.520851276210218622e-02,1.107145680917277358e-01
4.452606324575068830e-02,1.089122612936806733e-01
4.432507216704236613e-02,1.083017199142165127e-01
4.288361398195707219e-02,1.053012762672765057e-01
4.271627727954982467e-02,1.052742785747254745e-01
4.207884074299894639e-02,1.035336642417292036e-01
4.072320781723751115e-02,1.005515663603528953e-01
3.919208189700692374e-02,9.642295120523027008e-02
3.934967089159628617e-02,9.713096830540461635e-02
3.934425227753188259e-02,9.728287127353590913e-02
3.940307904620737878e-02,9.753461458854092991e-02
3.977197108464335107e-02,9.838768870468091177e-02
3.916961953202954122e-02,9.678653827173588908e-02
4.041370685831616877e-02,1.001646049215886430e-01
4.107418831061565578e-02,1.021496623877296978e-01
4.138860997612232168e-02,1.021209500129859199e-01
4.068915684553779666e-02,1.008674698443483841e-01
4.005287206493523405e-02,9.975744681818031478e-02
3.963266582437335872e-02,9.892246156080543307e-02
3.934116687704401066e-02,9.844070559103684781e-02
3.956442512221722274e-02,9.936510414905232180e-02
3.990931285011747875e-02,1.001248458741677699e-01
3.889393955555695004e-02,9.766275487314769743e-02
3.855564921977776283e-02,9.670468532371845338e-02
3.875933862234861443e-02,9.633629643042444790e-02
3.880892900481614644e-02,9.619704306911007474e-02
3.874133552263766406e-02,9.622026841008843312e-02
3.908198677361081341e-02,9.822696466220086353e-02
3.746493629649918361e-02,9.403731672787478402e-02
3.671118297511073714e-02,9.299273102895971865e-02
3.588363371098089033e-02,9.115999726860606056e-02
3.557306027640398660e-02,9.056416053988727843e-02
3.518308657744326912e-02,8.954737099041459869e-02
3.547487965024951478e-02,9.043135190683573854e-02
3.518111317618837636e-02,8.950352691490179313e-02
3.388591836276581143e-02,8.569702731517023220e-02
3.322969808970541866e-02,8.448297888669115130e-02
3.283019380709030488e-02,8.343685173788334408e-02
3.355959012043591844e-02,8.477261141639030884e-02
3.259709140190382437e-02,8.212109918742116488e-02
3.180664355205145566e-02,8.103249541484343343e-02
3.055337089309529200e-02,7.857078042816878494e-02
3.041238166538669935e-02,7.879889093318483140e-02
3.097869935592057269e-02,7.988320766434926778e-02
2.985783508581914270e-02,7.671678190338084014e-02
2.887001389025454015e-02,7.482250946465146546e-02
2.876788637652395036e-02,7.379317614068157949e-02
2.809137840056865135e-02,7.176155230549127739e-02
2.608107443445888823e-02,6.702375720440875706e-02
2.512781713854888438e-02,6.462437966083450780e-02
2.410921374832964564e-02,6.197035091260236911e-02
2.319820053982916616e-02,5.965687231893621045e-02
2.250673786367401313e-02,5.817101247505813977e-02
2.202311983433806811e-02,5.626813000691016642e-02
2.252107922086026004e-02,5.725360395021086152e-02
2.285384783146581639e-02,5.822466498441365018e-02
2.220661990087654039e-02,5.676479429781840919e-02
2.188716437432818712e-02,5.609124718141843269e-02
2.177205879851861273e-02,5.620887997899873950e-02
2.210162808724735334e-02,5.718073859632322176e-02
2.314478436636155032e-02,5.964753908718753439e-02
2.368363062236127775e-02,6.099343850107237508e-02
2.423776604842951127e-02,6.223771550983372980e-02
2.460412118831632744e-02,6.350443209508800646e-02
2.427078679554381391e-02,6.366516223391667506e-02
2.423496456575623473e-02,6.313850920791930221e-02
2.429972780575646862e-02,6.296452196745759566e-02
2.398996940642399503e-02,6.205811834091554818e-02
2.432610631925779046e-02,6.212543465123684938e-02
2.491927762657988529e-02,6.361897610072941855e-02
2.481413638558282661e-02,6.382533346087471138e-02
2.499972121261544861e-02,6.438817641952615523e-02
2.551886372245467174e-02,6.548767468382495072e-02
2.508117665731390833e-02,6.411783559580019887e-02
2.534367713572806616e-02,6.507197735945362271e-02
2.555666521858383430e-02,6.534348815006565947e-02
2.529407053589641935e-02,6.472855159037273209e-02
2.600914738849420538e-02,6.630325406335529914e-02
2.623643196056143698e-02,6.677924184891505244e-02
