3.971852293566580649e-01,9.998595280965624221e-01
4.021909406789568875e-01,9.906787200785409642e-01
5.118611457058190872e-01,1.256430480712145359e+00
6.131827752614661398e-01,1.521119415986016854e+00
6.136061079665688922e-01,1.507382122753862852e+00
5.605231534619828926e-01,1.370019797940808859e+00
6.131553889837271232e-01,1.500675940752719484e+00
6.911583226554568471e-01,1.697646978759266290e+00
6.354497958258785717e-01,1.534470432346803914e+00
5.954273969999801519e-01,1.418921466627586447e+00
5.715505677614429736e-01,1.364831853762790592e+00
4.381308929065056978e-01,1.063850705166800692e+00
3.702260358473000723e-01,9.036719132750047345e-01
2.913955342890395817e-01,7.008728708483982217e-01
2.682609509689031224e-01,6.394927820592213319e-01
2.184694078152325247e-01,5.281683609106884170e-01
1.741201936817818041e-01,4.263250912503335766e-01
1.579249661178516451e-01,3.996860363620292067e-01
1.386140088726996178e-01,3.496441699979848661e-01
1.242848697759513926e-01,3.139779355345518885e-01
1.149439318813915145e-01,2.948449903586574661e-01
1.138691009663726633e-01,2.910708373642658109e-01
1.132412437170240566e-01,2.881803154997205074e-01
1.005260033141197884e-01,2.574305191673478821e-01
9.231302842933704345e-02,2.357764247573823635e-01
8.458437395094149658e-02,2.190798022986073235e-01
9.028020930481577000e-02,2.348742115133371777e-01
9.450280843463494673e-02,2.432225647883509978e-01
9.795699930059606486e-02,2.497025838121180452e-01
9.397700522254949507e-02,2.420225277871654590e-01
9.517957135982742234e-02,2.438857074151621063e-01
9.289762666297954330e-02,2.360048005325528220e-01
8.790916839702682395e-02,2.216361479607768803e-01
9.216326208309731649e-02,2.292717404102039558e-01
9.256339480489736427e-02,2.295352260678136802e-01
8.388351039016894717e-02,2.077402026145204750e-01
7.787317949044231247e-02,1.949075301917030378e-01
7.595270740512538588e-02,1.902293567321524936e-01
7.299513786167005636e-02,1.828541116898061425e-01
7.619178083541948421e-02,1.910859220225420430e-01
7.898580286470725798e-02,1.968745259006180193e-01
8.154736353438600538e-02,2.036428081089523556e-01
7.958012479115585125e-02,1.999110844417961441e-01
7.925207615677176687e-02,1.981923361394601901e-01
8.377052747985994086e-02,2.080350455436192347e-01
8.562422617458671781e-02,2.121014410033620623e-01
8.573809154623257545e-02,2.131557974715323767e-01
8.435235100690564869e-02,2.109827355521829984e-01
8.305459279512356074e-02,2.074720251833371276e-01
8.204394317298273342e-02,2.055610627293406323e-01
8.230053317178290251e-02,2.061740430503974375e-01
8.351184118748034013e-02,2.082159723540570884e-01
8.427403233859809273e-02,2.096568056101806854e-01
8.108777536904802907e-02,2.021920283463372048e-01
8.098513202753288009e-02,2.012412028633150385e-01
8.312265831093336443e-02,2.065023239353905860e-01
8.119200217918540186e-02,2.020612584285054469e-01
7.964056715456843683e-02,1.981828184033684048e-01
7.698885765405714954e-02,1.919163969784779822e-01
7.885490428944814945e-02,1.963964058531929013e-01
7.778493900881673639e-02,1.928339940938762209e-01
7.708421233543474860e-02,1.915802197289746545e-01
7.688977052748534324e-02,1.920626814310203712e-01
8.003239830620349771e-02,2.005293125630864537e-01
8.133747690199555347e-02,2.036797545082842664e-01
8.120356261278323384e-02,2.044777297630490376e-01
8.117513487006111639e-02,2.044951217171863123e-01
7.961480880005022964e-02,2.012780717987775747e-01
8.094725422209173016e-02,2.043562538837737919e-01
7.944384893526017233e-02,2.020854698270040384e-01
7.988023203855161569e-02,2.032250564285728867e-01
8.155191905042251388e-02,2.067689029831063507e-01
8.117423268486965993e-02,2.053157871196313877e-01
7.921586262399549216e-02,1.991825865262018824e-01
7.660064379638206744e-02,1.917593731107741506e-01
7.572013598158210124e-02,1.886272423771078732e-01
7.531504991679013883e-02,1.872995073647855391e-01
7.523861349854873981e-02,1.870844114530430258e-01
7.453783342781424015e-02,1.848526718531267321e-01
7.298305112420136465e-02,1.818010705451213183e-01
7.318992312367358921e-02,1.823457594082998623e-01
7.162763258202639594e-02,1.790112074986611179e-01
7.501097126317776698e-02,1.896182447538237170e-01
7.615923865939069892e-02,1.922384987718027682e-01
7.750645353411453331e-02,1.955835306115448480e-01
7.730194457263885044e-02,1.942589954135300612e-01
7.672318699158355015e-02,1.928802576209356912e-01
7.725746422075525921e-02,1.945368087679876512e-01
7.779939383600624481e-02,1.957902158595253850e-01
7.854225695932641471e-02,1.974429138934023775e-01
7.679276263603215802e-02,1.929916703128750632e-01
7.633926565801220365e-02,1.904349857551667358e-01
7.758334208024895984e-02,1.929504246197898953e-01
7.772659912881156596e-02,1.934493675621149211e-01
7.784461789847592350e-02,1.932968121654166094e-01
7.749247888599335166e-02,1.919799848300847156e-01
7.705160053117526830e-02,1.903184124037402281e-01
7.903770443911790899e-02,1.948966084050539060e-01
8.039250194893239609e-02,1.985098649727675135e-01
8.256033819049769795e-02,2.035694766782346343e-01
8.251142670226196962e-02,2.037015613159615379e-01
8.259637294507808647e-02,2.042430430021746346e-01
8.224085012299924002e-02,2.021380886848268277e-01
8.094327142771165495e-02,1.980187988691840262e-01
8.029871103983028668e-02,1.974695522227847277e-01
7.955265221441620849e-02,1.957695381872534279e-01
7.851400724770264683e-02,1.930351153237415962e-01
7.915627934724765724e-02,1.943746779286754101e-01
7.980393669769604570e-02,1.951440593702892523e-01
7.936693351123186302e-02,1.946338220400732899e-01
7.943476674061408782e-02,1.949176031597163183e-01
7.926882950602813505e-02,1.938509758998324395e-01
7.885370399974722666e-02,1.921462947523078779e-01
7.780521856724871566e-02,1.898172088974115213e-01
7.627188009205075614e-02,1.859116771952428193e-01
7.615172133531523946e-02,1.857484828283255396e-01
7.626674520622044040e-02,1.868106452999804545e-01
7.657233503253670082e-02,1.883233342465775173e-01
7.659140945041503779e-02,1.889092185768783960e-01
7.716716238827689422e-02,1.902105638967927503e-01
7.729085053319484366e-02,1.895507335327898946e-01
7.696736017910339733e-02,1.891214994274519889e-01
7.686762928051384114e-02,1.886744387712741833e-01
7.515493161990172144e-02,1.846648121413226318e-01
7.385911325153765583e-02,1.815990918260969311e-01
7.289165473704395382e-02,1.780398464853097384e-01
7.206691798145928307e-02,1.752825966361967747e-01
7.157683268250848718e-02,1.741665466625023639e-01
7.117295853928873317e-02,1.733185513236140673e-01
7.057727007887788784e-02,1.714508943767507065e-01
6.978696444244368580e-02,1.698602891499302603e-01
7.070806982303724786e-02,1.716681006686405497e-01
7.104308314125822033e-02,1.720398793880863475e-01
7.050900874659082884e-02,1.710474292252054940e-01
6.970995214507558213e-02,1.691665961066450008e-01
6.944613463274754150e-02,1.686822007052767025e-01
6.986722560914641889e-02,1.697843944008609607e-01
6.949200454571873020e-02,1.693810704677370660e-01
6.966942750756971448e-02,1.698744134534722061e-01
