3.980617152639659984e-01,1.000640550413101515e+00
4.292693427085368940e-01,1.055605713478093177e+00
4.966551633445093206e-01,1.218300342704708106e+00
4.965314453655902960e-01,1.258956866188732926e+00
6.701670613359604900e-01,1.672721017848197045e+00
7.176878780224582588e-01,1.766822833292906791e+00
7.375034282351525805e-01,1.814715322323784186e+00
7.465355397286186356e-01,1.831570392778324230e+00
7.501327749677925150e-01,1.846010985546720828e+00
7.525552395725769728e-01,1.846488363424130918e+00
7.304232741541886176e-01,1.790627791117311851e+00
7.508628369582697193e-01,1.826822695539151553e+00
7.918826045764495447e-01,1.921395030639033941e+00
7.779303182633358071e-01,1.881131948111337993e+00
7.517594119746667802e-01,1.822058987253402762e+00
7.581785148850063161e-01,1.824689813672086158e+00
7.686402681097267431e-01,1.861792061795955133e+00
7.576453676789280944e-01,1.849980563124297595e+00
7.431959184908423222e-01,1.814352889124557056e+00
7.461353600888199766e-01,1.828004367093788662e+00
7.152017611516934270e-01,1.761372618531137579e+00
6.912980028847277580e-01,1.716950666713008111e+00
6.926351210348319354e-01,1.718938699479405141e+00
6.862095728040950027e-01,1.710745534314941363e+00
6.853462059002958240e-01,1.708111740582707538e+00
6.756745108443841241e-01,1.683072686915247473e+00
6.667340107483484823e-01,1.666036611871861028e+00
6.662947742576413868e-01,1.668987889594552687e+00
6.590342399641625493e-01,1.656689940553399021e+00
6.329372876655072755e-01,1.598697919410777102e+00
6.109645568376195213e-01,1.549031887328540247e+00
6.024152101371640367e-01,1.521356095006941134e+00
5.934797166605950691e-01,1.496357464831306050e+00
5.773318040000748885e-01,1.452499671639801759e+00
5.518220171926496720e-01,1.389630436148221904e+00
5.426240034515638078e-01,1.363425027068456918e+00
5.117029705333538958e-01,1.287381695435373397e+00
4.753082295360263609e-01,1.190687457978012453e+00
4.558696911594937728e-01,1.139613139716851853e+00
4.186904524561114171e-01,1.042342696943635572e+00
3.822744601407794263e-01,9.514027919563318170e-01
3.691520309684633294e-01,9.226386953659537760e-01
3.628205408461230297e-01,9.071432211929952860e-01
3.665565199386592310e-01,9.166193925903072248e-01
3.617226607042252629e-01,9.013320427993002371e-01
3.601011538969162151e-01,8.961423576626716958e-01
3.599660097228188360e-01,8.974872845703465440e-01
3.500536610823584138e-01,8.762490781659656447e-01
3.456702930791117345e-01,8.626809766058119999e-01
3.419090670781051999e-01,8.546961708596582108e-01
3.430332807600982026e-01,8.556082220337976052e-01
3.332691873416115946e-01,8.252239611720653123e-01
3.186626889442340516e-01,7.856638089134240222e-01
2.978724497839744245e-01,7.346593126353864189e-01
2.797609423229793779e-01,6.884307277652409462e-01
2.708564573883185944e-01,6.663069371438671284e-01
2.608556460519962372e-01,6.413385232146148196e-01
2.604925455897000308e-01,6.415509477175082020e-01
2.569565183776044703e-01,6.330379373993688663e-01
2.490177415489497337e-01,6.120919949561386408e-01
2.420220477427753036e-01,5.948688533293280400e-01
2.329776687284690895e-01,5.726796095870260173e-01
2.257798164252936557e-01,5.558893893976464273e-01
2.205018951657280457e-01,5.434590039772273506e-01
2.152384882842242053e-01,5.311946831448269846e-01
2.091165979144254949e-01,5.151703273504860681e-01
2.086500765939535429e-01,5.148906567835918047e-01
2.017849488125773305e-01,4.974997900147553609e-01
1.930836099801728212e-01,4.766503662327949975e-01
1.873630135621214554e-01,4.628500139080687359e-01
1.812460928792845594e-01,4.472599302051317727e-01
1.769884585775330366e-01,4.366657732142215642e-01
1.733571725424750132e-01,4.277459174346647242e-01
1.694226249005893470e-01,4.188360175649502026e-01
1.619572572380003905e-01,3.997665398555675931e-01
1.552175295494591933e-01,3.826785053163721528e-01
1.534124948485638129e-01,3.782579284353394522e-01
1.528517384062455242e-01,3.767806968686799318e-01
1.518787693162135521e-01,3.739156643633452237e-01
1.505823303397923474e-01,3.708265775671973352e-01
1.492039992695726180e-01,3.672826437630181684e-01
1.457217227027662321e-01,3.586759802534066899e-01
1.398833600423397827e-01,3.442834793446633013e-01
1.363425314770134178e-01,3.358026605247680929e-01
1.312132050369362590e-01,3.229237431437633199e-01
1.265073127893341642e-01,3.112047566293786871e-01
1.242950227703949334e-01,3.054855784441052879e-01
1.178863310358555794e-01,2.901496702303774100e-01
1.121035756243123210e-01,2.758230858826506426e-01
1.066265947403444159e-01,2.619158941340128943e-01
1.026304991781632203e-01,2.523481940721071792e-01
9.989190377894199835e-02,2.457597686694652783e-01
9.559500211633831235e-02,2.355336886613340897e-01
9.024158124039402540e-02,2.226484166551313815e-01
8.802181419737827028e-02,2.171284730983456812e-01
8.359008215209094705e-02,2.058445855855012274e-01
7.627364367928826661e-02,1.879982627969371267e-01
7.241039397869797334e-02,1.784403985871785836e-01
7.131595317571652604e-02,1.756679622216248404e-01
7.065478953885290236e-02,1.739841602891724071e-01
7.137872387480785619e-02,1.752968971674305487e-01
6.755507895481238645e-02,1.662264453814012444e-01
6.684488803532626089e-02,1.643639965234160727e-01
6.618814723529237165e-02,1.625623750495469866e-01
6.767458205515908265e-02,1.661078199711504000e-01
6.606172890461024794e-02,1.622573779806667227e-01
6.769183852283293390e-02,1.666598987447847069e-01
6.898111891258558448e-02,1.699983132853331858e-01
6.839343866009153783e-02,1.684164792009688605e-01
6.970193245830828832e-02,1.715191084323295645e-01
7.076309524670508500e-02,1.740936900903618800e-01
7.116795340784971835e-02,1.751361649605749915e-01
6.859601723647480720e-02,1.684800019176756480e-01
6.656732730845217605e-02,1.635337943219297985e-01
6.444216957428273995e-02,1.580484203247947417e-01
6.433456434404090374e-02,1.580016985468090940e-01
6.334361496688167836e-02,1.553094255586369987e-01
6.392153738828290632e-02,1.568968069470541293e-01
6.226126690713577883e-02,1.530246036178504465e-01
6.245725491074487906e-02,1.537611853493527081e-01
6.243897124948505351e-02,1.534573550988154456e-01
6.207702003926508783e-02,1.526666981579115068e-01
6.285168765485919795e-02,1.548186747661933482e-01
6.273528329023501937e-02,1.546120368513241028e-01
6.249909179153070177e-02,1.537774438014347933e-01
6.030950096966470469e-02,1.486774100178130387e-01
5.881672366521269180e-02,1.453864621857976491e-01
5.601411105768201032e-02,1.386549210380742525e-01
5.534219847816260890e-02,1.370619671046598709e-01
5.454334389100201630e-02,1.354059159010249092e-01
5.441074078347586662e-02,1.340411137141767906e-01
5.200514826369518478e-02,1.279343547224825739e-01
5.098053306712822808e-02,1.247549007688432687e-01
4.823029939347798362e-02,1.181356685298929343e-01
4.701876391346328232e-02,1.155677178942209615e-01
4.553786415134637722e-02,1.122465854811370151e-01
4.342168050505892246e-02,1.068523971460432348e-01
4.259275353655329194e-02,1.049535258591810793e-01
4.030171758226792911e-02,9.936390141754186667e-02
3.940518974904583249e-02,9.710161102623561524e-02
3.862067431729964556e-02,9.550206520919481135e-02
3.673039453906414703e-02,9.062157733165325524e-02
3.477600287895934311e-02,8.578445639037834969e-02
3.367140052904672026e-02,8.312499601784276160e-02
3.176490750539594232e-02,7.799031107334628010e-02
3.030909610042454086e-02,7.402203132000920172e-02
2.906484415820061867e-02,7.100665799530601896e-02
2.593453667222776066e-02,6.353816308263329771e-02
2.471883886546872092e-02,6.034224756089263259e-02
2.228794806484391683e-02,5.443996908819746100e-02
2.117443075070999867e-02,5.194943953102800632e-02
2.064001312461053936e-02,5.070526767771058041e-02
1.963932688268625257e-02,4.837650257309456664e-02
1.666295785758899542e-02,4.090802832363963498e-02
1.816369676301052977e-02,4.545273484468520531e-02
1.810361036342485880e-02,4.542975674864633412e-02
1.858485175589617497e-02,4.592497841026695754e-02
1.902104496717813009e-02,4.650702232424631932e-02
2.021551733515476040e-02,4.953021515117075196e-02
2.217588290884943414e-02,5.469148133248810661e-02
2.340436476010924680e-02,5.754643403074433811e-02
2.355334549874297731e-02,5.804044687430413851e-02
2.504648602861345164e-02,6.119842122989387762e-02
2.457905160570687808e-02,6.024586066425284547e-02
2.549121177512757991e-02,6.237414091309214509e-02
2.738325996039021534e-02,6.688894585144250504e-02
2.772651189351059767e-02,6.778919812791944777e-02
2.918288278807936592e-02,7.128252223674545751e-02
2.976871287068930810e-02,7.288066020198433193e-02
3.017973690586787938e-02,7.412943362157084493e-02
3.086243614696163040e-02,7.569251495425068088e-02
3.105068384549447211e-02,7.595436000625194195e-02
2.913913718854621582e-02,7.113572677190785343e-02
2.978026782484602050e-02,7.272737674407184216e-02
3.006626638989114489e-02,7.351806547683803483e-02
2.897351407116458347e-02,7.148398139347984792e-02
2.831810473639203435e-02,6.970065374520481583e-02
2.791066398495859260e-02,6.839094605823035911e-02
2.856831259850223584e-02,6.964277697611938323e-02
2.731401041623659001e-02,6.659005936293742323e-02
2.671235121618851724e-02,6.513943445764346085e-02
2.666021301830683726e-02,6.525464490229868075e-02
2.708725479103687647e-02,6.638271858975632045e-02
2.627639557391851788e-02,6.436612652502679555e-02
2.528033203448654120e-02,6.207258705960681106e-02
2.446390920892204182e-02,6.007785369766937417e-02
2.397651009216357834e-02,5.904553493688271398e-02
2.399331272524319811e-02,5.917580900414069062e-02
2.353865259862677334e-02,5.772359385135467785e-02
2.276885054730287683e-02,5.574796289098080809e-02
2.250629916495648294e-02,5.512433493094782283e-02
2.141771828698595809e-02,5.284368675999547710e-02
2.111169748694625981e-02,5.207767131301993535e-02
1.958619111446036065e-02,4.823250850437525022e-02
1.887697726250149935e-02,4.602514525691016323e-02
1.835456815029990960e-02,4.463561957881776593e-02
1.825033781289030557e-02,4.445414721891243620e-02
1.759646080553194450e-02,4.273781808012071248e-02
1.644626016111331787e-02,4.008370180561407481e-02
1.590851506244041549e-02,3.883166513883361953e-02
1.471155626077098183e-02,3.571558483620993624e-02
1.393469497280435190e-02,3.368492580050199553e-02
1.372724801068760624e-02,3.356612884100391297e-02
1.266847535154212723e-02,3.103790421355288875e-02
1.260238450444538943e-02,3.080415072089807624e-02
