3.976022462456678674e-01,1.732433876635501413e+00
4.216698196093401907e-01,1.801153302491876662e+00
3.765317742531292255e-01,1.598306512642473365e+00
3.211789641749998037e-01,1.381901241606989794e+00
3.210666974105029214e-01,1.386699101981617055e+00
3.218058504707330680e-01,1.390724960754291306e+00
3.215231404108020441e-01,1.389753818048873546e+00
3.208158136998752186e-01,1.388080879155087599e+00
3.223029693911138027e-01,1.394270917155287171e+00
3.206296749843774996e-01,1.390120724322100987e+00
3.210620164034422852e-01,1.392051835661201498e+00
3.207593546433109566e-01,1.391695680487821773e+00
3.199506845815220379e-01,1.389457227610881640e+00
3.198358214921879217e-01,1.389184012838616811e+00
3.201729821421094857e-01,1.390365948242720640e+00
3.205024949692621417e-01,1.391237555275271598e+00
3.204835723728040597e-01,1.390974548673004518e+00
3.195204648483916943e-01,1.388406124083495952e+00
3.189616971773071019e-01,1.386487509814799512e+00
3.192431912046657105e-01,1.387730165134385629e+00
3.190970499133584104e-01,1.388000160998124510e+00
3.190699775640097879e-01,1.387921927069532879e+00
3.193720085726990399e-01,1.388888162137193127e+00
3.196943338304862325e-01,1.389542230651744870e+00
3.195236388988235698e-01,1.388959453325291360e+00
3.194040528879681373e-01,1.388390005077367428e+00
3.192321663222742467e-01,1.387950523163093974e+00
3.191198154186280500e-01,1.387684725640321970e+00
3.190932876640810156e-01,1.387637294387838338e+00
3.193775600712874807e-01,1.388700383021169049e+00
3.198056410313921405e-01,1.390375185176877748e+00
3.201121062985903265e-01,1.391624095943487793e+00
3.203326687475735457e-01,1.392243599323945480e+00
3.206907842493345595e-01,1.393169035953285562e+00
3.205515274655814095e-01,1.392638492416960139e+00
3.207081777416668222e-01,1.393071626858832790e+00
3.203934885686652301e-01,1.392225671377085083e+00
3.200354808456793987e-01,1.391217702051192884e+00
3.199241096074372792e-01,1.390941890306211404e+00
3.197765534247928865e-01,1.390679411515969299e+00
3.195412183639132486e-01,1.390088059599044357e+00
3.195782552057194192e-01,1.390223948975838120e+00
3.195287013693848266e-01,1.390125734981638050e+00
3.195350379236890914e-01,1.390105771318955519e+00
3.193484909671112648e-01,1.389429140962564979e+00
3.192266706849328783e-01,1.388922445452712262e+00
3.192277788726043952e-01,1.388926732968359445e+00
3.191709055664904149e-01,1.388698968657916311e+00
3.189819027144340513e-01,1.388116875365319247e+00
3.190175722090622945e-01,1.388275669082891906e+00
3.189468866509218570e-01,1.388072806725787034e+00
3.188719866581180007e-01,1.387764379293890737e+00
3.189825687432009116e-01,1.388176814642982038e+00
3.190176651960549004e-01,1.388267840077990201e+00
3.189390042639833056e-01,1.388145143821065908e+00
3.189737638057509872e-01,1.388882922746167647e+00
3.189996015573598465e-01,1.388937931095195255e+00
3.189315164971847083e-01,1.388709184813451181e+00
3.188666160325844823e-01,1.388420661988663207e+00
3.187106772529561538e-01,1.387883413964776880e+00
3.187549047893766252e-01,1.387946047934694116e+00
3.186646738031814752e-01,1.387605428967653154e+00
3.185479468049750573e-01,1.387079417330731701e+00
3.186094061413055623e-01,1.387246102805296699e+00
3.187703332511359067e-01,1.387741126268917879e+00
3.188570124500448300e-01,1.388030912282060436e+00
3.188692197367275494e-01,1.388013755098346236e+00
3.187916481935769153e-01,1.387748679511975114e+00
3.188391234041829669e-01,1.387921107597460235e+00
3.187170658754281960e-01,1.387594950583381781e+00
3.188040253338254582e-01,1.387869814640825705e+00
3.187615706423123640e-01,1.387698981133817178e+00
3.188962635416247027e-01,1.388199922191654556e+00
3.188437828297439602e-01,1.388144349955923840e+00
3.189682135193750434e-01,1.388542308329130393e+00
3.190547106554360024e-01,1.388690713310919422e+00
3.190257690194968077e-01,1.388428833879485014e+00
3.189448532827910410e-01,1.388093878482896670e+00
3.190250934537687266e-01,1.388402504316728292e+00
3.191201520606484210e-01,1.388928666786006794e+00
3.189238155176125633e-01,1.388405779259571204e+00
3.188628283371755523e-01,1.388218656738434031e+00
3.188252111571424630e-01,1.387993831825116819e+00
3.187971485843514863e-01,1.387974551943103929e+00
3.187410969420126361e-01,1.387801184716454639e+00
3.186473966317646123e-01,1.387497041438297218e+00
3.185191266141945698e-01,1.387128913923688200e+00
3.183644954978613884e-01,1.386531323114762460e+00
3.182893496957147628e-01,1.386248706448116597e+00
3.182454074677425471e-01,1.386019013457197246e+00
3.182275696982859725e-01,1.385937966718699732e+00
3.182546403940511581e-01,1.386097413774934450e+00
3.182407858347390261e-01,1.386095883705879217e+00
3.182675007092549135e-01,1.386228945766892151e+00
3.184067632736906073e-01,1.386766772074726317e+00
3.183299575818783200e-01,1.386525952748258073e+00
3.183102605591255352e-01,1.386367445526874853e+00
3.182066480298885169e-01,1.385990078408798620e+00
3.181078679882256566e-01,1.385633612694529226e+00
3.180682981532138021e-01,1.385538113295972762e+00
3.180429829343446313e-01,1.385377137702692441e+00
3.180534690294426481e-01,1.385394499317856631e+00
3.180076193339282375e-01,1.385236860872947062e+00
3.178535895773073605e-01,1.384736695780133031e+00
3.177655177337609382e-01,1.384383296893388460e+00
3.177615421987703970e-01,1.384459041426992609e+00
3.177640670257615430e-01,1.384391440957395636e+00
3.176541051746284983e-01,1.384060268209825306e+00
3.177413201311889424e-01,1.384432559896411119e+00
3.178533170997350221e-01,1.384811949991568980e+00
3.179780138415634894e-01,1.385310676460263402e+00
3.179965045648070476e-01,1.385408905851267081e+00
3.179623996555067666e-01,1.385301756531456041e+00
3.179799857388426187e-01,1.385403262473499542e+00
3.179881187401995546e-01,1.385396893740500346e+00
3.179598576258062526e-01,1.385281686709163518e+00
3.179792548194715351e-01,1.385354075329930268e+00
3.178821746767377387e-01,1.385050884188186782e+00
3.179292614670972128e-01,1.385239741964525484e+00
3.179495323641668980e-01,1.385313215377651952e+00
