3.975889570697911379e-01,1.732404264196464316e+00
3.914975281730268541e-01,1.679264807045766972e+00
3.151143948176055587e-01,1.358091849213487023e+00
3.126431039593929317e-01,1.351523047644786146e+00
3.144841801572509921e-01,1.359557351740529718e+00
3.185567831864046795e-01,1.377488134584771373e+00
3.176709156068237561e-01,1.374794469504750261e+00
3.201175438276383511e-01,1.385474431275835361e+00
3.212458000220405063e-01,1.389905633482360736e+00
3.215574754260097090e-01,1.391615724734517778e+00
3.216258202557303880e-01,1.392731874672723524e+00
3.214317986093468971e-01,1.392729642505964316e+00
3.207157416818146034e-01,1.391445098147415127e+00
3.204939291468745788e-01,1.391156101815098411e+00
3.203508610371450516e-01,1.391083103969313450e+00
3.203358277404287358e-01,1.391206076342704767e+00
3.204629359436890756e-01,1.391622767908549996e+00
3.199342831131749554e-01,1.390110674426910942e+00
3.197539925575712538e-01,1.389561048089860584e+00
3.196761258298333463e-01,1.389346987743266926e+00
3.197706903598531158e-01,1.389716833253501926e+00
3.197361283896187900e-01,1.389669106165444923e+00
3.196389589733498182e-01,1.389381554642526106e+00
3.194500177439237865e-01,1.389052272002293309e+00
3.192562660945477693e-01,1.388419246813590968e+00
3.192508279886955846e-01,1.388431633916366925e+00
3.191265708080642249e-01,1.387990715298208944e+00
3.190350433071907355e-01,1.387944587413473041e+00
3.190682963091136526e-01,1.388086252991819647e+00
3.189516384573842789e-01,1.387831274455996855e+00
3.188881311832326704e-01,1.387749666177553021e+00
3.187980507997572599e-01,1.387415873180510850e+00
3.187549841506518433e-01,1.387356587327201574e+00
3.187223808542593573e-01,1.387308225090724489e+00
3.186759689831714648e-01,1.387151435767817853e+00
3.187099156571644443e-01,1.387289870862620011e+00
3.187367171251016540e-01,1.387368410420973142e+00
3.187769543774227055e-01,1.387561905603089674e+00
3.188328019410179848e-01,1.387789449667755859e+00
3.187820827114240529e-01,1.387683511042863360e+00
3.187595672425620474e-01,1.387672696179569121e+00
3.186953789232887524e-01,1.387507204745778600e+00
3.185573258057105561e-01,1.387151221908428989e+00
3.186057830474590680e-01,1.387343320769788724e+00
3.185991851153773258e-01,1.387404766167511516e+00
3.185727213111945177e-01,1.387370153118575589e+00
3.185425028975191752e-01,1.387272098722952984e+00
3.185643933287668483e-01,1.387341885314427037e+00
3.185373890788959494e-01,1.387267769156983022e+00
3.185153585170148460e-01,1.387246027501948697e+00
3.185211343436786247e-01,1.387290913883021837e+00
3.184997860293456440e-01,1.387223993923900167e+00
3.185446555173592209e-01,1.387413940270963986e+00
3.186162229992520190e-01,1.387650445029725121e+00
3.186503470870662436e-01,1.387764621352723049e+00
3.186607866515288601e-01,1.387808138731373431e+00
3.186424975844524554e-01,1.387741320458783401e+00
3.186516357658526477e-01,1.387774009766462147e+00
3.186381797610670086e-01,1.387729544436440809e+00
3.185536643200904683e-01,1.387463540161351983e+00
3.185473245794734343e-01,1.387490854943962182e+00
3.185020848244656810e-01,1.387344433446158654e+00
3.184687458047240072e-01,1.387244456967172246e+00
3.184954364849484354e-01,1.387332182128951041e+00
3.184688270704347790e-01,1.387254540105400391e+00
3.184691942382442131e-01,1.387262354925540286e+00
3.184371493204971038e-01,1.387142565269987360e+00
3.183976030465985874e-01,1.387034251385299566e+00
3.183508545564702752e-01,1.386882701370327986e+00
3.182846006142526218e-01,1.386672461779151933e+00
3.182723893514931568e-01,1.386636873356297928e+00
3.182752217610363421e-01,1.386639025071805476e+00
3.182756880320263826e-01,1.386640421104581522e+00
3.182718668781246429e-01,1.386625978255926928e+00
3.183134815160322817e-01,1.386756112242069072e+00
3.183474278677208003e-01,1.386866486204102911e+00
3.183110146845645194e-01,1.386754381824523152e+00
3.183020710288869681e-01,1.386742858454164784e+00
3.183194220539706243e-01,1.386812234851185321e+00
3.182720560346222194e-01,1.386661397041643040e+00
3.182711718591939021e-01,1.386665718559081606e+00
3.182908352424470566e-01,1.386733071027188569e+00
3.182895338495179693e-01,1.386747922470748628e+00
3.183354235966268098e-01,1.386887151609517810e+00
3.183651961292122134e-01,1.386993880406423907e+00
3.183324166932701149e-01,1.386895274889589524e+00
3.183087667823497613e-01,1.386830650244410101e+00
3.183134571245501698e-01,1.386841069268490934e+00
3.183205542760099704e-01,1.386861774082084109e+00
3.183216624432144148e-01,1.386855496917988928e+00
3.183535042484061939e-01,1.386970597973153696e+00
3.183502830193296051e-01,1.386982368596462178e+00
3.183449289247108904e-01,1.386973446614391037e+00
3.183846914892916602e-01,1.387128014194901837e+00
3.184238130671333544e-01,1.387259382550992015e+00
3.183900191459995699e-01,1.387181460978506475e+00
3.183993195153513311e-01,1.387226817944714030e+00
3.183799188755968013e-01,1.387180549448929767e+00
3.183909385718152740e-01,1.387215825430263783e+00
3.183976885278909097e-01,1.387229430821576015e+00
3.183730660863937634e-01,1.387151373803862331e+00
3.183750370264674112e-01,1.387166955762750176e+00
3.183303764827190574e-01,1.387019748698231636e+00
3.183225548698943030e-01,1.386995129950774563e+00
3.183403864005818762e-01,1.387049551840029427e+00
3.183471274724422595e-01,1.387074764389539583e+00
3.183527461534049752e-01,1.387096711642364477e+00
3.183471134487260712e-01,1.387079890086170719e+00
3.183349041527522294e-01,1.387069126057353996e+00
3.183223345465397425e-01,1.387042447115498733e+00
3.183484495757527011e-01,1.387150435606929744e+00
3.183148321882025011e-01,1.387025745680017685e+00
3.183139180243449440e-01,1.387028604328019332e+00
3.183143875085307495e-01,1.387049790118468628e+00
3.182759205503497002e-01,1.386913905693550220e+00
3.183114131759455789e-01,1.387017681050338291e+00
3.183027951956418078e-01,1.386987213118407780e+00
3.183094061207512593e-01,1.386976612352075700e+00
3.183177279537625082e-01,1.386978763711693041e+00
3.183109074345324419e-01,1.386961632378568510e+00
3.183149204168055912e-01,1.386974021291505155e+00
3.183248119740649251e-01,1.387009055364051058e+00
3.183284838325541322e-01,1.387031906479728072e+00
3.183480748319789111e-01,1.387111339204841087e+00
3.183472823803963903e-01,1.387131843871181491e+00
3.183490936403981508e-01,1.387140451183887402e+00
3.183498845726840942e-01,1.387147325181799395e+00
