3.980124897352128599e-01,1.000816393814788707e+00
4.465283716145733717e-01,1.101651504277085136e+00
5.075443224150540944e-01,1.242924537925905293e+00
4.450669683059975679e-01,1.076390483230504236e+00
4.060248139173128212e-01,9.667918683972903660e-01
4.743506223907198449e-01,1.110292700375453023e+00
6.072824073579377036e-01,1.448655108555727766e+00
5.538935887375372458e-01,1.347042718271888706e+00
4.328868438850714262e-01,1.066419100388808161e+00
4.095073397288609418e-01,9.992122168064127008e-01
3.114292108657352731e-01,7.552335760561316169e-01
3.438031325525692794e-01,8.562475552414795521e-01
2.575104003511377027e-01,6.331038128953550004e-01
2.190962212175288082e-01,5.405203178423787502e-01
1.850160359799700449e-01,4.566379247572762701e-01
1.409493644828400116e-01,3.466134434621349625e-01
1.110952857686946099e-01,2.675831277731049451e-01
1.026122999449691348e-01,2.520088539266532868e-01
8.374401451076529668e-02,2.070882335755382664e-01
9.221711953348989133e-02,2.295860395271542287e-01
9.992513903849593870e-02,2.462334352405337046e-01
9.702064787989109207e-02,2.385710639010002465e-01
9.776302313643679687e-02,2.426513103777868108e-01
8.382640674043055629e-02,2.119966236591368791e-01
7.272532085597588347e-02,1.836052359621846986e-01
7.190093314891304876e-02,1.822269567931985024e-01
7.201440946646807395e-02,1.784389451495684842e-01
7.480659317082459514e-02,1.861779782924512794e-01
6.924816301254123341e-02,1.717644023157834932e-01
6.818170262648837188e-02,1.721295457171882204e-01
5.897738061590590553e-02,1.492256528175478214e-01
5.524360914166036307e-02,1.401566521312453406e-01
5.492657321364334544e-02,1.403802631815440072e-01
5.967611805001007269e-02,1.487762974793233051e-01
5.843642034640006422e-02,1.447212620479878253e-01
5.600521945000467433e-02,1.395879245393705226e-01
5.922264756528110990e-02,1.468633328992842713e-01
6.126737415435667272e-02,1.517058301670338172e-01
5.999681265588287932e-02,1.482490261728401648e-01
6.163882921769513884e-02,1.527342269427839627e-01
5.851735414637405236e-02,1.440327048220656492e-01
6.018432844552562555e-02,1.470492210047899539e-01
5.809039325725531139e-02,1.414203591363714374e-01
5.980168578287748532e-02,1.452386976622942194e-01
5.778206229454198317e-02,1.404585172228267065e-01
5.853828263058534487e-02,1.411106162661955599e-01
5.493131219498393475e-02,1.323859217544768596e-01
5.351499072894913556e-02,1.285327422755815907e-01
5.404558016615842314e-02,1.301311118096820652e-01
5.365548997368611156e-02,1.299588673713689135e-01
5.358449298043241327e-02,1.298346895041373183e-01
5.507142899873599534e-02,1.338483612699769842e-01
5.714908530890620841e-02,1.386592590686005211e-01
6.052718890471212726e-02,1.461554831402756827e-01
6.052643447337884702e-02,1.465285417510402421e-01
5.941774799260145928e-02,1.444923421526667084e-01
5.917767792722861825e-02,1.437278145298331866e-01
5.857601973108344379e-02,1.430939152629080169e-01
5.929756529308195107e-02,1.451801627449630372e-01
5.770712509244440430e-02,1.415398278473751215e-01
5.816465738695163895e-02,1.429209348443079286e-01
5.983610010156278219e-02,1.468989352664796522e-01
6.223530352448360808e-02,1.533744594516941451e-01
6.420306880162696128e-02,1.581322227774825118e-01
6.385404870182433135e-02,1.569250398641067745e-01
6.363983064306062698e-02,1.570353794826564175e-01
6.247667829145755330e-02,1.534955026970050984e-01
6.250061386091702864e-02,1.535691777193991525e-01
6.081064907063062075e-02,1.484673194565707399e-01
5.984399815324471794e-02,1.459357858251909279e-01
5.875907167304518508e-02,1.433088352393457887e-01
5.858980641646312215e-02,1.426609169568362756e-01
5.990772515492044648e-02,1.450357084998056545e-01
6.027763777865687705e-02,1.461177598715862336e-01
5.839398418455996054e-02,1.421957490691091175e-01
5.665035976467507756e-02,1.379339703131263750e-01
5.635582164311861431e-02,1.364468447126987172e-01
5.561670501274922768e-02,1.347581148055824185e-01
5.534445124245330333e-02,1.339730686139948279e-01
5.576693232929487432e-02,1.345844512822210182e-01
5.436924698013848728e-02,1.311877868548999015e-01
5.418335621127863544e-02,1.306688832340894835e-01
5.362939656263629451e-02,1.292666461322757032e-01
5.374169958814752762e-02,1.300341967405889976e-01
5.273309478079042656e-02,1.273445707989685760e-01
5.042900167137854411e-02,1.214512784030224030e-01
4.956848051953742507e-02,1.201744041679138897e-01
4.817772371516246960e-02,1.157792298002902898e-01
4.709074499332817354e-02,1.137800438096126798e-01
4.678447797157034987e-02,1.133910180445189264e-01
4.731176882264109818e-02,1.151289349051573124e-01
4.772285478725175889e-02,1.158400290044596798e-01
4.702463244098414874e-02,1.142529012285403850e-01
4.617135490247317037e-02,1.116684492110309734e-01
4.710129804019695665e-02,1.142245852225240027e-01
4.535791106880460860e-02,1.096429295464481368e-01
4.311563879535022792e-02,1.044061822388648031e-01
4.184951544575341714e-02,1.023249127945587561e-01
4.221115868921464925e-02,1.034551474336933563e-01
4.308885944511049726e-02,1.049500832248526916e-01
4.283846271280108281e-02,1.047018415475146347e-01
4.192728196963397408e-02,1.027569037861700146e-01
4.127399551068440531e-02,1.019453558691424538e-01
4.059721760336531399e-02,1.004370068164063823e-01
3.997801831581478810e-02,9.845238639712083906e-02
3.898191373789276076e-02,9.632757733677713152e-02
3.857820868667365816e-02,9.532507186667903143e-02
3.800201905916061190e-02,9.309481370789844668e-02
3.744819223949293063e-02,9.175250080236603545e-02
3.643876931799260033e-02,8.988891742575033650e-02
3.602704911990379372e-02,8.952008450065597478e-02
3.562018761492435903e-02,8.853281142221652855e-02
3.539040048396728533e-02,8.790445964489061736e-02
3.481540878553213147e-02,8.493470233156162619e-02
3.461281737589465279e-02,8.424350988224339754e-02
3.385394010442510648e-02,8.318375384807968898e-02
3.319158793087664122e-02,8.168682607754591818e-02
3.277182613978556897e-02,8.068737055344983589e-02
3.237426822496290019e-02,7.926212076875815971e-02
3.197816435330817775e-02,7.859612045069777619e-02
3.170939491868172977e-02,7.805175177819781429e-02
3.101540002613179317e-02,7.606900862200938196e-02
3.100375377979471686e-02,7.584837478089938301e-02
3.137422735688392278e-02,7.695484213329296941e-02
3.104457278062016518e-02,7.665644117478929986e-02
3.093809433234913364e-02,7.662118582343008244e-02
3.086114936748019649e-02,7.618352387887053490e-02
3.093785623103811541e-02,7.587250938119620425e-02
3.101917663018713758e-02,7.613343294518581938e-02
3.101557678971582355e-02,7.580439248231481131e-02
3.072357580432448151e-02,7.519046503123635872e-02
2.990945485922105046e-02,7.329956053722472276e-02
2.948024802660742169e-02,7.203428526198282777e-02
2.877583090081694758e-02,7.068625216704257919e-02
2.812771568333103170e-02,6.938996317261188207e-02
2.790269963302642944e-02,6.870131499998548275e-02
2.757994479509384700e-02,6.800121923035411242e-02
2.708174095504597284e-02,6.757628307511735766e-02
2.695201254293621076e-02,6.749570751584195449e-02
2.698531373202229036e-02,6.747467321093349180e-02
2.761278709719821797e-02,6.878822667462651530e-02
2.760852915556872081e-02,6.889027264406831497e-02
2.733801918840286435e-02,6.857420072515468812e-02
2.701124109147744548e-02,6.768708331448126947e-02
2.700859165552799493e-02,6.797295635760534915e-02
2.685684813165668122e-02,6.745654633013964396e-02
2.668177189887780548e-02,6.737739833335328055e-02
2.655857715898048491e-02,6.692115774759900548e-02
2.657281873636528624e-02,6.711710367536150024e-02
2.616349530100419568e-02,6.609943352713580633e-02
2.535986216144403213e-02,6.381808377468926874e-02
2.514346533219086882e-02,6.335277680233550313e-02
2.481390323571377662e-02,6.183715057203659909e-02
2.546424615549133796e-02,6.261629796955059390e-02
2.547699442040965087e-02,6.250557508785421768e-02
2.509347197824805115e-02,6.164464203110662371e-02
2.489603529464967657e-02,6.122422835618097220e-02
2.477833972536048340e-02,6.093933334621239734e-02
2.420477429213885312e-02,5.961767037473042485e-02
2.433167685138588887e-02,5.997343209289598964e-02
2.384125725601910634e-02,5.881809995158848725e-02
2.315609647072207691e-02,5.736031049882459737e-02
2.297430974541596685e-02,5.691506348356050599e-02
2.267015589179730006e-02,5.640928683484772166e-02
2.223940014675158949e-02,5.514866931212491358e-02
2.187697231442386342e-02,5.404768723384552331e-02
2.159902076303340385e-02,5.295272007533904229e-02
2.161941118048645027e-02,5.296699201321755646e-02
