3.979643789607738569e-01,1.000767995862415383e+00
4.122374997503197580e-01,1.017254424200301655e+00
5.110001092622341590e-01,1.260336796250672631e+00
5.496305058536524735e-01,1.362373461576136702e+00
5.709158637638591660e-01,1.413438953925279629e+00
5.644240477261487365e-01,1.394293053262712689e+00
4.534846705066765682e-01,1.100198680787343397e+00
4.746570136011126206e-01,1.137286131210772044e+00
4.734107572239820705e-01,1.125179998722130703e+00
5.907159268335393509e-01,1.394583669703515216e+00
6.645334623972032340e-01,1.586551513914496114e+00
6.686398597439652258e-01,1.601960834391170430e+00
6.618174692014558991e-01,1.585550887357669581e+00
6.722591978275318514e-01,1.612150382524077052e+00
6.871200300021006457e-01,1.650461616778137408e+00
6.929031965450751507e-01,1.666492960615787000e+00
6.935496457434826567e-01,1.667266089524557016e+00
6.873820996184908383e-01,1.648469746638203448e+00
6.657459513475239010e-01,1.595750777601129267e+00
6.571755290008939321e-01,1.576378773540010103e+00
6.393540881512113083e-01,1.530649169811379995e+00
6.485228027371684467e-01,1.555840508935762090e+00
6.323806184622488002e-01,1.517980937836741706e+00
6.201059231273943206e-01,1.488463950735601227e+00
6.049615993296172389e-01,1.449421214617838904e+00
5.892243262502082635e-01,1.412487555021771257e+00
5.727250595403178268e-01,1.374946077980535142e+00
5.446867031887612232e-01,1.307199441960935404e+00
5.280356947248623367e-01,1.266734416094581483e+00
5.137185782938532563e-01,1.230330332002034899e+00
5.102006168764809946e-01,1.222784047094437554e+00
5.115311070674294358e-01,1.227102382899690980e+00
5.072659225531661598e-01,1.217758672836638079e+00
4.893610450858374983e-01,1.176059968361923280e+00
4.460793019552749539e-01,1.072652533061097202e+00
3.734929252511567932e-01,8.986948459951141777e-01
3.363353384793398848e-01,8.081636367895534967e-01
3.021079701876134282e-01,7.278503344543796327e-01
2.481646652428325106e-01,5.993047424828708003e-01
2.490762639684959145e-01,5.970787495679921175e-01
2.164994418927830844e-01,5.188160679764596273e-01
1.880178908579000496e-01,4.538599120293465572e-01
1.516054851538655990e-01,3.686349351181983924e-01
1.361371003666784207e-01,3.323312636725735958e-01
1.287377650392060591e-01,3.172627267782431870e-01
1.184031072956263919e-01,2.940245969496421141e-01
1.370576378741906187e-01,3.396854124849604251e-01
1.511060312603649813e-01,3.740980832894273966e-01
1.505377387249110244e-01,3.708231564317649442e-01
1.488868394122888628e-01,3.647781256825206042e-01
1.446073521363019365e-01,3.532778739787942879e-01
1.389948462150506769e-01,3.375330108999962664e-01
1.133342101507264083e-01,2.738022415580043112e-01
1.024740525612598263e-01,2.474001212983819309e-01
9.219919858936088952e-02,2.240195709407425129e-01
7.934569982693578938e-02,1.932080734399803379e-01
7.343708407494521639e-02,1.813717186955111083e-01
7.003480410346882290e-02,1.741539111871413248e-01
6.222574118902905738e-02,1.541653615254243992e-01
5.241726328306196142e-02,1.306850549529777750e-01
4.944630594339718271e-02,1.232213514469706894e-01
4.768482469406476465e-02,1.187791075794675938e-01
4.496700445805140028e-02,1.113993840890675213e-01
4.097112232671939330e-02,9.989945197786928577e-02
4.233150016403128962e-02,1.026512866539314173e-01
3.883138430365612459e-02,9.597002968088541586e-02
4.155606719135973570e-02,1.047657204438562500e-01
4.262944051086602765e-02,1.085632716061348396e-01
4.748374628811848769e-02,1.203261893124317611e-01
4.856349401824577167e-02,1.228221438095057905e-01
5.050472254142204104e-02,1.271694767453830088e-01
5.129705695073922406e-02,1.287530296172534339e-01
5.419247086893538151e-02,1.356286343194600119e-01
5.461286832685807724e-02,1.368052225446533821e-01
5.294957184342026502e-02,1.332412597115264774e-01
4.873043396757735513e-02,1.224448232445206619e-01
4.758071291334640268e-02,1.204737287010164692e-01
4.176850380520952255e-02,1.065572386874451272e-01
4.179794438337198353e-02,1.067131168555048859e-01
3.995849516456884132e-02,1.018897382965152504e-01
4.059618492947270063e-02,1.028069395426895599e-01
3.920686219437138215e-02,9.921107734365493258e-02
3.846775589166337439e-02,9.584369652489661828e-02
3.813090941643030446e-02,9.415221480742513860e-02
3.830997145422539857e-02,9.445602751962577093e-02
3.566655473112702313e-02,8.673178225022898369e-02
3.563457544107260372e-02,8.689533627298434704e-02
3.469663821903991308e-02,8.485622436603934560e-02
3.571406449020098767e-02,8.790170477527789461e-02
3.711649758159205753e-02,9.135228214032180272e-02
3.896495816671305401e-02,9.665445979727466108e-02
3.980068954591427233e-02,9.890361252068351205e-02
3.900100926352310232e-02,9.645222416048776504e-02
3.827383986299985608e-02,9.512655247739235098e-02
3.948307568906473525e-02,9.813791862167808855e-02
3.801312444271410379e-02,9.449270946667119586e-02
3.895014139237411993e-02,9.735023200999814996e-02
3.852763975462677321e-02,9.652012815036332960e-02
3.680798366610650574e-02,9.248105837110391636e-02
3.532485614149175751e-02,8.828205720707497928e-02
3.483776905606476848e-02,8.621232863369701627e-02
3.314905067666563954e-02,8.099767785402244014e-02
3.128029909355461990e-02,7.609087694471698693e-02
3.056425046580592969e-02,7.361886311398231630e-02
2.980837048721203530e-02,7.157383244143918077e-02
2.934239312916922179e-02,7.064138857063249899e-02
2.931889529854951257e-02,7.063432822470179506e-02
2.969615206390995368e-02,7.137300437291013711e-02
3.215603514079823366e-02,7.802371971093227665e-02
3.348791920695595031e-02,8.162666255295211726e-02
3.350990758693288274e-02,8.156269670954606477e-02
3.193212475428253844e-02,7.763050378989247435e-02
3.072096905389403235e-02,7.501794495912673943e-02
2.904382803035383126e-02,7.065499108554211538e-02
2.746539042544432138e-02,6.658474416097281967e-02
2.736864062634334835e-02,6.645486867308539325e-02
2.859684751349694104e-02,7.008214222616923617e-02
2.991688352978004103e-02,7.341188531645935489e-02
3.031026902086784297e-02,7.474343848299040693e-02
2.958417879122545585e-02,7.318120478491330072e-02
2.958526488375155805e-02,7.327292202596323578e-02
2.972811984194169074e-02,7.359719327999869609e-02
2.907455601732839359e-02,7.181432487038628965e-02
2.722079044804349285e-02,6.750693900191309660e-02
2.616668504456511057e-02,6.501745411873165181e-02
2.633013566363079025e-02,6.546957262999143767e-02
2.728313803366555837e-02,6.801771065834681662e-02
2.753436907475537501e-02,6.886176130411354734e-02
2.769118694483033161e-02,6.906280401037957761e-02
2.668046086240828327e-02,6.633344864085399806e-02
2.484830991307802189e-02,6.170536096820029848e-02
2.366579931806796905e-02,5.917927366732761429e-02
2.191406821454959866e-02,5.524902973535930628e-02
2.094280292735397828e-02,5.311571077429715765e-02
1.987961929885475112e-02,4.977582915001232955e-02
1.958320847420929808e-02,4.990390829128854566e-02
2.003845218932329489e-02,5.101213763531534107e-02
2.003657505062435631e-02,5.125196045614467677e-02
2.267263251451248629e-02,5.844730388683787303e-02
2.311208103515023302e-02,5.961839412160325341e-02
2.387353450572175448e-02,6.199251395532129338e-02
2.484618027357075182e-02,6.374247756920478625e-02
2.420656940795826856e-02,6.196995308176526246e-02
2.168337020167693599e-02,5.644755604070488680e-02
1.929689237028500357e-02,5.073420221504754829e-02
1.786341753679520153e-02,4.707266039682005826e-02
1.691971390687909901e-02,4.409394228744430155e-02
1.629459328720963066e-02,4.139596579294648609e-02
1.741556090586439398e-02,4.457070603233853623e-02
1.643540488976239985e-02,4.143762249960981914e-02
1.621906804138181432e-02,4.089929004069925433e-02
1.597209781487064426e-02,4.010859065659367478e-02
1.630048665122628068e-02,4.109633479744696782e-02
1.464585989684932463e-02,3.680778819421753889e-02
1.459247939019705370e-02,3.623334780745617739e-02
1.454754546721538297e-02,3.671231534485003278e-02
1.488701056502772513e-02,3.765461749174604106e-02
1.439229568409015197e-02,3.612300110560275751e-02
1.452962805916588503e-02,3.674871641054153204e-02
1.437850016738400488e-02,3.654025447816150463e-02
1.361530915969788938e-02,3.458992565205578490e-02
1.260900622976594138e-02,3.228620474456882911e-02
1.242054719593327188e-02,3.096201780680691087e-02
1.346149211477123790e-02,3.303586454250752313e-02
1.390403187171695629e-02,3.382893733614134729e-02
1.484558765507700343e-02,3.624895630912525896e-02
1.480162085073918367e-02,3.747991483458062295e-02
1.493393705207548758e-02,3.817210397805628069e-02
1.520147293254704018e-02,3.923771801624546807e-02
1.467991430443190033e-02,3.777829007012040857e-02
1.449306030587678429e-02,3.684656119896208976e-02
1.446251700669260419e-02,3.683365677188605442e-02
1.395602249037252753e-02,3.509210387000080700e-02
1.373513400362768623e-02,3.436711507200246318e-02
1.425458941176756603e-02,3.555127730790390989e-02
1.350487105134312235e-02,3.331603354847408049e-02
1.371084256397750271e-02,3.395639854416470510e-02
1.431682215595220069e-02,3.560033015435504905e-02
1.459564383893307941e-02,3.645851061747036603e-02
1.460424769233848070e-02,3.651944525010671766e-02
1.431466318331854962e-02,3.565968040520732518e-02
1.530004105941131128e-02,3.760031988259488617e-02
1.567749945586438542e-02,3.826478083413252518e-02
1.542215383899008495e-02,3.719271219981536841e-02
1.490388768276472951e-02,3.596994393210493912e-02
1.453966740798556118e-02,3.453282348488136144e-02
1.404921482679754967e-02,3.353111484910613338e-02
1.396396608798084089e-02,3.355398584750896723e-02
1.407746199538776471e-02,3.399825825676083824e-02
1.375347560816792339e-02,3.324681556502585150e-02
1.310421893262504744e-02,3.183049451275354186e-02
1.300829430587963943e-02,3.139560182821821144e-02
1.316623352789122320e-02,3.174586153668321892e-02
1.260787310878611761e-02,3.063492034234815975e-02
1.179213993527992305e-02,2.871548448800161774e-02
1.208563395067328676e-02,2.993485229625038324e-02
1.223061330295410233e-02,3.036178828765076151e-02
1.234576593919818263e-02,3.053634421383707651e-02
1.235201899088365918e-02,3.053028485591741809e-02
