4.617540020336538542e-01,1.912054716877285454e+00
4.038675969443336067e-01,1.733040470192525273e+00
4.065051448752765029e-01,1.748699167006926514e+00
3.808548231602750800e-01,1.643483183283393823e+00
3.873409557791879787e-01,1.660557073313209786e+00
4.073678118062750153e-01,1.745942897244764591e+00
3.831655245496066731e-01,1.648126035108790965e+00
3.587288739608651689e-01,1.565068717119753927e+00
4.092542615111640636e-01,1.772011122014698126e+00
4.423189363717101585e-01,1.936605195369706545e+00
4.301453422144026484e-01,1.897677200929808405e+00
4.465189504001238485e-01,1.983573839966420449e+00
5.048483616158272458e-01,2.244778844312465438e+00
5.559116964336072719e-01,2.458819382039543200e+00
5.441291352744781484e-01,2.433081948808887507e+00
5.354147316957545977e-01,2.392732478725813738e+00
5.254443729023040577e-01,2.347674000382309778e+00
5.268418981954566815e-01,2.355017110582461548e+00
5.318652291936489807e-01,2.378369631344420032e+00
5.344376525353776719e-01,2.384925953967890866e+00
5.295268585604071543e-01,2.368375202327538620e+00
5.257934047080691231e-01,2.352692761085405149e+00
5.292852069597053788e-01,2.366368055071946586e+00
5.343518662500436056e-01,2.389221965180882812e+00
5.442843259057238425e-01,2.436845825691490663e+00
5.470916083170372923e-01,2.453968411897224033e+00
5.508894585304526803e-01,2.472683479998584843e+00
5.499530823290184056e-01,2.471076903023055049e+00
5.489998578288011188e-01,2.469381919565008410e+00
5.468689182989305841e-01,2.462008675876013797e+00
5.461554174016550744e-01,2.460011279233631942e+00
5.462130809814377264e-01,2.459555505602108560e+00
5.435165463483612180e-01,2.442277708246475942e+00
5.410870125511921813e-01,2.431075187509815994e+00
5.377904486314092347e-01,2.416267221174877466e+00
5.394952490097089104e-01,2.421610583412558082e+00
5.408872493757639344e-01,2.427023646910350774e+00
5.402065712894997818e-01,2.425260840983508803e+00
5.382757180996123880e-01,2.418665624588077989e+00
5.386416796308549637e-01,2.421651316719880764e+00
5.396130541328875152e-01,2.425809970179582109e+00
5.397716673792957165e-01,2.425946009070557796e+00
5.400889831844426503e-01,2.425655272925753891e+00
5.393354297352228599e-01,2.421679893596452082e+00
5.356806703826949567e-01,2.407893124726309786e+00
5.340461883324152392e-01,2.402210078345727418e+00
5.334239676067302760e-01,2.397401324077188089e+00
5.308367202636103954e-01,2.385799915393043147e+00
5.286529439005089870e-01,2.374083704864767164e+00
5.246768000496607742e-01,2.354877790278170124e+00
5.207035944626140500e-01,2.332776276777234425e+00
5.190183172902264053e-01,2.324589475262875737e+00
5.190104433107119997e-01,2.321443576908859718e+00
5.168016217039986815e-01,2.313522604659466353e+00
5.133073017612191924e-01,2.299306736839134668e+00
5.100596124661366249e-01,2.282354110046836748e+00
5.082513017736484118e-01,2.274557405589992864e+00
5.062268480142014804e-01,2.264125378654905152e+00
5.029168499444089946e-01,2.247767700917951306e+00
4.994545963722796800e-01,2.231201103075674652e+00
4.984737350738021600e-01,2.226957979512459662e+00
4.963928283163391297e-01,2.216950489024480664e+00
4.943475420546586396e-01,2.207871985639889179e+00
4.921740914380772214e-01,2.197037431825604514e+00
4.888999370154721302e-01,2.181052138441565091e+00
4.858266792795533084e-01,2.166261557528914139e+00
4.811144576792744099e-01,2.142906135506732923e+00
4.774108246566000080e-01,2.124835551917247045e+00
4.706626267905774097e-01,2.095760133181575835e+00
4.678059473535055579e-01,2.081847677067984126e+00
4.648182519636663845e-01,2.066972366962534835e+00
4.623421867212256231e-01,2.056271601965685925e+00
4.606135723678868032e-01,2.048530984534091992e+00
4.586902371321662786e-01,2.039903677576052843e+00
4.564029728603002378e-01,2.030400743153288001e+00
4.547770320203409211e-01,2.025340879211892986e+00
4.535132362740120771e-01,2.018075121506676783e+00
4.483260192221882323e-01,1.993096532911362573e+00
4.394438174819509380e-01,1.950960015303014439e+00
4.351503502589583738e-01,1.929912986087737092e+00
4.294369991374508699e-01,1.901371449281441084e+00
4.250393825855538488e-01,1.880058513933347886e+00
4.219098231022380685e-01,1.865093570508669973e+00
4.166289092138046324e-01,1.839691780587521253e+00
4.123153359085078851e-01,1.819579451974757456e+00
4.089502700848278161e-01,1.803856437096380327e+00
4.040098086207314365e-01,1.778978703286515417e+00
4.001963564101506110e-01,1.760532176503973201e+00
3.965974850647088212e-01,1.743111820047974492e+00
3.906137469498983661e-01,1.714896004748210911e+00
3.852800678991180616e-01,1.689550021891755627e+00
3.799586670471687966e-01,1.664073616288761492e+00
3.761643813250432622e-01,1.646192139694427237e+00
3.731627765685633924e-01,1.632209793409512555e+00
3.698268748703154585e-01,1.616825806178980640e+00
3.686448696159813077e-01,1.611048507940086916e+00
3.663737549764972679e-01,1.600557572128622263e+00
3.643719662945582027e-01,1.590974483356616620e+00
3.630486982415216390e-01,1.584714591975592723e+00
3.619026931357869348e-01,1.579353297290502223e+00
3.611426000027831429e-01,1.576069958802864823e+00
3.597126539749862517e-01,1.569593457379857115e+00
3.590734762312406958e-01,1.566737643709200878e+00
3.569154685260238491e-01,1.556467831462392093e+00
3.551067225153454188e-01,1.547874547920301991e+00
3.516972908797751374e-01,1.532195118814383417e+00
3.493936257858538674e-01,1.521157034166064514e+00
3.456004995837887450e-01,1.503353215789599906e+00
3.435208715372976562e-01,1.493553607601683098e+00
3.423576987497376489e-01,1.487486631230744205e+00
3.408827986670295296e-01,1.480524930330389566e+00
3.405572705263975042e-01,1.479224058828470634e+00
3.378607211983303271e-01,1.467130679176589014e+00
3.355428088919371610e-01,1.456971090164241645e+00
3.331635997482519929e-01,1.446487500896683542e+00
3.314988068474301608e-01,1.439281526235299591e+00
3.308503538950718359e-01,1.436779809734828772e+00
3.294384789179685691e-01,1.430484340528529685e+00
3.300013467619614116e-01,1.432697000774303175e+00
3.313195068162057000e-01,1.438212340588794547e+00
3.310680876387677163e-01,1.437135778243145756e+00
3.305130762181039406e-01,1.434924113080996877e+00
3.300602806391336741e-01,1.433091207493953245e+00
3.299580781607118207e-01,1.432585528378487405e+00
3.300559006201054246e-01,1.433090023374155919e+00
3.302506639807492594e-01,1.433947595359179594e+00
3.304319185789723612e-01,1.434599798864354181e+00
3.294878392802811362e-01,1.430598303559134088e+00
3.288976286792135717e-01,1.428058701554513199e+00
3.281608092493809581e-01,1.424776416339450513e+00
3.272913374196327885e-01,1.421144603447556776e+00
3.264368445246405015e-01,1.417559250904374402e+00
3.262037990813865251e-01,1.416629709337351439e+00
3.259736434118132298e-01,1.415581872395424323e+00
3.254584148122562359e-01,1.413266651200227653e+00
3.251757272627153195e-01,1.412073819272461561e+00
3.246398753269872373e-01,1.409983626519148991e+00
3.238194226153226496e-01,1.406680771962461884e+00
3.235337780389107021e-01,1.405505210790516157e+00
3.234712784243718442e-01,1.405222100510298722e+00
3.232291894481922889e-01,1.404358682581418494e+00
3.230897049509381946e-01,1.403768547972435332e+00
3.230858384999987232e-01,1.403726499396628302e+00
3.229057261884651919e-01,1.403087380166366360e+00
3.229389078621787701e-01,1.403234281789560667e+00
3.228087921695134699e-01,1.402735697836256401e+00
3.226352519994711288e-01,1.402067530528209094e+00
3.224407661099374378e-01,1.401352881220461422e+00
3.220617595969459956e-01,1.399912694008255132e+00
3.218862950021289526e-01,1.399215351554712772e+00
3.215934039538043687e-01,1.398145893918054661e+00
3.213118479847181241e-01,1.397130701429080801e+00
3.212505544133114621e-01,1.396892104567054593e+00
3.209655763241244797e-01,1.395908938004951860e+00
3.206094347206134842e-01,1.394652412981543188e+00
3.204173554755953557e-01,1.393969466750034414e+00
3.200564845374950784e-01,1.392686820222378996e+00
3.198531990568355687e-01,1.391947050979856160e+00
3.198700043406914051e-01,1.391970156504845013e+00
3.197580192683052158e-01,1.391574098483583155e+00
3.198521833251531943e-01,1.391897090753595023e+00
3.197887376208353172e-01,1.391681294119513801e+00
3.196911796363517411e-01,1.391328867924284562e+00
3.196214835079136396e-01,1.391083597662436500e+00
3.196135963687260495e-01,1.391071855972924487e+00
3.195358190116803221e-01,1.390811459075209200e+00
3.195191823897416961e-01,1.390777197871963633e+00
3.196034277156242220e-01,1.391066788696108558e+00
3.195514333230183857e-01,1.390887750824835178e+00
3.193887239935565558e-01,1.390323046530415718e+00
3.192766533787002592e-01,1.389920343937554481e+00
3.193398985756630282e-01,1.390143581311654053e+00
3.192628168315697623e-01,1.389890736725436060e+00
3.191287946726651392e-01,1.389433466249646143e+00
3.190430091379860000e-01,1.389127149091330615e+00
3.190726397737080333e-01,1.389245456184953653e+00
3.189608438196242512e-01,1.388867224051264948e+00
3.189220628807406532e-01,1.388725247573148414e+00
3.187624575707362906e-01,1.388190653567649147e+00
3.186134707391362619e-01,1.387696771740710489e+00
3.184954809657989383e-01,1.387294529182920622e+00
3.185274607098681487e-01,1.387381351061246937e+00
3.184559637875671867e-01,1.387134452077150915e+00
3.185119203375966768e-01,1.387278834642933667e+00
3.184588969343014608e-01,1.387115241313705338e+00
3.184381268686550803e-01,1.387049115102123142e+00
3.185518963358887068e-01,1.387461864753174900e+00
3.185485692993489937e-01,1.387450575596695046e+00
3.185184234921344948e-01,1.387374307112849481e+00
3.185730422503746384e-01,1.387570316322933373e+00
3.186260407385850812e-01,1.387742401308325269e+00
3.186303777932570358e-01,1.387756442526858258e+00
