3.998212243209210426e-01,1.003731682317851037e+00
4.066783922410279750e-01,1.002697631923045174e+00
4.405038234566636679e-01,1.079126058073424099e+00
5.592115987618957451e-01,1.353859523189782310e+00
5.928780554811768910e-01,1.422539492462003619e+00
5.640245397858806298e-01,1.379117414118079088e+00
4.801628600271369840e-01,1.180162418693241566e+00
4.371280868746119097e-01,1.064483503489809024e+00
4.168336265543783337e-01,1.013024334660810544e+00
4.184646377873643130e-01,1.004885019003048718e+00
4.155794128983907321e-01,9.920438044275203815e-01
4.148653938219562520e-01,9.788266851847008398e-01
3.528829347659078186e-01,8.437315029920865461e-01
2.234254912229598766e-01,5.506945371839072623e-01
1.985870760039387672e-01,4.943456283443951604e-01
1.446392144831517845e-01,3.570525371518848412e-01
1.402091904650507315e-01,3.567345248655671153e-01
1.255693879145542702e-01,3.128873546886882240e-01
1.279605940728619495e-01,3.121500250708927338e-01
1.401513403980034211e-01,3.382007638994937171e-01
1.009487363315164643e-01,2.474965511195405532e-01
9.611471541624512505e-02,2.337041395156563839e-01
9.512365754712001631e-02,2.339530474762092915e-01
9.631692340732687929e-02,2.390706344877556178e-01
8.446482391636069009e-02,2.091557471218493947e-01
7.499819662091983252e-02,1.849498732006694957e-01
7.416919279758481254e-02,1.823900075131178189e-01
7.914448023514261688e-02,1.936112387957928116e-01
7.645017484908939176e-02,1.858782666082076096e-01
7.282433309564768920e-02,1.774782135413613682e-01
7.794017783939499733e-02,1.913769400631366024e-01
7.897837456658766964e-02,1.926848743380309703e-01
6.875108441498370415e-02,1.681709118083993815e-01
6.217230476646278675e-02,1.529403031191408913e-01
5.733461001876978547e-02,1.414928000363546157e-01
5.308796876408239385e-02,1.320647794259412477e-01
4.725531942841216387e-02,1.194680402009362929e-01
4.269907722009663037e-02,1.094125360035244354e-01
3.849619970050967288e-02,1.000465152995381052e-01
3.861481290926745830e-02,9.933800211178142603e-02
3.864062111901579721e-02,9.870082265381042996e-02
4.070982037671667247e-02,1.014622903410394850e-01
4.157614584163741439e-02,1.032592558344494899e-01
4.179398642237425882e-02,1.018214032528500096e-01
4.248907361957488665e-02,1.031020693834090451e-01
4.189535539370026901e-02,1.025235316483372322e-01
4.364454744472522768e-02,1.062838390351027451e-01
4.329589391757234645e-02,1.062983776713331413e-01
4.312923608577429180e-02,1.062275010956797716e-01
4.277664145595139883e-02,1.052191339405584014e-01
4.381311567266035073e-02,1.082135195782196330e-01
4.469437241662557042e-02,1.094238408478520469e-01
4.423663734612093973e-02,1.087882717656964149e-01
4.400232352250799811e-02,1.082468471208167526e-01
4.491968696007178630e-02,1.105058061149568893e-01
4.463431023766088745e-02,1.097976617849653197e-01
4.437325689903778153e-02,1.097050278124194478e-01
4.473309828505782348e-02,1.100225005647520599e-01
4.496640162162053589e-02,1.114850969152813287e-01
4.416615791271459590e-02,1.100316256470962872e-01
4.306441710397399675e-02,1.068000776858030049e-01
4.371909184425003952e-02,1.074269081779245794e-01
4.480723499835496948e-02,1.112739580041448573e-01
4.335029462738061029e-02,1.069738813345847001e-01
4.122492506160262138e-02,1.016214729738654371e-01
3.834750887160770505e-02,9.379225955430897654e-02
3.719218829477931310e-02,9.071365924284120752e-02
3.769426435655677532e-02,9.199273658434549417e-02
3.809938096180918304e-02,9.276592554872917229e-02
3.807176497618943584e-02,9.225936965271680501e-02
3.788143158880078604e-02,9.228022072543722032e-02
3.728545168075236144e-02,9.083462472720986447e-02
3.674190428925471624e-02,8.998331862230167510e-02
3.748588653599888021e-02,9.141997421407374591e-02
3.683615565570749067e-02,8.968952272103948575e-02
3.675287810825615675e-02,8.991627155280366990e-02
3.651472076583620746e-02,8.914240983360932624e-02
3.569194905986013133e-02,8.794077024743442161e-02
3.534229121180308686e-02,8.678217096417377430e-02
3.523891302654004465e-02,8.653291970900187091e-02
3.448913950947839896e-02,8.448944893602347572e-02
3.400761184283057625e-02,8.358462128070524855e-02
3.318111781590937087e-02,8.179345064944604227e-02
3.198216734943992029e-02,7.855574567586884327e-02
3.160367262763603274e-02,7.728970358394307572e-02
3.113125092718541445e-02,7.623375877313540161e-02
3.102821168706258737e-02,7.584645161174349837e-02
2.876397488983728143e-02,7.095845804660720624e-02
2.815980725300453943e-02,6.902571995685521933e-02
2.750486253335229780e-02,6.722621205482537388e-02
2.765795247456114686e-02,6.731601989504694405e-02
2.747422842913583782e-02,6.690374795500916849e-02
2.668887218817412102e-02,6.494979407173714914e-02
2.684694077291383679e-02,6.580080667518131698e-02
2.663155265782993567e-02,6.567551231223972552e-02
2.561863015940678626e-02,6.247220561851565823e-02
2.505745890784734711e-02,6.115347832056082511e-02
2.515862503790987012e-02,6.105098830155167994e-02
2.451086924269862966e-02,5.936159271629876111e-02
2.391124533405255409e-02,5.791828058986823319e-02
2.345441254405224510e-02,5.678561474421014305e-02
2.396346570199304332e-02,5.818752371878169877e-02
2.436380058013722441e-02,5.907569008523930881e-02
2.466710284400755113e-02,5.996518270841253578e-02
2.460575146311022587e-02,5.985138737165036221e-02
2.441691671273367448e-02,5.977058572660538110e-02
2.520074876253318788e-02,6.214609081060766538e-02
2.607415317091465665e-02,6.428466771624313791e-02
2.570426248388681806e-02,6.375583871398733671e-02
2.454105266093550147e-02,6.087620854238034313e-02
2.412929286322507832e-02,5.997213402158198953e-02
2.476705452914187630e-02,6.173436380033754667e-02
2.518194635684983460e-02,6.320122137134312479e-02
2.464636546478391615e-02,6.170625630608832929e-02
2.541536850601067155e-02,6.343308938139297082e-02
2.467478498988033911e-02,6.119696130994703442e-02
2.215406392663049964e-02,5.442891512620016276e-02
2.178903236772851068e-02,5.324490854190807448e-02
2.111473335828565126e-02,5.120073882573555196e-02
2.121432550289907917e-02,5.148847746655130231e-02
2.074214681377587952e-02,5.046635108948226145e-02
2.016046219030186160e-02,4.856069130510227289e-02
1.952529762246141276e-02,4.773217965895032444e-02
1.939089842936879068e-02,4.739734763388148142e-02
1.956229211464789036e-02,4.761081631713640072e-02
1.912069130154161675e-02,4.629251504523745897e-02
1.858812046115883646e-02,4.483850532784165732e-02
1.802089486369344920e-02,4.374158275786758920e-02
1.778149005676221694e-02,4.356785924028246104e-02
1.752308487575838375e-02,4.300916251573751875e-02
1.698286238719911787e-02,4.164414348498269441e-02
1.682155853681783358e-02,4.115554055543892142e-02
1.616383887702095221e-02,3.926957316358606342e-02
1.586575998252386793e-02,3.842982111887251195e-02
1.597595625631058336e-02,3.873096172927896486e-02
1.587824849535853303e-02,3.859730184582415430e-02
1.566355623176224690e-02,3.841328214953265707e-02
1.531208110485094386e-02,3.756435520753664825e-02
1.536394520447760710e-02,3.768793249984492277e-02
1.525066293537294740e-02,3.703020322867759534e-02
1.511361470192599393e-02,3.678409563888471873e-02
1.484365094323682362e-02,3.587795666566895997e-02
1.456802619300699535e-02,3.522486905901588833e-02
1.441799901782474941e-02,3.489252014044168237e-02
1.442492312506683111e-02,3.496316861110431579e-02
1.412044154745284094e-02,3.435275524159962096e-02
1.396675819038513920e-02,3.380448364608686085e-02
1.396675819038513920e-02,3.380448364608686085e-02
