1.827027656250000000e+05
1.827013750000000000e+05
1.826997812500000000e+05
1.826972187500000000e+05
1.826928125000000000e+05
1.826843593750000000e+05
1.826706875000000000e+05
1.826502812500000000e+05
1.826217031250000000e+05
1.825836875000000000e+05
1.825304687500000000e+05
1.824511718750000000e+05
1.823325468750000000e+05
1.821590000000000000e+05
1.819119843750000000e+05
1.815764531250000000e+05
1.811490468750000000e+05
1.806536406250000000e+05
1.801485312500000000e+05
1.796862656250000000e+05
1.791541250000000000e+05
1.784366250000000000e+05
1.775448437500000000e+05
1.764843906250000000e+05
1.751939218750000000e+05
1.736154062500000000e+05
1.717735625000000000e+05
1.698136718750000000e+05
1.678954687500000000e+05
1.656741093750000000e+05
1.630178437500000000e+05
1.602569375000000000e+05
1.574344531250000000e+05
1.542655468750000000e+05
1.508410937500000000e+05
1.473370156250000000e+05
1.435377812500000000e+05
1.396665312500000000e+05
1.358181875000000000e+05
1.318214531250000000e+05
1.279264296875000000e+05
1.239509375000000000e+05
1.201960234375000000e+05
1.168918906250000000e+05
1.142021562500000000e+05
1.118933828125000000e+05
1.098794296875000000e+05
1.083207500000000000e+05
1.068324687500000000e+05
1.048990781250000000e+05
1.029234375000000000e+05
1.013405703125000000e+05
1.006485000000000000e+05
1.012940468750000000e+05
1.008604062500000000e+05
1.010230703125000000e+05
9.806523437500000000e+04
9.856589843750000000e+04
9.845518750000000000e+04
9.831477343750000000e+04
9.775708593750000000e+04
9.750259375000000000e+04
9.696635156250000000e+04
9.665113281250000000e+04
9.605017187500000000e+04
9.567895312500000000e+04
9.563126562500000000e+04
9.533625781250000000e+04
9.559207812500000000e+04
9.500619531250000000e+04
9.509783593750000000e+04
9.439875000000000000e+04
9.458348437500000000e+04
9.420068750000000000e+04
9.445696093750000000e+04
9.413291406250000000e+04
9.424699218750000000e+04
9.389451562500000000e+04
9.394717187500000000e+04
9.367271875000000000e+04
9.365696875000000000e+04
9.342055468750000000e+04
9.340334375000000000e+04
9.328504687500000000e+04
9.323241406250000000e+04
9.317322656250000000e+04
9.302131250000000000e+04
9.298921875000000000e+04
9.284777343750000000e+04
9.285957812500000000e+04
9.275035156250000000e+04
9.275060937500000000e+04
9.266473437500000000e+04
9.262945312500000000e+04
9.257345312500000000e+04
9.250163281250000000e+04
9.246362500000000000e+04
9.238376562500000000e+04
9.236851562500000000e+04
9.230503906250000000e+04
9.227368750000000000e+04
9.222849218750000000e+04
9.217175000000000000e+04
9.214586718750000000e+04
9.209199218750000000e+04
9.206675781250000000e+04
9.203155468750000000e+04
9.199346875000000000e+04
9.197231250000000000e+04
9.193693750000000000e+04
9.193649218750000000e+04
9.199967187500000000e+04
9.227054687500000000e+04
9.291198437500000000e+04
9.320698437500000000e+04
9.214361718750000000e+04
9.184844531250000000e+04
9.259031250000000000e+04
9.203766406250000000e+04
9.172706250000000000e+04
9.226482031250000000e+04
9.177192187500000000e+04
9.171985937500000000e+04
9.201746875000000000e+04
9.156310156250000000e+04
9.173049218750000000e+04
9.176076562500000000e+04
9.146182812500000000e+04
9.169158593750000000e+04
9.153055468750000000e+04
9.143777343750000000e+04
9.158125000000000000e+04
9.137457812500000000e+04
9.142435937500000000e+04
9.144010937500000000e+04
9.129323437500000000e+04
9.138241406250000000e+04
9.131362500000000000e+04
9.124857031250000000e+04
9.131158593750000000e+04
9.121825781250000000e+04
9.120864843750000000e+04
9.123053906250000000e+04
9.114807031250000000e+04
9.116067187500000000e+04
9.115242187500000000e+04
9.109039843750000000e+04
9.110550000000000000e+04
9.108244531250000000e+04
9.103745312500000000e+04
9.104742187500000000e+04
9.102000000000000000e+04
9.098607812500000000e+04
9.099020312500000000e+04
9.096407812500000000e+04
9.093666406250000000e+04
9.093636718750000000e+04
9.091401562500000000e+04
9.089049218750000000e+04
9.088733593750000000e+04
9.086968750000000000e+04
9.084889843750000000e+04
9.084374218750000000e+04
9.083067968750000000e+04
9.081214843750000000e+04
9.080505468750000000e+04
9.079564843750000000e+04
9.077949218750000000e+04
9.077026562500000000e+04
9.076292968750000000e+04
9.074936718750000000e+04
9.073814843750000000e+04
9.073108593750000000e+04
9.072016406250000000e+04
9.070787500000000000e+04
9.069949218750000000e+04
9.069049218750000000e+04
9.067853125000000000e+04
9.066814843750000000e+04
9.065942968750000000e+04
9.064867187500000000e+04
9.063697656250000000e+04
9.062689843750000000e+04
9.061681250000000000e+04
9.060510156250000000e+04
9.059331250000000000e+04
9.058241406250000000e+04
9.057101562500000000e+04
9.055846093750000000e+04
9.054592968750000000e+04
9.053375781250000000e+04
9.052094531250000000e+04
9.050716406250000000e+04
9.049321093750000000e+04
9.047918750000000000e+04
9.046438281250000000e+04
9.044855468750000000e+04
9.043211718750000000e+04
9.041503906250000000e+04
9.039686718750000000e+04
9.037677343750000000e+04
9.037184375000000000e+04
9.035533593750000000e+04
9.032331250000000000e+04
9.028393750000000000e+04
9.023064062500000000e+04
9.010214062500000000e+04
9.001098437500000000e+04
8.989335156250000000e+04
8.975084375000000000e+04
8.960535156250000000e+04
8.919279687500000000e+04
8.865014843750000000e+04
8.804633593750000000e+04
8.677234375000000000e+04
8.629000781250000000e+04
8.451632031250000000e+04
8.115040625000000000e+04
7.743012500000000000e+04
7.445501562500000000e+04
7.152548437500000000e+04
6.906345312500000000e+04
6.606020312500000000e+04
6.221721484375000000e+04
5.715957421875000000e+04
5.054632031250000000e+04
4.609339453125000000e+04
4.267149609375000000e+04
3.891480859375000000e+04
3.653778125000000000e+04
3.565011718750000000e+04
3.362860156250000000e+04
2.889697851562500000e+04
2.557153710937500000e+04
2.354133203125000000e+04
2.209781250000000000e+04
2.089233203125000000e+04
1.848035351562500000e+04
1.614664746093750000e+04
1.440187402343750000e+04
1.322364453125000000e+04
1.179800976562500000e+04
1.019895117187500000e+04
9.100675781250000000e+03
8.414209960937500000e+03
7.654250000000000000e+03
7.119413085937500000e+03
6.651391601562500000e+03
6.254081542968750000e+03
5.891315429687500000e+03
5.536551757812500000e+03
5.045690917968750000e+03
4.415319335937500000e+03
4.046078613281250000e+03
3.657827880859375000e+03
3.308951904296875000e+03
3.196313476562500000e+03
3.060198242187500000e+03
2.934696044921875000e+03
2.828357421875000000e+03
2.719982666015625000e+03
2.613204589843750000e+03
2.492255615234375000e+03
2.260713867187500000e+03
1.996525390625000000e+03
1.858672485351562500e+03
1.787221313476562500e+03
1.725708007812500000e+03
1.641296630859375000e+03
1.540105712890625000e+03
1.475505126953125000e+03
1.420055908203125000e+03
1.331190917968750000e+03
1.251955566406250000e+03
1.110450073242187500e+03
1.039693359375000000e+03
1.016992370605468750e+03
1.007500183105468750e+03
9.952011108398437500e+02
9.683700561523437500e+02
8.950640869140625000e+02
8.013826904296875000e+02
7.497981567382812500e+02
7.291047973632812500e+02
7.193790283203125000e+02
7.105111694335937500e+02
7.016312866210937500e+02
6.764091186523437500e+02
6.406396484375000000e+02
5.868012084960937500e+02
5.482617797851562500e+02
5.237044677734375000e+02
5.121801147460937500e+02
5.015069274902343750e+02
4.854961853027343750e+02
4.614247741699218750e+02
4.253479003906250000e+02
3.877028808593750000e+02
3.749369506835937500e+02
3.702680969238281250e+02
3.681604614257812500e+02
3.666678466796875000e+02
3.633150939941406250e+02
3.561282958984375000e+02
3.404541015625000000e+02
3.225367736816406250e+02
3.090390625000000000e+02
3.038011474609375000e+02
2.986085205078125000e+02
2.958352050781250000e+02
2.922868041992187500e+02
2.909878540039062500e+02
2.892643127441406250e+02
2.863419189453125000e+02
2.773371582031250000e+02
2.697017822265625000e+02
2.601729125976562500e+02
2.505361022949218750e+02
2.466072387695312500e+02
2.416377258300781250e+02
2.384738616943359375e+02
2.379030914306640625e+02
2.374741668701171875e+02
2.369933013916015625e+02
2.333138427734375000e+02
2.296635437011718750e+02
2.244654998779296875e+02
2.156457214355468750e+02
2.100577545166015625e+02
2.074864349365234375e+02
2.067597808837890625e+02
2.061845855712890625e+02
2.050953063964843750e+02
2.040788879394531250e+02
2.029084472656250000e+02
2.025673675537109375e+02
2.015428619384765625e+02
2.000455627441406250e+02
1.967083892822265625e+02
1.904082794189453125e+02
1.791948089599609375e+02
1.693771972656250000e+02
1.574259490966796875e+02
1.514238739013671875e+02
1.506841735839843750e+02
1.492431030273437500e+02
1.487896270751953125e+02
1.483782501220703125e+02
1.480370483398437500e+02
1.478499298095703125e+02
1.476867065429687500e+02
1.475055084228515625e+02
1.472329254150390625e+02
1.467253417968750000e+02
1.460233001708984375e+02
1.448420257568359375e+02
1.432201232910156250e+02
1.406550903320312500e+02
1.372979888916015625e+02
1.341161956787109375e+02
1.311604919433593750e+02
1.296603698730468750e+02
1.287054901123046875e+02
1.279781188964843750e+02
1.274347381591796875e+02
1.270105743408203125e+02
1.266323623657226562e+02
1.262453231811523438e+02
1.259776687622070312e+02
1.257754745483398438e+02
1.255816650390625000e+02
1.253736114501953125e+02
1.248583450317382812e+02
1.247476043701171875e+02
1.234544906616210938e+02
1.220503158569335938e+02
1.195430755615234375e+02
1.163347473144531250e+02
1.120716552734375000e+02
1.102764205932617188e+02
1.081630096435546875e+02
1.069129409790039062e+02
1.058232421875000000e+02
1.048648376464843750e+02
1.040265274047851562e+02
1.033938522338867188e+02
1.027639999389648438e+02
1.022024536132812500e+02
1.016296691894531250e+02
1.011030120849609375e+02
1.006753082275390625e+02
1.000396270751953125e+02
9.919030761718750000e+01
9.794033813476562500e+01
9.732163238525390625e+01
9.601825714111328125e+01
9.422374725341796875e+01
9.193227386474609375e+01
9.046749114990234375e+01
8.814447021484375000e+01
8.527768707275390625e+01
8.326177978515625000e+01
8.240567779541015625e+01
8.204849243164062500e+01
8.116645050048828125e+01
8.054259490966796875e+01
8.022154998779296875e+01
7.992597198486328125e+01
7.869253540039062500e+01
7.849826049804687500e+01
7.833158874511718750e+01
7.806943511962890625e+01
7.789760589599609375e+01
7.773242187500000000e+01
7.761453247070312500e+01
7.749227142333984375e+01
7.737566375732421875e+01
7.726820373535156250e+01
7.715586853027343750e+01
7.701829528808593750e+01
7.686033630371093750e+01
7.669437408447265625e+01
7.653954315185546875e+01
7.640851593017578125e+01
7.625811767578125000e+01
7.615483093261718750e+01
7.590793609619140625e+01
7.557487487792968750e+01
7.516053771972656250e+01
7.448127746582031250e+01
7.358854675292968750e+01
7.304086303710937500e+01
7.199925231933593750e+01
7.141519165039062500e+01
7.096821594238281250e+01
7.063224029541015625e+01
7.042765808105468750e+01
7.016247558593750000e+01
6.997019195556640625e+01
6.965458679199218750e+01
6.882469940185546875e+01
6.778013610839843750e+01
6.655823516845703125e+01
6.465524291992187500e+01
6.382572555541992188e+01
6.260347747802734375e+01
6.164902877807617188e+01
6.075491333007812500e+01
5.941598510742187500e+01
5.875652313232421875e+01
5.817334365844726562e+01
5.751872253417968750e+01
5.693282318115234375e+01
5.653222274780273438e+01
5.613813018798828125e+01
5.584963607788085938e+01
5.559061431884765625e+01
5.524528503417968750e+01
5.497724533081054688e+01
5.477367782592773438e+01
5.454827499389648438e+01
5.419983291625976562e+01
5.411209106445312500e+01
5.385210800170898438e+01
5.374435043334960938e+01
5.355003356933593750e+01
5.340950012207031250e+01
5.321656417846679688e+01
5.301776504516601562e+01
5.277441406250000000e+01
5.248188781738281250e+01
5.219339752197265625e+01
5.191387176513671875e+01
5.172462463378906250e+01
5.145392990112304688e+01
5.126049423217773438e+01
5.110443878173828125e+01
5.094215011596679688e+01
5.083060836791992188e+01
5.070864105224609375e+01
5.059149551391601562e+01
5.040915298461914062e+01
5.022090911865234375e+01
5.004716873168945312e+01
4.971544265747070312e+01
4.928018951416015625e+01
4.894904708862304688e+01
4.870291900634765625e+01
4.842059326171875000e+01
4.801123428344726562e+01
4.755496978759765625e+01
4.723707580566406250e+01
4.704854202270507812e+01
4.685810089111328125e+01
4.660548400878906250e+01
4.635243225097656250e+01
4.618487167358398438e+01
4.600683212280273438e+01
4.578400421142578125e+01
4.546890258789062500e+01
4.520460891723632812e+01
4.502912521362304688e+01
4.491761779785156250e+01
4.482549667358398438e+01
4.462238311767578125e+01
4.438051986694335938e+01
4.426950836181640625e+01
4.408659362792968750e+01
4.389677429199218750e+01
4.379639434814453125e+01
4.369672393798828125e+01
4.358504486083984375e+01
4.344828414916992188e+01
4.318085861206054688e+01
4.306456756591796875e+01
4.291240310668945312e+01
4.281253051757812500e+01
4.260981369018554688e+01
4.252152252197265625e+01
4.247806549072265625e+01
4.236426162719726562e+01
4.223544692993164062e+01
4.205513000488281250e+01
4.183541870117187500e+01
4.173085784912109375e+01
4.158901596069335938e+01
4.138531112670898438e+01
4.115293502807617188e+01
4.061114501953125000e+01
3.994169998168945312e+01
3.952691650390625000e+01
3.878644180297851562e+01
3.822785186767578125e+01
3.757685089111328125e+01
3.732450866699218750e+01
3.681704330444335938e+01
3.643493270874023438e+01
3.584909439086914062e+01
3.544590377807617188e+01
3.506411743164062500e+01
3.466438293457031250e+01
3.438128280639648438e+01
3.398545074462890625e+01
3.381127166748046875e+01
3.362072372436523438e+01
3.356696701049804688e+01
3.351247406005859375e+01
3.342949295043945312e+01
3.335921478271484375e+01
3.328740310668945312e+01
3.321936798095703125e+01
3.315875625610351562e+01
3.310294723510742188e+01
3.306180191040039062e+01
3.301204299926757812e+01
3.294892501831054688e+01
3.287932968139648438e+01
3.281599426269531250e+01
3.272364807128906250e+01
3.263478088378906250e+01
3.254183959960937500e+01
3.243236541748046875e+01
3.232752609252929688e+01
3.221410369873046875e+01
3.198982238769531250e+01
3.165079689025878906e+01
3.109141349792480469e+01
3.066078186035156250e+01
3.051909255981445312e+01
3.027044868469238281e+01
3.009946250915527344e+01
2.989269828796386719e+01
2.966200637817382812e+01
2.934159278869628906e+01
2.917973327636718750e+01
2.909983825683593750e+01
2.903238105773925781e+01
2.895036125183105469e+01
2.884519767761230469e+01
2.878154563903808594e+01
2.872827720642089844e+01
2.869334793090820312e+01
2.866258239746093750e+01
2.864540481567382812e+01
2.861761665344238281e+01
2.857674980163574219e+01
2.853042984008789062e+01
2.847056579589843750e+01
2.836270141601562500e+01
2.816684532165527344e+01
2.803648757934570312e+01
2.795504379272460938e+01
2.787912368774414062e+01
2.780010795593261719e+01
2.764298248291015625e+01
2.750647354125976562e+01
2.726896095275878906e+01
2.708102226257324219e+01
2.706599807739257812e+01
2.683716583251953125e+01
2.676642036437988281e+01
2.664932632446289062e+01
2.655343055725097656e+01
2.643216896057128906e+01
2.627374458312988281e+01
2.604126739501953125e+01
2.588097572326660156e+01
2.577244186401367188e+01
2.559843063354492188e+01
2.553589439392089844e+01
2.529679489135742188e+01
2.522302818298339844e+01
2.509921455383300781e+01
2.500386619567871094e+01
2.493834495544433594e+01
2.487761878967285156e+01
2.480330848693847656e+01
2.458062362670898438e+01
2.445317459106445312e+01
2.436955261230468750e+01
2.425545501708984375e+01
2.409342193603515625e+01
2.387831497192382812e+01
2.378260231018066406e+01
2.360744476318359375e+01
2.347540473937988281e+01
2.328136634826660156e+01
2.311898803710937500e+01
2.289085578918457031e+01
2.275636482238769531e+01
2.266807556152343750e+01
2.261885643005371094e+01
2.257274436950683594e+01
2.252503013610839844e+01
2.246553802490234375e+01
2.242632102966308594e+01
2.239079475402832031e+01
2.235941886901855469e+01
2.232328987121582031e+01
2.229474830627441406e+01
2.227684974670410156e+01
2.226872253417968750e+01
2.226424026489257812e+01
2.225788879394531250e+01
2.225284767150878906e+01
2.224618911743164062e+01
2.223648643493652344e+01
2.221727561950683594e+01
2.217341232299804688e+01
2.210383033752441406e+01
2.200464820861816406e+01
2.190477943420410156e+01
2.186033630371093750e+01
2.181573295593261719e+01
2.177313804626464844e+01
2.171241378784179688e+01
2.158212089538574219e+01
2.152347373962402344e+01
2.144109535217285156e+01
2.139640426635742188e+01
2.135251426696777344e+01
2.131509590148925781e+01
2.128769302368164062e+01
2.124442863464355469e+01
2.121756744384765625e+01
2.120271110534667969e+01
2.119167900085449219e+01
2.117836380004882812e+01
2.116749954223632812e+01
2.114661407470703125e+01
2.112549781799316406e+01
2.108551979064941406e+01
2.105285453796386719e+01
2.101902770996093750e+01
2.098406791687011719e+01
2.094177436828613281e+01
2.091223144531250000e+01
2.090180397033691406e+01
2.089011764526367188e+01
2.088328361511230469e+01
2.087649917602539062e+01
2.086599731445312500e+01
2.085219573974609375e+01
2.083124160766601562e+01
2.080567550659179688e+01
2.077842330932617188e+01
2.076656913757324219e+01
2.073284530639648438e+01
2.071225738525390625e+01
2.068578147888183594e+01
2.065667343139648438e+01
2.065020561218261719e+01
2.064185905456542969e+01
2.063299560546875000e+01
2.062531852722167969e+01
2.061487007141113281e+01
2.060041427612304688e+01
2.058929061889648438e+01
2.057884788513183594e+01
2.057092285156250000e+01
2.055445671081542969e+01
2.052912330627441406e+01
2.049662590026855469e+01
2.046812820434570312e+01
2.044267463684082031e+01
2.041006088256835938e+01
2.034967613220214844e+01
2.026317214965820312e+01
2.020971107482910156e+01
2.019009780883789062e+01
2.017122268676757812e+01
2.015388298034667969e+01
2.012829589843750000e+01
2.010809516906738281e+01
2.008328056335449219e+01
2.006872177124023438e+01
2.003125190734863281e+01
1.999706840515136719e+01
1.995175743103027344e+01
1.987556076049804688e+01
1.975994300842285156e+01
1.962908363342285156e+01
1.942311096191406250e+01
1.917451858520507812e+01
1.904501152038574219e+01
1.897287178039550781e+01
1.885220146179199219e+01
1.879414367675781250e+01
1.874442481994628906e+01
1.870075416564941406e+01
1.866878890991210938e+01
1.863308715820312500e+01
1.859206962585449219e+01
1.854115295410156250e+01
1.848015975952148438e+01
1.843274688720703125e+01
1.836896133422851562e+01
1.834246635437011719e+01
1.829713058471679688e+01
1.826014900207519531e+01
1.821063804626464844e+01
1.815627670288085938e+01
1.811164283752441406e+01
1.807793045043945312e+01
1.805787467956542969e+01
1.803748321533203125e+01
1.802357864379882812e+01
1.801322937011718750e+01
1.800113296508789062e+01
1.799065208435058594e+01
1.796963500976562500e+01
1.793688201904296875e+01
1.789348983764648438e+01
1.784647560119628906e+01
1.779436302185058594e+01
1.775474739074707031e+01
1.767525672912597656e+01
1.758154487609863281e+01
1.744304275512695312e+01
1.730036354064941406e+01
1.718795204162597656e+01
1.710607528686523438e+01
1.706280517578125000e+01
1.702459335327148438e+01
1.700645828247070312e+01
1.699057006835937500e+01
1.697546195983886719e+01
1.696178245544433594e+01
1.693940734863281250e+01
1.691890525817871094e+01
1.689137458801269531e+01
1.685819625854492188e+01
1.682497215270996094e+01
1.681851577758789062e+01
1.679393196105957031e+01
1.677772903442382812e+01
1.676532554626464844e+01
1.674372100830078125e+01
1.671551513671875000e+01
1.668881797790527344e+01
1.667171859741210938e+01
1.665881347656250000e+01
1.664533805847167969e+01
1.662972450256347656e+01
1.660129737854003906e+01
1.657467079162597656e+01
1.654934883117675781e+01
1.653039741516113281e+01
1.650788688659667969e+01
1.647190475463867188e+01
1.641114807128906250e+01
1.632242202758789062e+01
1.622161102294921875e+01
1.610849761962890625e+01
1.603306388854980469e+01
1.598878669738769531e+01
1.594643497467041016e+01
1.591862773895263672e+01
1.589655113220214844e+01
1.585406780242919922e+01
1.582565212249755859e+01
1.579123973846435547e+01
1.575339317321777344e+01
1.571718692779541016e+01
1.569463062286376953e+01
1.568339824676513672e+01
1.566997718811035156e+01
1.565779209136962891e+01
1.563714218139648438e+01
1.561056232452392578e+01
1.559083747863769531e+01
1.557406330108642578e+01
1.555777168273925781e+01
1.554955959320068359e+01
1.554329013824462891e+01
1.553883266448974609e+01
1.553350734710693359e+01
1.551923370361328125e+01
1.550013160705566406e+01
1.546564197540283203e+01
1.541272830963134766e+01
1.535143470764160156e+01
1.533730602264404297e+01
1.531090259552001953e+01
1.527311611175537109e+01
1.522159099578857422e+01
1.518110370635986328e+01
1.511043834686279297e+01
1.505990600585937500e+01
1.502441978454589844e+01
1.498994731903076172e+01
1.493414974212646484e+01
1.490289783477783203e+01
1.487528133392333984e+01
1.483985042572021484e+01
1.483062267303466797e+01
1.482100677490234375e+01
1.481286716461181641e+01
1.480240631103515625e+01
1.478507328033447266e+01
1.476023483276367188e+01
1.473845863342285156e+01
1.472163486480712891e+01
1.470729827880859375e+01
1.469480705261230469e+01
1.468200969696044922e+01
1.466656398773193359e+01
1.465283966064453125e+01
1.464128398895263672e+01
1.462992382049560547e+01
1.462443923950195312e+01
1.462055587768554688e+01
1.461695289611816406e+01
1.460822772979736328e+01
1.460717201232910156e+01
1.459531307220458984e+01
1.458819770812988281e+01
1.457907295227050781e+01
1.456545448303222656e+01
1.454522705078125000e+01
1.451253414154052734e+01
1.447220611572265625e+01
1.445230388641357422e+01
1.443603801727294922e+01
1.442555046081542969e+01
1.440981960296630859e+01
1.439619255065917969e+01
1.436522769927978516e+01
1.434286689758300781e+01
1.432840156555175781e+01
1.430981063842773438e+01
1.428819465637207031e+01
1.427454757690429688e+01
1.426402187347412109e+01
1.425745964050292969e+01
1.425160789489746094e+01
1.424541091918945312e+01
1.423818397521972656e+01
1.422626495361328125e+01
1.421870326995849609e+01
1.421001148223876953e+01
1.419907188415527344e+01
1.417865753173828125e+01
1.415711688995361328e+01
1.413168430328369141e+01
1.412059307098388672e+01
1.410687065124511719e+01
1.410164451599121094e+01
1.409802913665771484e+01
1.408794975280761719e+01
1.407544898986816406e+01
1.406110954284667969e+01
1.404149532318115234e+01
1.402645874023437500e+01
1.401603889465332031e+01
1.400488376617431641e+01
1.399251747131347656e+01
1.398046684265136719e+01
1.396479988098144531e+01
1.394249820709228516e+01
1.392412471771240234e+01
1.390249824523925781e+01
1.386970424652099609e+01
1.385165882110595703e+01
1.382773685455322266e+01
1.380934143066406250e+01
1.379344272613525391e+01
1.377603149414062500e+01
1.375784301757812500e+01
1.373755455017089844e+01
1.371627330780029297e+01
1.369855785369873047e+01
1.365955448150634766e+01
1.362290573120117188e+01
1.358079433441162109e+01
1.354314327239990234e+01
1.351836299896240234e+01
1.348748207092285156e+01
1.346864414215087891e+01
1.345047664642333984e+01
1.342964363098144531e+01
1.341478729248046875e+01
1.339517116546630859e+01
1.337255573272705078e+01
1.334535026550292969e+01
1.333636379241943359e+01
1.333276844024658203e+01
1.332735443115234375e+01
1.332078361511230469e+01
1.331129074096679688e+01
1.330084609985351562e+01
1.329125690460205078e+01
1.328054809570312500e+01
1.326765632629394531e+01
1.324931430816650391e+01
1.323903274536132812e+01
1.322516727447509766e+01
1.321651363372802734e+01
1.320893096923828125e+01
1.320229339599609375e+01
1.319397163391113281e+01
1.318635272979736328e+01
1.317887306213378906e+01
1.317494010925292969e+01
1.316904735565185547e+01
1.315992832183837891e+01
1.314198589324951172e+01
1.312604236602783203e+01
1.311550712585449219e+01
1.310616970062255859e+01
1.309910011291503906e+01
1.308539676666259766e+01
1.308158302307128906e+01
1.306770896911621094e+01
1.305539894104003906e+01
1.304263019561767578e+01
1.303189182281494141e+01
1.301738071441650391e+01
1.300428199768066406e+01
1.299258136749267578e+01
1.298408889770507812e+01
1.297395133972167969e+01
1.296687507629394531e+01
1.296119689941406250e+01
1.295337295532226562e+01
1.294903469085693359e+01
1.294202423095703125e+01
1.293388652801513672e+01
1.292766952514648438e+01
1.292203235626220703e+01
1.291633605957031250e+01
1.290562248229980469e+01
1.289574432373046875e+01
1.288885116577148438e+01
1.288222026824951172e+01
1.286973381042480469e+01
1.286223030090332031e+01
1.285742378234863281e+01
1.285438537597656250e+01
1.285185146331787109e+01
1.284987545013427734e+01
1.284782409667968750e+01
1.284634971618652344e+01
1.284430599212646484e+01
1.284198188781738281e+01
1.284008789062500000e+01
1.283830738067626953e+01
1.283587741851806641e+01
1.283242607116699219e+01
1.282829952239990234e+01
1.282376003265380859e+01
1.281935596466064453e+01
1.281680965423583984e+01
1.281378269195556641e+01
1.280814743041992188e+01
1.280271339416503906e+01
1.279724216461181641e+01
1.279255580902099609e+01
1.279032707214355469e+01
1.278807544708251953e+01
1.278625869750976562e+01
1.278343582153320312e+01
1.277917957305908203e+01
1.277143192291259766e+01
1.276302051544189453e+01
1.275622081756591797e+01
1.275315856933593750e+01
1.274811744689941406e+01
1.274371623992919922e+01
1.273978137969970703e+01
1.273501110076904297e+01
1.273001003265380859e+01
1.272768783569335938e+01
1.272584724426269531e+01
1.272367668151855469e+01
1.272112274169921875e+01
1.271458244323730469e+01
1.270736885070800781e+01
1.269696521759033203e+01
1.268614482879638672e+01
1.267827510833740234e+01
1.267275238037109375e+01
1.267003154754638672e+01
1.266271305084228516e+01
1.265285873413085938e+01
1.264285469055175781e+01
1.263921833038330078e+01
1.263592815399169922e+01
1.263332271575927734e+01
1.263092994689941406e+01
1.262889957427978516e+01
1.262708854675292969e+01
1.262363624572753906e+01
1.262095451354980469e+01
1.261698436737060547e+01
1.261155223846435547e+01
1.260187149047851562e+01
1.259497737884521484e+01
1.258568668365478516e+01
1.258225440979003906e+01
1.257892704010009766e+01
1.257720184326171875e+01
1.257363700866699219e+01
1.256979942321777344e+01
1.256359577178955078e+01
1.255584239959716797e+01
1.254874134063720703e+01
1.254092693328857422e+01
1.253001499176025391e+01
1.251757812500000000e+01
1.249469470977783203e+01
1.246890258789062500e+01
1.243424415588378906e+01
1.240310478210449219e+01
1.238045978546142578e+01
1.235426902770996094e+01
1.232796859741210938e+01
1.230927371978759766e+01
1.229883193969726562e+01
1.228940582275390625e+01
1.228010845184326172e+01
1.227289676666259766e+01
1.226267623901367188e+01
1.225063991546630859e+01
1.223797893524169922e+01
1.222174835205078125e+01
1.220081901550292969e+01
1.218486976623535156e+01
1.216765022277832031e+01
1.215546989440917969e+01
1.214097309112548828e+01
1.213176631927490234e+01
1.211836433410644531e+01
1.210000228881835938e+01
1.207738971710205078e+01
1.206371974945068359e+01
1.204932117462158203e+01
1.204144668579101562e+01
1.203502464294433594e+01
1.202694702148437500e+01
1.202000236511230469e+01
1.201615619659423828e+01
1.201397991180419922e+01
1.201284790039062500e+01
1.201173782348632812e+01
1.201051044464111328e+01
1.200947570800781250e+01
1.200836753845214844e+01
1.200699996948242188e+01
1.200538825988769531e+01
1.200367259979248047e+01
1.200243949890136719e+01
1.200116825103759766e+01
1.199966716766357422e+01
1.199827384948730469e+01
1.199684333801269531e+01
1.199558734893798828e+01
1.199430370330810547e+01
1.199294567108154297e+01
1.199164676666259766e+01
1.199033927917480469e+01
1.198882198333740234e+01
1.198684024810791016e+01
1.198488998413085938e+01
1.198341655731201172e+01
1.198199176788330078e+01
1.198083686828613281e+01
1.197748184204101562e+01
1.197544384002685547e+01
1.197281074523925781e+01
1.197132968902587891e+01
1.197036743164062500e+01
1.196898937225341797e+01
1.196554756164550781e+01
1.196183109283447266e+01
1.195576572418212891e+01
1.194813728332519531e+01
1.193938636779785156e+01
1.193542861938476562e+01
1.193285751342773438e+01
1.193067836761474609e+01
1.192626857757568359e+01
1.192326736450195312e+01
1.192013263702392578e+01
1.191673564910888672e+01
1.191046524047851562e+01
1.190155601501464844e+01
1.189476203918457031e+01
1.189045333862304688e+01
1.188658332824707031e+01
1.188037300109863281e+01
1.187605190277099609e+01
1.186540412902832031e+01
1.185527133941650391e+01
1.184770965576171875e+01
1.182636833190917969e+01
1.179820823669433594e+01
1.175531768798828125e+01
1.172384262084960938e+01
1.171639060974121094e+01
1.167885589599609375e+01
1.166329383850097656e+01
1.164538002014160156e+01
1.162374877929687500e+01
1.161463069915771484e+01
1.159309768676757812e+01
1.156434631347656250e+01
1.152775382995605469e+01
1.144585800170898438e+01
1.138242340087890625e+01
1.128932189941406250e+01
1.121411609649658203e+01
1.113694953918457031e+01
1.111072444915771484e+01
1.104341888427734375e+01
1.101626682281494141e+01
1.098776340484619141e+01
1.095115280151367188e+01
1.093867683410644531e+01
1.092371654510498047e+01
1.089506912231445312e+01
1.085957336425781250e+01
1.083005714416503906e+01
1.076452159881591797e+01
1.074006557464599609e+01
1.067220497131347656e+01
1.063716602325439453e+01
1.059464836120605469e+01
1.052149200439453125e+01
1.043976020812988281e+01
1.035500335693359375e+01
1.032270050048828125e+01
1.027832221984863281e+01
1.025228595733642578e+01
1.023454380035400391e+01
1.020777893066406250e+01
1.019587326049804688e+01
1.017637443542480469e+01
1.014925956726074219e+01
1.011171531677246094e+01
1.005379104614257812e+01
1.001315784454345703e+01
9.986499786376953125e+00
9.959421157836914062e+00
9.928766250610351562e+00
9.891679763793945312e+00
9.824984550476074219e+00
9.787904739379882812e+00
9.758058547973632812e+00
9.740487098693847656e+00
9.725910186767578125e+00
9.703364372253417969e+00
9.693226814270019531e+00
9.681111335754394531e+00
9.663260459899902344e+00
9.632870674133300781e+00
9.581893920898437500e+00
9.557781219482421875e+00
9.505553245544433594e+00
9.473857879638671875e+00
9.386963844299316406e+00
9.333099365234375000e+00
9.282762527465820312e+00
9.234858512878417969e+00
9.203199386596679688e+00
9.177934646606445312e+00
9.114653587341308594e+00
9.097551345825195312e+00
9.027250289916992188e+00
9.001902580261230469e+00
8.951396942138671875e+00
8.929462432861328125e+00
8.891169548034667969e+00
8.855030059814453125e+00
8.824703216552734375e+00
8.770759582519531250e+00
8.739855766296386719e+00
8.687794685363769531e+00
8.630715370178222656e+00
8.559213638305664062e+00
8.507231712341308594e+00
8.463334083557128906e+00
8.440057754516601562e+00
8.402555465698242188e+00
8.387578010559082031e+00
8.344305038452148438e+00
8.319849014282226562e+00
8.286960601806640625e+00
8.246131896972656250e+00
8.211309432983398438e+00
8.161874771118164062e+00
8.123568534851074219e+00
8.067390441894531250e+00
8.045151710510253906e+00
8.027524948120117188e+00
8.020315170288085938e+00
8.018564224243164062e+00
8.011631011962890625e+00
8.006008148193359375e+00
7.997273445129394531e+00
7.974980831146240234e+00
7.969537734985351562e+00
7.955117702484130859e+00
7.944999217987060547e+00
7.933940887451171875e+00
7.920581817626953125e+00
7.906943321228027344e+00
7.894839286804199219e+00
7.881625175476074219e+00
7.871935844421386719e+00
7.864300251007080078e+00
7.859818935394287109e+00
7.856195926666259766e+00
7.850973129272460938e+00
7.841805458068847656e+00
7.829226493835449219e+00
7.820119857788085938e+00
7.810409545898437500e+00
7.797442436218261719e+00
7.779806137084960938e+00
7.774763584136962891e+00
7.757903575897216797e+00
7.751013755798339844e+00
7.745018959045410156e+00
7.738640308380126953e+00
7.730538368225097656e+00
7.714978218078613281e+00
7.702210426330566406e+00
7.688000202178955078e+00
7.673086643218994141e+00
7.659494876861572266e+00
7.652510643005371094e+00
7.646242618560791016e+00
7.642759799957275391e+00
7.637363433837890625e+00
7.632516860961914062e+00
7.627120018005371094e+00
7.622655391693115234e+00
7.618505477905273438e+00
7.614036083221435547e+00
7.606293201446533203e+00
7.598955631256103516e+00
7.590322017669677734e+00
7.585489273071289062e+00
7.581399917602539062e+00
7.576281547546386719e+00
7.571177959442138672e+00
7.564357757568359375e+00
7.555656909942626953e+00
7.542380809783935547e+00
7.534487247467041016e+00
7.526570320129394531e+00
7.519996166229248047e+00
7.509427070617675781e+00
7.499482631683349609e+00
7.489326000213623047e+00
7.482778549194335938e+00
7.477608680725097656e+00
7.471890926361083984e+00
7.466724395751953125e+00
7.460771560668945312e+00
7.452457427978515625e+00
7.447440624237060547e+00
7.445855617523193359e+00
7.435894489288330078e+00
7.432145118713378906e+00
7.427403926849365234e+00
7.423157215118408203e+00
7.420005321502685547e+00
7.414170742034912109e+00
7.410778045654296875e+00
7.407761573791503906e+00
7.405127048492431641e+00
7.402943611145019531e+00
7.401473999023437500e+00
7.399955749511718750e+00
7.397773265838623047e+00
7.395225524902343750e+00
7.392161369323730469e+00
7.389296054840087891e+00
7.387055397033691406e+00
7.386381149291992188e+00
7.385499477386474609e+00
7.383402824401855469e+00
7.381395339965820312e+00
7.376647472381591797e+00
7.372874259948730469e+00
7.367295265197753906e+00
7.362107276916503906e+00
7.360634803771972656e+00
7.359824180603027344e+00
7.358015537261962891e+00
7.356877803802490234e+00
7.355233192443847656e+00
7.353909015655517578e+00
7.351613044738769531e+00
7.348830699920654297e+00
7.343960762023925781e+00
7.339517593383789062e+00
7.335072994232177734e+00
7.330650329589843750e+00
7.323844432830810547e+00
7.314086437225341797e+00
7.301331520080566406e+00
7.294055938720703125e+00
7.285556793212890625e+00
7.281842708587646484e+00
7.275531291961669922e+00
7.273126125335693359e+00
7.267580986022949219e+00
7.265095233917236328e+00
7.263312816619873047e+00
7.262370109558105469e+00
7.261571884155273438e+00
7.261012077331542969e+00
7.260161399841308594e+00
7.259499549865722656e+00
7.258713722229003906e+00
7.257592201232910156e+00
7.256142139434814453e+00
7.254593372344970703e+00
7.252000331878662109e+00
7.251104831695556641e+00
7.247993946075439453e+00
7.243370532989501953e+00
7.239534378051757812e+00
7.235357284545898438e+00
7.232799530029296875e+00
7.231423854827880859e+00
7.229533672332763672e+00
7.226654052734375000e+00
7.224768638610839844e+00
7.223457336425781250e+00
7.222535610198974609e+00
7.221404075622558594e+00
7.220309734344482422e+00
7.219035625457763672e+00
7.217145919799804688e+00
7.214046955108642578e+00
7.212861537933349609e+00
7.211337566375732422e+00
7.210361957550048828e+00
7.209698200225830078e+00
7.208457946777343750e+00
7.207064628601074219e+00
7.204806804656982422e+00
7.202146053314208984e+00
7.198075294494628906e+00
7.194725990295410156e+00
7.192466735839843750e+00
7.191452980041503906e+00
7.189171791076660156e+00
7.186782360076904297e+00
7.183239936828613281e+00
7.181700706481933594e+00
7.179451465606689453e+00
7.177765369415283203e+00
7.175686359405517578e+00
7.171871185302734375e+00
7.166937828063964844e+00
7.160815238952636719e+00
7.152207851409912109e+00
7.141901969909667969e+00
7.131448268890380859e+00
7.109687805175781250e+00
7.103162288665771484e+00
7.088131427764892578e+00
7.081459522247314453e+00
7.070984840393066406e+00
7.063958644866943359e+00
7.054028987884521484e+00
7.045341491699218750e+00
7.034430503845214844e+00
7.023658752441406250e+00
7.017151832580566406e+00
7.009242057800292969e+00
7.005668640136718750e+00
6.996737003326416016e+00
6.993608474731445312e+00
6.989826202392578125e+00
6.986364364624023438e+00
6.981757164001464844e+00
6.976881504058837891e+00
6.972518920898437500e+00
6.967666149139404297e+00
6.961167335510253906e+00
6.958902359008789062e+00
6.956943035125732422e+00
6.955806255340576172e+00
6.955081462860107422e+00
6.954352855682373047e+00
6.953374862670898438e+00
6.952036857604980469e+00
6.949768066406250000e+00
6.947339534759521484e+00
6.944457054138183594e+00
6.940703392028808594e+00
6.933918952941894531e+00
6.922612667083740234e+00
6.907991886138916016e+00
6.894528865814208984e+00
6.886390209197998047e+00
6.880915164947509766e+00
6.873244285583496094e+00
6.865678787231445312e+00
6.857639312744140625e+00
6.848240375518798828e+00
6.843719482421875000e+00
6.828128814697265625e+00
6.822697639465332031e+00
6.811014175415039062e+00
6.804791450500488281e+00
6.798943996429443359e+00
6.790102958679199219e+00
6.779414176940917969e+00
6.770379543304443359e+00
6.743404865264892578e+00
6.734129428863525391e+00
6.723449230194091797e+00
6.717668056488037109e+00
6.713263988494873047e+00
6.710668087005615234e+00
6.708268165588378906e+00
6.705647468566894531e+00
6.703872203826904297e+00
6.702434539794921875e+00
6.701140880584716797e+00
6.700107574462890625e+00
6.698518276214599609e+00
6.696115970611572266e+00
6.692815303802490234e+00
6.689841270446777344e+00
6.687660217285156250e+00
6.682805538177490234e+00
6.679664611816406250e+00
6.675980091094970703e+00
6.673448562622070312e+00
6.671937465667724609e+00
6.669964313507080078e+00
6.667084693908691406e+00
6.663167953491210938e+00
6.661545753479003906e+00
6.658543109893798828e+00
6.657577991485595703e+00
6.655243396759033203e+00
6.653655529022216797e+00
6.652151107788085938e+00
6.650636196136474609e+00
6.649220466613769531e+00
6.648125648498535156e+00
6.647034645080566406e+00
6.645664691925048828e+00
6.644217967987060547e+00
6.642292976379394531e+00
6.639503002166748047e+00
6.637696743011474609e+00
6.634639739990234375e+00
6.630481243133544922e+00
6.627088546752929688e+00
6.624122619628906250e+00
6.621370792388916016e+00
6.618786334991455078e+00
6.616692066192626953e+00
6.613805294036865234e+00
6.608756065368652344e+00
6.602747917175292969e+00
6.597043514251708984e+00
6.592314243316650391e+00
6.584444522857666016e+00
6.574493885040283203e+00
6.557114601135253906e+00
6.550223350524902344e+00
6.545065879821777344e+00
6.536842346191406250e+00
6.531219482421875000e+00
6.522345066070556641e+00
6.514666557312011719e+00
6.506240844726562500e+00
6.499712944030761719e+00
6.494311332702636719e+00
6.490098476409912109e+00
6.483930587768554688e+00
6.481463909149169922e+00
6.477553844451904297e+00
6.471974372863769531e+00
6.460558414459228516e+00
6.454620838165283203e+00
6.445828914642333984e+00
6.436454296112060547e+00
6.428629398345947266e+00
6.424055099487304688e+00
6.418555736541748047e+00
6.408303737640380859e+00
6.403316020965576172e+00
6.395413398742675781e+00
6.387650489807128906e+00
6.383909225463867188e+00
6.379435062408447266e+00
6.376102924346923828e+00
6.368547916412353516e+00
6.362897872924804688e+00
6.358938694000244141e+00
6.355859756469726562e+00
6.353400707244873047e+00
6.351863384246826172e+00
6.349925518035888672e+00
6.347785949707031250e+00
6.345823287963867188e+00
6.344856262207031250e+00
6.344074726104736328e+00
6.343336582183837891e+00
6.342525005340576172e+00
6.341541767120361328e+00
6.340543270111083984e+00
6.339523792266845703e+00
6.338297367095947266e+00
6.337065219879150391e+00
6.336356639862060547e+00
6.335191249847412109e+00
6.334267139434814453e+00
6.333513259887695312e+00
6.332691669464111328e+00
6.331649303436279297e+00
6.330555438995361328e+00
6.329296112060546875e+00
6.327954769134521484e+00
6.326578140258789062e+00
6.325741767883300781e+00
6.324872493743896484e+00
6.324534893035888672e+00
6.323941707611083984e+00
6.323252201080322266e+00
6.322513103485107422e+00
6.321354866027832031e+00
6.320456981658935547e+00
6.319714546203613281e+00
6.318848609924316406e+00
6.317691326141357422e+00
6.317123413085937500e+00
6.316572666168212891e+00
6.315749645233154297e+00
6.314976692199707031e+00
6.314341068267822266e+00
6.314013957977294922e+00
6.313764095306396484e+00
6.313467979431152344e+00
6.312879562377929688e+00
6.312476634979248047e+00
6.311695098876953125e+00
6.311297416687011719e+00
6.310872077941894531e+00
6.310661315917968750e+00
6.310398578643798828e+00
6.310270309448242188e+00
6.310187816619873047e+00
6.310042381286621094e+00
6.309923648834228516e+00
6.309520721435546875e+00
6.309372901916503906e+00
6.308851718902587891e+00
6.308063507080078125e+00
6.307056903839111328e+00
6.306192398071289062e+00
6.305359363555908203e+00
6.304524421691894531e+00
6.303668498992919922e+00
6.302979469299316406e+00
6.302292823791503906e+00
6.301017284393310547e+00
6.300214767456054688e+00
6.299210548400878906e+00
6.298622608184814453e+00
6.298194408416748047e+00
6.297748088836669922e+00
6.297352790832519531e+00
6.297107696533203125e+00
6.296805858612060547e+00
6.295879840850830078e+00
6.294991970062255859e+00
6.294120311737060547e+00
6.293195247650146484e+00
6.291912555694580078e+00
6.291153430938720703e+00
6.289562225341796875e+00
6.286894798278808594e+00
6.284869670867919922e+00
6.281014919281005859e+00
6.276926517486572266e+00
6.272910118103027344e+00
6.263795852661132812e+00
6.256316184997558594e+00
6.248066425323486328e+00
6.239806652069091797e+00
6.233120918273925781e+00
6.221966743469238281e+00
6.208950996398925781e+00
6.191365718841552734e+00
6.178409099578857422e+00
6.165914058685302734e+00
6.150910377502441406e+00
6.134751319885253906e+00
6.111758708953857422e+00
6.094463825225830078e+00
6.090583324432373047e+00
6.087115287780761719e+00
6.082349300384521484e+00
6.078689098358154297e+00
6.075541496276855469e+00
6.072205543518066406e+00
6.067899227142333984e+00
6.060159206390380859e+00
6.051631450653076172e+00
6.041186809539794922e+00
6.034081935882568359e+00
6.025944709777832031e+00
6.019957542419433594e+00
6.008732318878173828e+00
5.998022556304931641e+00
5.991498470306396484e+00
5.984830856323242188e+00
5.979351520538330078e+00
5.963388919830322266e+00
5.943192958831787109e+00
5.923026561737060547e+00
5.902369976043701172e+00
5.886635780334472656e+00
5.872726440429687500e+00
5.859483718872070312e+00
5.847239971160888672e+00
5.837273120880126953e+00
5.829495906829833984e+00
5.824226379394531250e+00
5.812666416168212891e+00
5.801713943481445312e+00
5.794309616088867188e+00
5.791749477386474609e+00
5.784294605255126953e+00
5.775180816650390625e+00
5.766534328460693359e+00
5.756382942199707031e+00
5.751152992248535156e+00
5.748037815093994141e+00
5.741443634033203125e+00
5.731128215789794922e+00
5.719300746917724609e+00
5.699758052825927734e+00
5.675868034362792969e+00
5.665544509887695312e+00
5.647769927978515625e+00
5.642653942108154297e+00
5.637277603149414062e+00
5.631597518920898438e+00
5.627288818359375000e+00
5.622519969940185547e+00
5.617281436920166016e+00
5.614315986633300781e+00
5.609097957611083984e+00
5.604556083679199219e+00
5.599439620971679688e+00
5.596597671508789062e+00
5.594277858734130859e+00
5.592415332794189453e+00
5.590950012207031250e+00
5.588707923889160156e+00
5.586893081665039062e+00
5.582189083099365234e+00
5.578556537628173828e+00
5.574846744537353516e+00
5.566494941711425781e+00
5.552937507629394531e+00
5.542748451232910156e+00
5.537443637847900391e+00
5.530114650726318359e+00
5.525273799896240234e+00
5.520678520202636719e+00
5.514698505401611328e+00
5.511665344238281250e+00
5.508471965789794922e+00
5.507190227508544922e+00
5.505569934844970703e+00
5.504948139190673828e+00
5.503805637359619141e+00
5.502747535705566406e+00
5.501212120056152344e+00
5.499754905700683594e+00
5.498525619506835938e+00
5.497507095336914062e+00
5.495771884918212891e+00
5.493708133697509766e+00
5.491337299346923828e+00
5.487189769744873047e+00
5.484213352203369141e+00
5.481769561767578125e+00
5.478818893432617188e+00
5.471928119659423828e+00
5.455209255218505859e+00
5.434066772460937500e+00
5.424227714538574219e+00
5.408114910125732422e+00
5.399734973907470703e+00
5.394316673278808594e+00
5.387695789337158203e+00
5.380153656005859375e+00
5.374756336212158203e+00
5.370855331420898438e+00
5.366620063781738281e+00
5.359595298767089844e+00
5.350515365600585938e+00
5.346104621887207031e+00
5.338548660278320312e+00
5.322568416595458984e+00
5.311871528625488281e+00
5.300161361694335938e+00
5.284748554229736328e+00
5.266455173492431641e+00
5.254554271697998047e+00
5.245835304260253906e+00
5.238403320312500000e+00
5.233533382415771484e+00
5.219765663146972656e+00
5.212999820709228516e+00
5.203100204467773438e+00
5.189597606658935547e+00
5.171249866485595703e+00
5.157437801361083984e+00
5.137427806854248047e+00
5.119549751281738281e+00
5.108007431030273438e+00
5.097614288330078125e+00
5.088817596435546875e+00
5.071224212646484375e+00
5.035462856292724609e+00
5.011831760406494141e+00
4.977443218231201172e+00
4.927299976348876953e+00
4.891040802001953125e+00
4.870932579040527344e+00
4.827758789062500000e+00
4.799547195434570312e+00
4.768001079559326172e+00
4.744732856750488281e+00
4.719268798828125000e+00
4.696906089782714844e+00
4.685630321502685547e+00
4.672509193420410156e+00
4.665765762329101562e+00
4.654858589172363281e+00
4.638529777526855469e+00
4.632707118988037109e+00
4.623722553253173828e+00
4.617443084716796875e+00
4.611485958099365234e+00
4.605696678161621094e+00
4.597993850708007812e+00
4.590844631195068359e+00
4.576710700988769531e+00
4.567897319793701172e+00
4.548330307006835938e+00
4.537811756134033203e+00
4.519810199737548828e+00
4.509160995483398438e+00
4.497153282165527344e+00
4.493718624114990234e+00
4.489091873168945312e+00
4.485055923461914062e+00
4.481980800628662109e+00
4.478484153747558594e+00
4.474749088287353516e+00
4.473484992980957031e+00
4.469184398651123047e+00
4.467795848846435547e+00
4.465842723846435547e+00
4.463528156280517578e+00
4.460893630981445312e+00
4.457478046417236328e+00
4.451999664306640625e+00
4.446803092956542969e+00
4.440224647521972656e+00
4.433364391326904297e+00
4.427422046661376953e+00
4.422981262207031250e+00
4.420006275177001953e+00
4.418144702911376953e+00
4.416238784790039062e+00
4.412148952484130859e+00
4.409076213836669922e+00
4.404878139495849609e+00
4.398914337158203125e+00
4.394039154052734375e+00
4.390983104705810547e+00
4.388011455535888672e+00
4.385945796966552734e+00
4.382697582244873047e+00
4.379861831665039062e+00
4.374542713165283203e+00
4.369021415710449219e+00
4.366878032684326172e+00
4.363955974578857422e+00
4.362675189971923828e+00
4.361462116241455078e+00
4.360424995422363281e+00
4.358730792999267578e+00
4.356588840484619141e+00
4.352906227111816406e+00
4.349200725555419922e+00
4.345188617706298828e+00
4.341856956481933594e+00
4.339531898498535156e+00
4.337746620178222656e+00
4.336138725280761719e+00
4.333464145660400391e+00
4.332006454467773438e+00
4.330267906188964844e+00
4.326778411865234375e+00
4.321757793426513672e+00
4.315889835357666016e+00
4.311553955078125000e+00
4.308959007263183594e+00
4.306787490844726562e+00
4.305774688720703125e+00
4.304218292236328125e+00
4.303131103515625000e+00
4.300846576690673828e+00
4.297344207763671875e+00
4.292624473571777344e+00
4.284214973449707031e+00
4.280705451965332031e+00
4.279799461364746094e+00
4.276084423065185547e+00
4.275241851806640625e+00
4.274791240692138672e+00
4.273941516876220703e+00
4.273453712463378906e+00
4.272835254669189453e+00
4.272334098815917969e+00
4.272000312805175781e+00
4.271356582641601562e+00
4.271030902862548828e+00
4.270726680755615234e+00
4.270535945892333984e+00
4.270342350006103516e+00
4.270219326019287109e+00
4.270032882690429688e+00
4.269696712493896484e+00
4.268941879272460938e+00
4.268095016479492188e+00
4.267159461975097656e+00
4.265593528747558594e+00
4.262286186218261719e+00
4.257135391235351562e+00
4.246908664703369141e+00
4.240881919860839844e+00
4.237555027008056641e+00
4.232083320617675781e+00
4.227576732635498047e+00
4.225187778472900391e+00
4.221448421478271484e+00
4.215948104858398438e+00
4.212396144866943359e+00
4.207925796508789062e+00
4.205972194671630859e+00
4.203989028930664062e+00
4.202604293823242188e+00
4.201035499572753906e+00
4.200177669525146484e+00
4.199013710021972656e+00
4.197220802307128906e+00
4.195326328277587891e+00
4.193500041961669922e+00
4.191741943359375000e+00
4.190512180328369141e+00
4.188846111297607422e+00
4.186874389648437500e+00
4.185090065002441406e+00
4.183755397796630859e+00
4.180176734924316406e+00
4.175212383270263672e+00
4.169408798217773438e+00
4.166211128234863281e+00
4.165112972259521484e+00
4.163913249969482422e+00
4.162169933319091797e+00
4.160910129547119141e+00
4.158087253570556641e+00
4.154864311218261719e+00
4.152265548706054688e+00
4.150535106658935547e+00
4.144198894500732422e+00
4.142304897308349609e+00
4.140565395355224609e+00
4.138663291931152344e+00
4.136680603027343750e+00
4.132908344268798828e+00
4.129057884216308594e+00
4.124825000762939453e+00
4.120604038238525391e+00
4.114875793457031250e+00
4.111567020416259766e+00
4.104205131530761719e+00
4.097041130065917969e+00
4.088943481445312500e+00
4.083111286163330078e+00
4.076243877410888672e+00
4.071500301361083984e+00
4.067230701446533203e+00
4.065061092376708984e+00
4.061390876770019531e+00
4.057901859283447266e+00
4.055136203765869141e+00
4.053495407104492188e+00
4.051283359527587891e+00
4.049364089965820312e+00
4.047423362731933594e+00
4.045948982238769531e+00
4.044091701507568359e+00
4.043098449707031250e+00
4.037227630615234375e+00
4.035779953002929688e+00
4.033303260803222656e+00
4.029311180114746094e+00
4.027007102966308594e+00
4.024376392364501953e+00
4.021162986755371094e+00
4.019882678985595703e+00
4.018461704254150391e+00
4.016937732696533203e+00
4.016103744506835938e+00
4.015278816223144531e+00
4.013900756835937500e+00
4.012557983398437500e+00
4.011896610260009766e+00
4.011298179626464844e+00
4.010101795196533203e+00
4.008268833160400391e+00
4.007912158966064453e+00
4.005419731140136719e+00
4.004265308380126953e+00
4.002637863159179688e+00
4.000273227691650391e+00
3.998221397399902344e+00
3.992157459259033203e+00
3.980811357498168945e+00
3.972532272338867188e+00
3.960721969604492188e+00
3.950677394866943359e+00
3.936427831649780273e+00
3.928817987442016602e+00
3.923688173294067383e+00
3.916671276092529297e+00
3.905941724777221680e+00
3.901448011398315430e+00
3.894581317901611328e+00
3.883951663970947266e+00
3.872629404067993164e+00
3.858519554138183594e+00
3.847863912582397461e+00
3.836390256881713867e+00
3.828078269958496094e+00
3.822481155395507812e+00
3.814109086990356445e+00
3.808131694793701172e+00
3.800053834915161133e+00
3.795577049255371094e+00
3.788441181182861328e+00
3.785586833953857422e+00
3.781716823577880859e+00
3.776903390884399414e+00
3.770504236221313477e+00
3.763825178146362305e+00
3.759515762329101562e+00
3.754485130310058594e+00
3.747829198837280273e+00
3.741179704666137695e+00
3.737369775772094727e+00
3.734613180160522461e+00
3.732375383377075195e+00
3.730787038803100586e+00
3.729281663894653320e+00
3.728116512298583984e+00
3.726713418960571289e+00
3.724965810775756836e+00
3.723011732101440430e+00
3.720978260040283203e+00
3.718402624130249023e+00
3.715798854827880859e+00
3.714650154113769531e+00
3.713011264801025391e+00
3.711524009704589844e+00
3.710091829299926758e+00
3.708945035934448242e+00
3.707953929901123047e+00
3.706978797912597656e+00
3.706035614013671875e+00
3.705406904220581055e+00
3.704705476760864258e+00
3.704083919525146484e+00
3.703104734420776367e+00
3.701192140579223633e+00
3.698889970779418945e+00
3.696334123611450195e+00
3.694348812103271484e+00
3.693055629730224609e+00
3.692264318466186523e+00
3.691083192825317383e+00
3.688803195953369141e+00
3.686506032943725586e+00
3.682761430740356445e+00
3.680601596832275391e+00
3.677746295928955078e+00
3.675261974334716797e+00
3.671311616897583008e+00
3.669612884521484375e+00
3.665534257888793945e+00
3.661312103271484375e+00
3.657267093658447266e+00
3.652728080749511719e+00
3.643295049667358398e+00
3.636021614074707031e+00
3.629253864288330078e+00
3.620721578598022461e+00
3.614187240600585938e+00
3.608289957046508789e+00
3.604062795639038086e+00
3.600191354751586914e+00
3.597833156585693359e+00
3.594774246215820312e+00
3.592120409011840820e+00
3.588496685028076172e+00
3.585359573364257812e+00
3.581355094909667969e+00
3.578707933425903320e+00
3.575760126113891602e+00
3.572344303131103516e+00
3.565494537353515625e+00
3.561142921447753906e+00
3.555519580841064453e+00
3.550780534744262695e+00
3.546928405761718750e+00
3.541869878768920898e+00
3.537771940231323242e+00
3.533233642578125000e+00
3.528497219085693359e+00
3.521595954895019531e+00
3.516492605209350586e+00
3.512348890304565430e+00
3.506998538970947266e+00
3.503644466400146484e+00
3.495969057083129883e+00
3.489021778106689453e+00
3.482466936111450195e+00
3.477186441421508789e+00
3.473710775375366211e+00
3.469759225845336914e+00
3.460733652114868164e+00
3.450895786285400391e+00
3.447191953659057617e+00
3.436650037765502930e+00
3.430631637573242188e+00
3.422863721847534180e+00
3.413148641586303711e+00
3.408652782440185547e+00
3.398088216781616211e+00
3.388740301132202148e+00
3.379604816436767578e+00
3.371713638305664062e+00
3.363614797592163086e+00
3.357851982116699219e+00
3.351573705673217773e+00
3.344596385955810547e+00
3.339572191238403320e+00
3.334547996520996094e+00
3.328917741775512695e+00
3.325263977050781250e+00
3.323126316070556641e+00
3.318538188934326172e+00
3.316415548324584961e+00
3.313462495803833008e+00
3.308770179748535156e+00
3.305164337158203125e+00
3.302795648574829102e+00
3.300998210906982422e+00
3.299973964691162109e+00
3.298359632492065430e+00
3.296766996383666992e+00
3.295168399810791016e+00
3.294618844985961914e+00
3.293370485305786133e+00
3.292559862136840820e+00
3.291649580001831055e+00
3.289876937866210938e+00
3.286237955093383789e+00
3.282231569290161133e+00
3.277361392974853516e+00
3.275849342346191406e+00
3.275087833404541016e+00
3.273117065429687500e+00
3.272581815719604492e+00
3.271599531173706055e+00
3.270601511001586914e+00
3.268692970275878906e+00
3.266372203826904297e+00
3.264430046081542969e+00
3.263492107391357422e+00
3.262653350830078125e+00
3.261957406997680664e+00
3.260447025299072266e+00
3.259582996368408203e+00
3.258599996566772461e+00
3.257970094680786133e+00
3.257475137710571289e+00
3.256756782531738281e+00
3.256121158599853516e+00
3.255529403686523438e+00
3.254835367202758789e+00
3.254062652587890625e+00
3.253179311752319336e+00
3.251443386077880859e+00
3.249596595764160156e+00
3.247689485549926758e+00
3.246379375457763672e+00
3.244812726974487305e+00
3.243872165679931641e+00
3.242112159729003906e+00
3.240322113037109375e+00
3.237377882003784180e+00
3.235172271728515625e+00
3.234251976013183594e+00
3.233388185501098633e+00
3.232967615127563477e+00
3.231598138809204102e+00
3.230388164520263672e+00
3.228532791137695312e+00
3.226053476333618164e+00
3.223246812820434570e+00
3.219483613967895508e+00
3.216996431350708008e+00
3.215269088745117188e+00
3.214169740676879883e+00
3.213495969772338867e+00
3.212999820709228516e+00
3.212408065795898438e+00
3.212000608444213867e+00
3.211588621139526367e+00
3.211355209350585938e+00
3.210947513580322266e+00
3.210367202758789062e+00
3.209640264511108398e+00
3.208675146102905273e+00
3.207408428192138672e+00
3.203653335571289062e+00
3.200260162353515625e+00
3.195677042007446289e+00
3.191851854324340820e+00
3.190290451049804688e+00
3.187483787536621094e+00
3.186283111572265625e+00
3.183065414428710938e+00
3.181357860565185547e+00
3.179997205734252930e+00
3.179426670074462891e+00
3.178091526031494141e+00
3.177520513534545898e+00
3.176903009414672852e+00
3.176519155502319336e+00
3.176252365112304688e+00
3.175853490829467773e+00
3.175681829452514648e+00
3.175545930862426758e+00
3.175117254257202148e+00
3.174844026565551758e+00
3.174394130706787109e+00
3.173725843429565430e+00
3.173316955566406250e+00
3.172777175903320312e+00
3.172078609466552734e+00
3.171542167663574219e+00
3.170898914337158203e+00
3.170373201370239258e+00
3.169700622558593750e+00
3.168876886367797852e+00
3.167849540710449219e+00
3.166175603866577148e+00
3.164556980133056641e+00
3.163234233856201172e+00
3.161786317825317383e+00
3.160197257995605469e+00
3.158741474151611328e+00
3.156789064407348633e+00
3.155145168304443359e+00
3.153922796249389648e+00
3.152482748031616211e+00
3.149831771850585938e+00
3.146573543548583984e+00
3.143157005310058594e+00
3.140412092208862305e+00
3.138907432556152344e+00
3.137893676757812500e+00
3.137021303176879883e+00
3.136304855346679688e+00
3.136029720306396484e+00
3.135067701339721680e+00
3.134555816650390625e+00
3.133876085281372070e+00
3.133185148239135742e+00
3.132519483566284180e+00
3.132156610488891602e+00
3.131744384765625000e+00
3.131064891815185547e+00
3.129976511001586914e+00
3.129350662231445312e+00
3.128502607345581055e+00
3.128067016601562500e+00
3.127457857131958008e+00
3.126880645751953125e+00
3.126435995101928711e+00
3.126055240631103516e+00
3.125680208206176758e+00
3.125257015228271484e+00
3.124720811843872070e+00
3.124293088912963867e+00
3.123842239379882812e+00
3.123341083526611328e+00
3.122921705245971680e+00
3.122147798538208008e+00
3.121555328369140625e+00
3.120867490768432617e+00
3.120625257492065430e+00
3.120239973068237305e+00
3.119738578796386719e+00
3.119083166122436523e+00
3.118315696716308594e+00
3.117476940155029297e+00
3.116443157196044922e+00
3.115030050277709961e+00
3.113637924194335938e+00
3.112382173538208008e+00
3.111714839935302734e+00
3.111323833465576172e+00
3.110825061798095703e+00
3.110558271408081055e+00
3.109579801559448242e+00
3.109221220016479492e+00
3.108799219131469727e+00
3.108569383621215820e+00
3.108369827270507812e+00
3.108212947845458984e+00
3.107953310012817383e+00
3.107565164566040039e+00
3.106751918792724609e+00
3.105668783187866211e+00
3.104551792144775391e+00
3.103919506072998047e+00
3.103339672088623047e+00
3.102205514907836914e+00
3.101086616516113281e+00
3.100223779678344727e+00
3.099511623382568359e+00
3.098911046981811523e+00
3.097926378250122070e+00
3.097452640533447266e+00
3.096283912658691406e+00
3.094920873641967773e+00
3.093039274215698242e+00
3.091702461242675781e+00
3.088503837585449219e+00
3.085498094558715820e+00
3.084070920944213867e+00
3.080578804016113281e+00
3.079521894454956055e+00
3.077574253082275391e+00
3.075837612152099609e+00
3.073670625686645508e+00
3.071631908416748047e+00
3.068949460983276367e+00
3.067200422286987305e+00
3.065120935440063477e+00
3.062045097351074219e+00
3.057604074478149414e+00
3.055917024612426758e+00
3.053306102752685547e+00
3.052361726760864258e+00
3.050728559494018555e+00
3.049614906311035156e+00
3.048677206039428711e+00
3.048284053802490234e+00
3.047839879989624023e+00
3.047141551971435547e+00
3.046669721603393555e+00
3.046250343322753906e+00
3.045840263366699219e+00
3.045370340347290039e+00
3.045287847518920898e+00
3.045077800750732422e+00
3.044868946075439453e+00
3.044597148895263672e+00
3.044067144393920898e+00
3.043160915374755859e+00
3.042396783828735352e+00
3.041602134704589844e+00
3.041241645812988281e+00
3.040943622589111328e+00
3.040712594985961914e+00
3.040373563766479492e+00
3.040052652359008789e+00
3.039835453033447266e+00
3.039311408996582031e+00
3.038908720016479492e+00
3.038439035415649414e+00
3.037965059280395508e+00
3.037421703338623047e+00
3.036803245544433594e+00
3.036503791809082031e+00
3.036146402359008789e+00
3.035791158676147461e+00
3.035452365875244141e+00
3.035104990005493164e+00
3.034745216369628906e+00
3.034424304962158203e+00
3.034200906753540039e+00
3.033691167831420898e+00
3.032881259918212891e+00
3.032388448715209961e+00
3.032142162322998047e+00
3.031724452972412109e+00
3.031498670578002930e+00
3.031182050704956055e+00
3.030255794525146484e+00
3.029290676116943359e+00
3.028068065643310547e+00
3.026524782180786133e+00
3.025753259658813477e+00
3.024995803833007812e+00
3.024305105209350586e+00
3.023736476898193359e+00
3.023519039154052734e+00
3.022987842559814453e+00
3.022282361984252930e+00
3.021893501281738281e+00
3.021375417709350586e+00
3.020717382431030273e+00
3.019700050354003906e+00
3.018393754959106445e+00
3.016596317291259766e+00
3.014206647872924805e+00
3.011907339096069336e+00
3.009409427642822266e+00
3.008530855178833008e+00
3.006827831268310547e+00
3.004981756210327148e+00
3.001353979110717773e+00
2.997431993484497070e+00
2.994197368621826172e+00
2.990608930587768555e+00
2.984454870223999023e+00
2.981586694717407227e+00
2.975685119628906250e+00
2.970895767211914062e+00
2.968300819396972656e+00
2.966408252716064453e+00
2.964377641677856445e+00
2.962212324142456055e+00
2.961098670959472656e+00
2.959896564483642578e+00
2.958032846450805664e+00
2.956225395202636719e+00
2.953758239746093750e+00
2.951941967010498047e+00
2.950174570083618164e+00
2.949237346649169922e+00
2.948253870010375977e+00
2.946878194808959961e+00
2.943785429000854492e+00
2.940327882766723633e+00
2.936526060104370117e+00
2.933979034423828125e+00
2.931312322616577148e+00
2.927863121032714844e+00
2.925004720687866211e+00
2.921261548995971680e+00
2.918984174728393555e+00
2.917227983474731445e+00
2.915629148483276367e+00
2.912944555282592773e+00
2.909587144851684570e+00
2.906206369400024414e+00
2.904765605926513672e+00
2.902521371841430664e+00
2.901702642440795898e+00
2.900674819946289062e+00
2.900047063827514648e+00
2.898869752883911133e+00
2.896170139312744141e+00
2.892900943756103516e+00
2.887171506881713867e+00
2.880105972290039062e+00
2.873082637786865234e+00
2.868680715560913086e+00
2.863604545593261719e+00
2.859287738800048828e+00
2.854147672653198242e+00
2.846074581146240234e+00
2.841501235961914062e+00
2.838116407394409180e+00
2.834283113479614258e+00
2.826495647430419922e+00
2.822307109832763672e+00
2.816411256790161133e+00
2.810757160186767578e+00
2.808314800262451172e+00
2.806369304656982422e+00
2.804731130599975586e+00
2.802426338195800781e+00
2.799767732620239258e+00
2.797534704208374023e+00
2.795053482055664062e+00
2.793279170989990234e+00
2.790893077850341797e+00
2.787447214126586914e+00
2.782887697219848633e+00
2.776400327682495117e+00
2.771242141723632812e+00
2.766859292984008789e+00
2.762249708175659180e+00
2.757480621337890625e+00
2.751678228378295898e+00
2.747360229492187500e+00
2.741621732711791992e+00
2.735552310943603516e+00
2.733845233917236328e+00
2.732450723648071289e+00
2.731292009353637695e+00
2.729379415512084961e+00
2.728260993957519531e+00
2.725918292999267578e+00
2.722262382507324219e+00
2.718653202056884766e+00
2.715839385986328125e+00
2.712618827819824219e+00
2.711114168167114258e+00
2.708201646804809570e+00
2.706059694290161133e+00
2.703426122665405273e+00
2.703014850616455078e+00
2.698834896087646484e+00
2.696568489074707031e+00
2.695353746414184570e+00
2.693913936614990234e+00
2.692379951477050781e+00
2.691196441650390625e+00
2.689618349075317383e+00
2.687546730041503906e+00
2.683905601501464844e+00
2.682286024093627930e+00
2.680652856826782227e+00
2.679702997207641602e+00
2.678137540817260742e+00
2.675782442092895508e+00
2.673553466796875000e+00
2.671069622039794922e+00
2.668667793273925781e+00
2.665992259979248047e+00
2.663626194000244141e+00
2.661842346191406250e+00
2.660887241363525391e+00
2.660093784332275391e+00
2.658905506134033203e+00
2.658273935317993164e+00
2.657154560089111328e+00
2.655980348587036133e+00
2.654027223587036133e+00
2.652449131011962891e+00
2.650269269943237305e+00
2.648802757263183594e+00
2.645915985107421875e+00
2.644272327423095703e+00
2.641932010650634766e+00
2.640464544296264648e+00
2.639034509658813477e+00
2.636332273483276367e+00
2.633767843246459961e+00
2.631932258605957031e+00
2.629374027252197266e+00
2.627522468566894531e+00
2.625749349594116211e+00
2.623698711395263672e+00
2.621031045913696289e+00
2.618833541870117188e+00
2.615804433822631836e+00
2.613588333129882812e+00
2.611976861953735352e+00
2.609533548355102539e+00
2.607420206069946289e+00
2.605010747909545898e+00
2.601542234420776367e+00
2.598824262619018555e+00
2.593319654464721680e+00
2.586476325988769531e+00
2.582880258560180664e+00
2.574989795684814453e+00
2.567413568496704102e+00
2.558189392089843750e+00
2.547165155410766602e+00
2.538416147232055664e+00
2.528295278549194336e+00
2.517541408538818359e+00
2.511476278305053711e+00
2.506983995437622070e+00
2.501727581024169922e+00
2.495887517929077148e+00
2.493271827697753906e+00
2.489133834838867188e+00
2.484221220016479492e+00
2.477954387664794922e+00
2.473371028900146484e+00
2.469455957412719727e+00
2.463620901107788086e+00
2.453089237213134766e+00
2.447044134140014648e+00
2.445469379425048828e+00
2.438926458358764648e+00
2.437920808792114258e+00
2.436255931854248047e+00
2.434992551803588867e+00
2.433653593063354492e+00
2.431530475616455078e+00
2.429846525192260742e+00
2.428190231323242188e+00
2.425249099731445312e+00
2.422478199005126953e+00
2.418111801147460938e+00
2.410335063934326172e+00
2.399972438812255859e+00
2.389878034591674805e+00
2.382938146591186523e+00
2.380689859390258789e+00
2.377204895019531250e+00
2.375564098358154297e+00
2.372794151306152344e+00
2.368188619613647461e+00
2.364344596862792969e+00
2.358820438385009766e+00
2.352040767669677734e+00
2.345726251602172852e+00
2.341373920440673828e+00
2.335796594619750977e+00
2.330739498138427734e+00
2.326850891113281250e+00
2.324083328247070312e+00
2.321615219116210938e+00
2.319792747497558594e+00
2.318321943283081055e+00
2.316138505935668945e+00
2.314066171646118164e+00
2.312318086624145508e+00
2.310691356658935547e+00
2.309020757675170898e+00
2.306257009506225586e+00
2.304717779159545898e+00
2.302258968353271484e+00
2.299448966979980469e+00
2.296901941299438477e+00
2.294632911682128906e+00
2.292761564254760742e+00
2.290475130081176758e+00
2.286890745162963867e+00
2.283896684646606445e+00
2.282593011856079102e+00
2.280176877975463867e+00
2.279142618179321289e+00
2.276748418807983398e+00
2.274088621139526367e+00
2.271262645721435547e+00
2.270334005355834961e+00
2.265897512435913086e+00
2.263460159301757812e+00
2.260223627090454102e+00
2.256312131881713867e+00
2.251822233200073242e+00
2.249082326889038086e+00
2.245666027069091797e+00
2.242797851562500000e+00
2.240658998489379883e+00
2.239770174026489258e+00
2.238702774047851562e+00
2.237909317016601562e+00
2.236891746520996094e+00
2.235865354537963867e+00
2.234980344772338867e+00
2.234084129333496094e+00
2.232658863067626953e+00
2.230019092559814453e+00
2.227235078811645508e+00
2.224506139755249023e+00
2.222888946533203125e+00
2.222441434860229492e+00
2.221964359283447266e+00
2.221630096435546875e+00
2.221202850341796875e+00
2.220429897308349609e+00
2.219543457031250000e+00
2.218431234359741211e+00
2.216995954513549805e+00
2.214926958084106445e+00
2.213067054748535156e+00
2.211378097534179688e+00
2.210100173950195312e+00
2.209093332290649414e+00
2.207642555236816406e+00
2.205919981002807617e+00
2.203996896743774414e+00
2.202129840850830078e+00
2.201007366180419922e+00
2.199992895126342773e+00
2.199382543563842773e+00
2.198568344116210938e+00
2.197926998138427734e+00
2.197593212127685547e+00
2.197355747222900391e+00
2.197160959243774414e+00
2.196971654891967773e+00
2.196764230728149414e+00
2.196258783340454102e+00
2.195295810699462891e+00
2.193889379501342773e+00
2.192506313323974609e+00
2.191371679306030273e+00
2.190541982650756836e+00
2.189946174621582031e+00
2.188960552215576172e+00
2.187336921691894531e+00
2.186080455780029297e+00
2.185364961624145508e+00
2.184329748153686523e+00
2.183474540710449219e+00
2.182500123977661133e+00
2.181844711303710938e+00
2.181501150131225586e+00
2.181192398071289062e+00
2.180696487426757812e+00
2.179955720901489258e+00
2.178706407546997070e+00
2.177419900894165039e+00
2.176736116409301758e+00
2.176150321960449219e+00
2.175491809844970703e+00
2.174301385879516602e+00
2.173229455947875977e+00
2.172840833663940430e+00
2.172423601150512695e+00
2.172308683395385742e+00
2.172142982482910156e+00
2.171974658966064453e+00
2.171619415283203125e+00
2.171152353286743164e+00
2.170842409133911133e+00
2.169813632965087891e+00
2.168827772140502930e+00
2.167485237121582031e+00
2.166208505630493164e+00
2.164977788925170898e+00
2.164823293685913086e+00
2.163255214691162109e+00
2.163094758987426758e+00
2.162807226181030273e+00
2.162626981735229492e+00
2.162523031234741211e+00
2.162256002426147461e+00
2.162091255187988281e+00
2.161840915679931641e+00
2.161436080932617188e+00
2.160808801651000977e+00
2.159703016281127930e+00
2.157712221145629883e+00
2.156382799148559570e+00
2.155179977416992188e+00
2.153599023818969727e+00
2.152580738067626953e+00
2.150815963745117188e+00
2.149012327194213867e+00
2.147836208343505859e+00
2.147243261337280273e+00
2.146183252334594727e+00
2.145467519760131836e+00
2.144736289978027344e+00
2.144085884094238281e+00
2.143577814102172852e+00
2.142850399017333984e+00
2.142518520355224609e+00
2.142189979553222656e+00
2.141914606094360352e+00
2.141642808914184570e+00
2.141291856765747070e+00
2.141125917434692383e+00
2.141038894653320312e+00
2.140917539596557617e+00
2.140822649002075195e+00
2.140775918960571289e+00
2.140652656555175781e+00
2.140645503997802734e+00
2.140641450881958008e+00
2.140636205673217773e+00
2.140607357025146484e+00
2.140496253967285156e+00
2.140454053878784180e+00
2.140437841415405273e+00
2.140354394912719727e+00
2.140321016311645508e+00
2.140309572219848633e+00
2.140258789062500000e+00
2.140258789062500000e+00
2.140258789062500000e+00
