6.076798339843750000e+03
6.070234375000000000e+03
6.066642578125000000e+03
6.056178222656250000e+03
6.040108886718750000e+03
6.016808593750000000e+03
5.988621582031250000e+03
5.966375000000000000e+03
5.971569335937500000e+03
5.991847167968750000e+03
5.982701171875000000e+03
5.965884277343750000e+03
5.960024414062500000e+03
5.963648437500000000e+03
5.968631347656250000e+03
5.970630859375000000e+03
5.969101562500000000e+03
5.964997070312500000e+03
5.959683593750000000e+03
5.955259277343750000e+03
5.954393066406250000e+03
5.956818359375000000e+03
5.958118652343750000e+03
5.956467773437500000e+03
5.953120605468750000e+03
5.950230468750000000e+03
5.949729003906250000e+03
5.950934082031250000e+03
5.951445312500000000e+03
5.950666503906250000e+03
5.949375976562500000e+03
5.947784179687500000e+03
5.946652343750000000e+03
5.947088867187500000e+03
5.947711914062500000e+03
5.946909179687500000e+03
5.945603027343750000e+03
5.944620605468750000e+03
5.944347656250000000e+03
5.944710449218750000e+03
5.944667968750000000e+03
5.944176269531250000e+03
5.943494628906250000e+03
5.942881835937500000e+03
5.942843261718750000e+03
5.942677246093750000e+03
5.942279296875000000e+03
5.941562500000000000e+03
5.941169433593750000e+03
5.940992675781250000e+03
5.940890136718750000e+03
5.940474121093750000e+03
5.939916015625000000e+03
5.939328125000000000e+03
5.938979492187500000e+03
5.938519531250000000e+03
5.937966796875000000e+03
5.937353515625000000e+03
5.936773925781250000e+03
5.936217773437500000e+03
5.935450683593750000e+03
5.934473144531250000e+03
5.933482910156250000e+03
5.932515136718750000e+03
5.931370605468750000e+03
5.930333984375000000e+03
5.930918945312500000e+03
5.935258789062500000e+03
5.933118652343750000e+03
5.923867675781250000e+03
5.928906738281250000e+03
5.924479492187500000e+03
5.919734375000000000e+03
5.923159667968750000e+03
5.915348632812500000e+03
5.915629394531250000e+03
5.914224121093750000e+03
5.907421386718750000e+03
5.908365234375000000e+03
5.904771484375000000e+03
5.897775878906250000e+03
5.896096679687500000e+03
5.892460449218750000e+03
5.881475097656250000e+03
5.866718750000000000e+03
5.851589843750000000e+03
5.836921875000000000e+03
5.828643066406250000e+03
5.818902832031250000e+03
5.765718750000000000e+03
5.738330078125000000e+03
5.736067871093750000e+03
5.698461425781250000e+03
5.646492675781250000e+03
5.642981445312500000e+03
5.630569824218750000e+03
5.635822753906250000e+03
5.592732421875000000e+03
5.580045410156250000e+03
5.556353515625000000e+03
5.560569824218750000e+03
5.532644531250000000e+03
5.521525878906250000e+03
5.496968261718750000e+03
5.485604003906250000e+03
5.432910644531250000e+03
5.405467773437500000e+03
5.370683593750000000e+03
5.374009765625000000e+03
5.365764648437500000e+03
5.390260253906250000e+03
5.383078613281250000e+03
5.351177734375000000e+03
5.299350097656250000e+03
5.292337402343750000e+03
5.315279785156250000e+03
5.271809570312500000e+03
5.253746582031250000e+03
5.233246093750000000e+03
5.254475097656250000e+03
5.220581054687500000e+03
5.200363769531250000e+03
5.155926269531250000e+03
5.148833496093750000e+03
5.145407714843750000e+03
5.150890136718750000e+03
5.166438476562500000e+03
5.165432617187500000e+03
5.165369140625000000e+03
5.112349609375000000e+03
5.098680664062500000e+03
5.090261230468750000e+03
5.123258789062500000e+03
5.140496093750000000e+03
5.108172851562500000e+03
5.082780273437500000e+03
5.066772460937500000e+03
5.090378906250000000e+03
5.071556152343750000e+03
5.044074707031250000e+03
5.039540527343750000e+03
5.034740722656250000e+03
5.046555175781250000e+03
5.030980468750000000e+03
5.009586914062500000e+03
5.006960449218750000e+03
4.998726562500000000e+03
5.011097656250000000e+03
4.993174316406250000e+03
4.982751953125000000e+03
4.966615234375000000e+03
4.948778808593750000e+03
4.942785644531250000e+03
4.932019531250000000e+03
4.927627929687500000e+03
4.935014648437500000e+03
4.956525878906250000e+03
5.020479980468750000e+03
5.032300292968750000e+03
4.913833007812500000e+03
4.808588378906250000e+03
4.807530761718750000e+03
4.812314453125000000e+03
4.757405761718750000e+03
4.632249511718750000e+03
4.577874511718750000e+03
4.542021484375000000e+03
4.413775878906250000e+03
4.333374511718750000e+03
4.271441894531250000e+03
4.235719238281250000e+03
4.261408203125000000e+03
4.251065429687500000e+03
4.245289062500000000e+03
4.228901855468750000e+03
4.134303710937500000e+03
4.070348144531250000e+03
4.042098144531250000e+03
4.037300781250000000e+03
4.018715820312500000e+03
3.968413330078125000e+03
3.977931640625000000e+03
4.100611328125000000e+03
4.291354003906250000e+03
4.231535156250000000e+03
3.977190429687500000e+03
3.915734375000000000e+03
4.104280273437500000e+03
3.916326660156250000e+03
3.832954345703125000e+03
3.948553466796875000e+03
3.810861816406250000e+03
3.810492919921875000e+03
3.834400878906250000e+03
3.720944091796875000e+03
3.765321289062500000e+03
3.733965576171875000e+03
3.675028320312500000e+03
3.704326171875000000e+03
3.638540527343750000e+03
3.599474609375000000e+03
3.596902587890625000e+03
3.585723144531250000e+03
3.580398437500000000e+03
3.560052490234375000e+03
3.537322509765625000e+03
3.500710937500000000e+03
3.446812500000000000e+03
3.348065917968750000e+03
3.272743408203125000e+03
3.164808837890625000e+03
3.047933105468750000e+03
2.926209472656250000e+03
2.869304443359375000e+03
2.835412597656250000e+03
2.799822998046875000e+03
2.765441406250000000e+03
2.717330566406250000e+03
2.652815429687500000e+03
2.468752441406250000e+03
2.332972656250000000e+03
2.163687011718750000e+03
2.112692138671875000e+03
2.052022216796875000e+03
1.991331298828125000e+03
1.930853149414062500e+03
1.836977905273437500e+03
1.762481689453125000e+03
1.689323486328125000e+03
1.655271362304687500e+03
1.629821044921875000e+03
1.577338867187500000e+03
1.522488525390625000e+03
1.456198242187500000e+03
1.416473510742187500e+03
1.377752197265625000e+03
1.337234741210937500e+03
1.280244506835937500e+03
1.238607788085937500e+03
1.211099243164062500e+03
1.159687500000000000e+03
1.067453125000000000e+03
9.923969726562500000e+02
9.277531738281250000e+02
8.998284301757812500e+02
8.702735595703125000e+02
8.361007690429687500e+02
7.658313598632812500e+02
7.277554321289062500e+02
6.560424194335937500e+02
6.248100585937500000e+02
5.946475219726562500e+02
5.591098022460937500e+02
5.009823913574218750e+02
4.593990173339843750e+02
4.353252258300781250e+02
4.218569641113281250e+02
4.130758972167968750e+02
4.071354370117187500e+02
4.019949645996093750e+02
3.960112915039062500e+02
3.877106933593750000e+02
3.801836547851562500e+02
3.747174682617187500e+02
3.700477905273437500e+02
3.643945617675781250e+02
3.556098937988281250e+02
3.416507263183593750e+02
3.303634643554687500e+02
3.188035278320312500e+02
3.116260070800781250e+02
3.054685668945312500e+02
3.027049865722656250e+02
3.005875549316406250e+02
2.987987976074218750e+02
2.965174560546875000e+02
2.931527099609375000e+02
2.886534423828125000e+02
2.849528198242187500e+02
2.819442138671875000e+02
2.793086242675781250e+02
2.773330688476562500e+02
2.742419433593750000e+02
2.708201599121093750e+02
2.669119262695312500e+02
2.615474243164062500e+02
2.566077575683593750e+02
2.513924560546875000e+02
2.481195678710937500e+02
2.450497589111328125e+02
2.437954254150390625e+02
2.414423980712890625e+02
2.389772949218750000e+02
2.362247314453125000e+02
2.326529083251953125e+02
2.315076141357421875e+02
2.295859222412109375e+02
2.288236999511718750e+02
2.279637451171875000e+02
2.261049346923828125e+02
2.246511535644531250e+02
2.229395751953125000e+02
2.214414825439453125e+02
2.202525634765625000e+02
2.188997497558593750e+02
2.169684753417968750e+02
2.147711639404296875e+02
2.121171569824218750e+02
2.097925567626953125e+02
2.069293670654296875e+02
2.037028961181640625e+02
2.013836669921875000e+02
1.998657836914062500e+02
1.991797332763671875e+02
1.987167510986328125e+02
1.982490539550781250e+02
1.975749359130859375e+02
1.958557739257812500e+02
1.931214294433593750e+02
1.899752502441406250e+02
1.875676269531250000e+02
1.863796539306640625e+02
1.855110168457031250e+02
1.831277770996093750e+02
1.803582000732421875e+02
1.775995483398437500e+02
1.759640808105468750e+02
1.749400634765625000e+02
1.739054870605468750e+02
1.723844909667968750e+02
1.698406219482421875e+02
1.677491760253906250e+02
1.661841430664062500e+02
1.654033355712890625e+02
1.648502655029296875e+02
1.637972106933593750e+02
1.607282409667968750e+02
1.580242309570312500e+02
1.551265411376953125e+02
1.533381195068359375e+02
1.514114379882812500e+02
1.503510131835937500e+02
1.494328613281250000e+02
1.483191375732421875e+02
1.468625335693359375e+02
1.453958892822265625e+02
1.441151733398437500e+02
1.427954559326171875e+02
1.419194641113281250e+02
1.412042541503906250e+02
1.404634094238281250e+02
1.397219085693359375e+02
1.388524475097656250e+02
1.376167907714843750e+02
1.362982940673828125e+02
1.350806579589843750e+02
1.323042449951171875e+02
1.287172698974609375e+02
1.258891601562500000e+02
1.247995758056640625e+02
1.239757690429687500e+02
1.233578033447265625e+02
1.223001327514648438e+02
1.211414794921875000e+02
1.200058746337890625e+02
1.192565765380859375e+02
1.185701446533203125e+02
1.176538848876953125e+02
1.169704208374023438e+02
1.161486129760742188e+02
1.149311218261718750e+02
1.139992141723632812e+02
1.135054473876953125e+02
1.131982727050781250e+02
1.129450531005859375e+02
1.121926193237304688e+02
1.112478027343750000e+02
1.105052490234375000e+02
1.095780715942382812e+02
1.085122528076171875e+02
1.073778228759765625e+02
1.064552459716796875e+02
1.055599212646484375e+02
1.040036010742187500e+02
1.028898696899414062e+02
1.021321792602539062e+02
1.015778503417968750e+02
1.010056152343750000e+02
1.000200653076171875e+02
9.940122985839843750e+01
9.891252136230468750e+01
9.843981170654296875e+01
9.779884338378906250e+01
9.698825836181640625e+01
9.619548797607421875e+01
9.559540557861328125e+01
9.468332672119140625e+01
9.369313049316406250e+01
9.299258422851562500e+01
9.251655578613281250e+01
9.231810760498046875e+01
9.213812255859375000e+01
9.197238159179687500e+01
9.149163818359375000e+01
9.092086791992187500e+01
9.009875488281250000e+01
8.931043243408203125e+01
8.852451324462890625e+01
8.834709167480468750e+01
8.733283996582031250e+01
8.688154602050781250e+01
8.640126037597656250e+01
8.613536834716796875e+01
8.593179321289062500e+01
8.568017578125000000e+01
8.527160644531250000e+01
8.498100280761718750e+01
8.456649780273437500e+01
8.405387878417968750e+01
8.352488708496093750e+01
8.263652038574218750e+01
8.167365264892578125e+01
8.097547912597656250e+01
8.039487457275390625e+01
8.011091613769531250e+01
7.993224334716796875e+01
7.978469848632812500e+01
7.953631591796875000e+01
7.919780731201171875e+01
7.894857025146484375e+01
7.870164489746093750e+01
7.842038726806640625e+01
7.808234405517578125e+01
7.752480316162109375e+01
7.737605285644531250e+01
7.694239807128906250e+01
7.683535766601562500e+01
7.673760986328125000e+01
7.658428955078125000e+01
7.628289794921875000e+01
7.593811035156250000e+01
7.542309570312500000e+01
7.510569763183593750e+01
7.487998962402343750e+01
7.469789123535156250e+01
7.454254150390625000e+01
7.432153320312500000e+01
7.428233337402343750e+01
7.393136596679687500e+01
7.382004547119140625e+01
7.364028930664062500e+01
7.335877227783203125e+01
7.311784362792968750e+01
7.298228454589843750e+01
7.281194305419921875e+01
7.269161987304687500e+01
7.259570312500000000e+01
7.248877716064453125e+01
7.232925415039062500e+01
7.215025329589843750e+01
7.201345062255859375e+01
7.182881164550781250e+01
7.160234832763671875e+01
7.124630737304687500e+01
7.105036163330078125e+01
7.073802185058593750e+01
7.045365905761718750e+01
7.021481323242187500e+01
6.976060485839843750e+01
6.934555053710937500e+01
6.917551422119140625e+01
6.884486389160156250e+01
6.862918090820312500e+01
6.831875610351562500e+01
6.768042755126953125e+01
6.721798706054687500e+01
6.656671142578125000e+01
6.624569702148437500e+01
6.594266510009765625e+01
6.545114898681640625e+01
6.493287658691406250e+01
6.440995025634765625e+01
6.403238677978515625e+01
6.383150482177734375e+01
6.363781356811523438e+01
6.349145507812500000e+01
6.325413894653320312e+01
6.302655029296875000e+01
6.283974075317382812e+01
6.263498687744140625e+01
6.246385955810546875e+01
6.227178573608398438e+01
6.193222808837890625e+01
6.124722671508789062e+01
6.070548248291015625e+01
6.017695617675781250e+01
5.995444107055664062e+01
5.955938339233398438e+01
5.924962234497070312e+01
5.887409210205078125e+01
5.849782562255859375e+01
5.810194396972656250e+01
5.787844467163085938e+01
5.773120117187500000e+01
5.751121902465820312e+01
5.732468032836914062e+01
5.701937103271484375e+01
5.694165420532226562e+01
5.644898223876953125e+01
5.627110290527343750e+01
5.586760711669921875e+01
5.558545684814453125e+01
5.542675781250000000e+01
5.526947021484375000e+01
5.504010009765625000e+01
5.483350372314453125e+01
5.459864044189453125e+01
5.438334655761718750e+01
5.417600250244140625e+01
5.388502120971679688e+01
5.323229217529296875e+01
5.265200042724609375e+01
5.224516296386718750e+01
5.198198699951171875e+01
5.168003082275390625e+01
5.142572784423828125e+01
5.112825775146484375e+01
5.099343109130859375e+01
5.070862960815429688e+01
5.059563446044921875e+01
5.038105010986328125e+01
5.005407333374023438e+01
4.970379638671875000e+01
4.954685211181640625e+01
4.898708343505859375e+01
4.866165161132812500e+01
4.825705718994140625e+01
4.781034851074218750e+01
4.760619354248046875e+01
4.736957931518554688e+01
4.721639633178710938e+01
4.707260131835937500e+01
4.692991256713867188e+01
4.670294189453125000e+01
4.636330795288085938e+01
4.593109893798828125e+01
4.563678359985351562e+01
4.548567962646484375e+01
4.523174667358398438e+01
4.508341979980468750e+01
4.486306381225585938e+01
4.471360778808593750e+01
4.461121749877929688e+01
4.448386001586914062e+01
4.426068115234375000e+01
4.406791305541992188e+01
4.389211654663085938e+01
4.377245712280273438e+01
4.356978988647460938e+01
4.335330963134765625e+01
4.307870483398437500e+01
4.254485321044921875e+01
4.230521392822265625e+01
4.208953857421875000e+01
4.189629364013671875e+01
4.163472366333007812e+01
4.150240707397460938e+01
4.120552825927734375e+01
4.101277923583984375e+01
4.077086639404296875e+01
4.055000305175781250e+01
4.034787368774414062e+01
4.020149230957031250e+01
4.012975311279296875e+01
4.004283523559570312e+01
3.994775772094726562e+01
3.988766860961914062e+01
3.979647445678710938e+01
3.975260162353515625e+01
3.965582275390625000e+01
3.954121017456054688e+01
3.944854736328125000e+01
3.931587219238281250e+01
3.908696365356445312e+01
3.886194229125976562e+01
3.863929748535156250e+01
3.845802307128906250e+01
3.812616348266601562e+01
3.783517456054687500e+01
3.737165451049804688e+01
3.694393539428710938e+01
3.671060562133789062e+01
3.644263458251953125e+01
3.629811477661132812e+01
3.616681671142578125e+01
3.607058715820312500e+01
3.601236724853515625e+01
3.594210815429687500e+01
3.585895538330078125e+01
3.579067230224609375e+01
3.571008300781250000e+01
3.556510543823242188e+01
3.546748352050781250e+01
3.529188537597656250e+01
3.518711090087890625e+01
3.503456497192382812e+01
3.479072952270507812e+01
3.455300140380859375e+01
3.423582839965820312e+01
3.395899200439453125e+01
3.376885986328125000e+01
3.357938766479492188e+01
3.344731903076171875e+01
3.333676910400390625e+01
3.325104904174804688e+01
3.310020828247070312e+01
3.298179626464843750e+01
3.285058212280273438e+01
3.268289947509765625e+01
3.261714935302734375e+01
3.250502777099609375e+01
3.247084808349609375e+01
3.242096328735351562e+01
3.232554626464843750e+01
3.219556808471679688e+01
3.206898880004882812e+01
3.196446609497070312e+01
3.189450454711914062e+01
3.184244728088378906e+01
3.178380393981933594e+01
3.168939208984375000e+01
3.157030677795410156e+01
3.141414642333984375e+01
3.122173309326171875e+01
3.100024032592773438e+01
3.084557533264160156e+01
3.072974967956542969e+01
3.061820220947265625e+01
3.050638580322265625e+01
3.037877655029296875e+01
3.031705474853515625e+01
3.020351409912109375e+01
3.003797149658203125e+01
2.997362709045410156e+01
2.988689994812011719e+01
2.976304626464843750e+01
2.969383621215820312e+01
2.959291648864746094e+01
2.946748924255371094e+01
2.933831024169921875e+01
2.920574188232421875e+01
2.908263397216796875e+01
2.894513320922851562e+01
2.884151458740234375e+01
2.872924423217773438e+01
2.864481735229492188e+01
2.852036285400390625e+01
2.842465591430664062e+01
2.832702064514160156e+01
2.822648811340332031e+01
2.813379669189453125e+01
2.797296905517578125e+01
2.786008453369140625e+01
2.767396354675292969e+01
2.759522438049316406e+01
2.752378463745117188e+01
2.743571662902832031e+01
2.736920356750488281e+01
2.723757553100585938e+01
2.701101303100585938e+01
2.687275695800781250e+01
2.666779899597167969e+01
2.653814506530761719e+01
2.647143554687500000e+01
2.642125701904296875e+01
2.633660507202148438e+01
2.621444129943847656e+01
2.606792068481445312e+01
2.583280563354492188e+01
2.573156929016113281e+01
2.560511970520019531e+01
2.554653167724609375e+01
2.545669555664062500e+01
2.536244392395019531e+01
2.526203536987304688e+01
2.504642677307128906e+01
2.486171150207519531e+01
2.474395751953125000e+01
2.460225296020507812e+01
2.447611618041992188e+01
2.439016723632812500e+01
2.436349678039550781e+01
2.430869293212890625e+01
2.426783180236816406e+01
2.422352409362792969e+01
2.416179656982421875e+01
2.410549736022949219e+01
2.405964279174804688e+01
2.402165794372558594e+01
2.397416877746582031e+01
2.391483116149902344e+01
2.384567642211914062e+01
2.378141975402832031e+01
2.371299743652343750e+01
2.364474487304687500e+01
2.358973693847656250e+01
2.351560401916503906e+01
2.342545700073242188e+01
2.323481750488281250e+01
2.311139106750488281e+01
2.303602027893066406e+01
2.293575096130371094e+01
2.288203048706054688e+01
2.280499649047851562e+01
2.264375495910644531e+01
2.251919746398925781e+01
2.245666885375976562e+01
2.242719841003417969e+01
2.235953903198242188e+01
2.232274055480957031e+01
2.223126983642578125e+01
2.220577621459960938e+01
2.204261970520019531e+01
2.193792152404785156e+01
2.177140426635742188e+01
2.160697174072265625e+01
2.139850616455078125e+01
2.123329544067382812e+01
2.109383392333984375e+01
2.097329330444335938e+01
2.086905479431152344e+01
2.078958702087402344e+01
2.075087356567382812e+01
2.072309684753417969e+01
2.070746040344238281e+01
2.066995239257812500e+01
2.061960601806640625e+01
2.054222869873046875e+01
2.050016021728515625e+01
2.041816711425781250e+01
2.032538223266601562e+01
2.023244667053222656e+01
2.012986564636230469e+01
1.997258949279785156e+01
1.984482955932617188e+01
1.977705764770507812e+01
1.973323822021484375e+01
1.968321037292480469e+01
1.960586929321289062e+01
1.952942657470703125e+01
1.947232818603515625e+01
1.940537261962890625e+01
1.937243652343750000e+01
1.931084060668945312e+01
1.923499298095703125e+01
1.915899276733398438e+01
1.912050247192382812e+01
1.904691696166992188e+01
1.895734786987304688e+01
1.890097427368164062e+01
1.884042549133300781e+01
1.881396675109863281e+01
1.879140663146972656e+01
1.877677154541015625e+01
1.875873184204101562e+01
1.874212074279785156e+01
1.871486663818359375e+01
1.866848754882812500e+01
1.863298797607421875e+01
1.859868049621582031e+01
1.856362724304199219e+01
1.853252220153808594e+01
1.849388504028320312e+01
1.844738769531250000e+01
1.839136505126953125e+01
1.832010078430175781e+01
1.824591445922851562e+01
1.816307258605957031e+01
1.807469558715820312e+01
1.798570632934570312e+01
1.790796470642089844e+01
1.784146881103515625e+01
1.779161834716796875e+01
1.774766349792480469e+01
1.770565032958984375e+01
1.762286949157714844e+01
1.756717109680175781e+01
1.750800704956054688e+01
1.745747566223144531e+01
1.739126014709472656e+01
1.727759170532226562e+01
1.713382339477539062e+01
1.696511268615722656e+01
1.681617736816406250e+01
1.670661544799804688e+01
1.666526412963867188e+01
1.661937904357910156e+01
1.657308197021484375e+01
1.653200149536132812e+01
1.649242401123046875e+01
1.642945098876953125e+01
1.635395812988281250e+01
1.629101181030273438e+01
1.623220634460449219e+01
1.617497825622558594e+01
1.611684226989746094e+01
1.605795288085937500e+01
1.601668357849121094e+01
1.598020362854003906e+01
1.591511249542236328e+01
1.583635139465332031e+01
1.569800853729248047e+01
1.563928699493408203e+01
1.550468635559082031e+01
1.541313934326171875e+01
1.534098052978515625e+01
1.529382419586181641e+01
1.525156974792480469e+01
1.519132232666015625e+01
1.507958126068115234e+01
1.495124053955078125e+01
1.491189193725585938e+01
1.471822071075439453e+01
1.466815090179443359e+01
1.461295795440673828e+01
1.456124305725097656e+01
1.449391555786132812e+01
1.443903732299804688e+01
1.436623573303222656e+01
1.429455471038818359e+01
1.422679138183593750e+01
1.418497371673583984e+01
1.416501808166503906e+01
1.414584922790527344e+01
1.411441993713378906e+01
1.408087730407714844e+01
1.403157806396484375e+01
1.399327754974365234e+01
1.394771289825439453e+01
1.388407707214355469e+01
1.384232330322265625e+01
1.375975131988525391e+01
1.368522453308105469e+01
1.358541488647460938e+01
1.346894359588623047e+01
1.332786560058593750e+01
1.323754405975341797e+01
1.317510700225830078e+01
1.300605106353759766e+01
1.291314506530761719e+01
1.284427928924560547e+01
1.282750701904296875e+01
1.279080677032470703e+01
1.271445941925048828e+01
1.266206550598144531e+01
1.247877216339111328e+01
1.235708618164062500e+01
1.230696296691894531e+01
1.227713584899902344e+01
1.220364761352539062e+01
1.215196323394775391e+01
1.209837722778320312e+01
1.202727985382080078e+01
1.195777893066406250e+01
1.189871311187744141e+01
1.186407470703125000e+01
1.184123229980468750e+01
1.181826877593994141e+01
1.177963829040527344e+01
1.175699710845947266e+01
1.173493671417236328e+01
1.172089958190917969e+01
1.170335388183593750e+01
1.167220687866210938e+01
1.165246582031250000e+01
1.161975955963134766e+01
1.158831977844238281e+01
1.156210041046142578e+01
1.154139900207519531e+01
1.151631832122802734e+01
1.148330593109130859e+01
1.146275043487548828e+01
1.143237304687500000e+01
1.138111591339111328e+01
1.135379219055175781e+01
1.130209064483642578e+01
1.129013347625732422e+01
1.126663780212402344e+01
1.124782752990722656e+01
1.123339843750000000e+01
1.121123600006103516e+01
1.119414520263671875e+01
1.118113517761230469e+01
1.116658115386962891e+01
1.114741802215576172e+01
1.112779617309570312e+01
1.111553001403808594e+01
1.110550117492675781e+01
1.108882236480712891e+01
1.106723690032958984e+01
1.105040931701660156e+01
1.103248786926269531e+01
1.100166416168212891e+01
1.096768569946289062e+01
1.094076442718505859e+01
1.091998004913330078e+01
1.089891529083251953e+01
1.087197017669677734e+01
1.083741950988769531e+01
1.080356407165527344e+01
1.077777004241943359e+01
1.074682140350341797e+01
1.072536182403564453e+01
1.068409824371337891e+01
1.066401290893554688e+01
1.064116096496582031e+01
1.061168193817138672e+01
1.057281589508056641e+01
1.049667072296142578e+01
1.045156383514404297e+01
1.040566921234130859e+01
1.037292575836181641e+01
1.033484268188476562e+01
1.031348991394042969e+01
1.027894687652587891e+01
1.022482299804687500e+01
1.018421840667724609e+01
1.015101242065429688e+01
1.012000465393066406e+01
1.007422161102294922e+01
1.004539394378662109e+01
1.000418663024902344e+01
9.978834152221679688e+00
9.954206466674804688e+00
9.928138732910156250e+00
9.901630401611328125e+00
9.857520103454589844e+00
9.809214591979980469e+00
9.757910728454589844e+00
9.701469421386718750e+00
9.668195724487304688e+00
9.645100593566894531e+00
9.618785858154296875e+00
9.588409423828125000e+00
9.553070068359375000e+00
9.507590293884277344e+00
9.489994049072265625e+00
9.438929557800292969e+00
9.408235549926757812e+00
9.376700401306152344e+00
9.337772369384765625e+00
9.289496421813964844e+00
9.267659187316894531e+00
9.209095001220703125e+00
9.169515609741210938e+00
9.111756324768066406e+00
9.073249816894531250e+00
9.031514167785644531e+00
9.012104034423828125e+00
9.004099845886230469e+00
8.996640205383300781e+00
8.988197326660156250e+00
8.981631278991699219e+00
8.977896690368652344e+00
8.975020408630371094e+00
8.969936370849609375e+00
8.961426734924316406e+00
8.951169967651367188e+00
8.941048622131347656e+00
8.927805900573730469e+00
8.904736518859863281e+00
8.887121200561523438e+00
8.856747627258300781e+00
8.811788558959960938e+00
8.780976295471191406e+00
8.743966102600097656e+00
8.721152305603027344e+00
8.703041076660156250e+00
8.693284988403320312e+00
8.685390472412109375e+00
8.678953170776367188e+00
8.666985511779785156e+00
8.656185150146484375e+00
8.647282600402832031e+00
8.635529518127441406e+00
8.619081497192382812e+00
8.600751876831054688e+00
8.582532882690429688e+00
8.569885253906250000e+00
8.543469429016113281e+00
8.514389038085937500e+00
8.480690002441406250e+00
8.416543960571289062e+00
8.362286567687988281e+00
8.302752494812011719e+00
8.235132217407226562e+00
8.183377265930175781e+00
8.151401519775390625e+00
8.126121520996093750e+00
8.107348442077636719e+00
8.085108757019042969e+00
8.049216270446777344e+00
8.033954620361328125e+00
8.011877059936523438e+00
7.994350433349609375e+00
7.978878021240234375e+00
7.968773841857910156e+00
7.962038993835449219e+00
7.954669952392578125e+00
7.944362163543701172e+00
7.928443908691406250e+00
7.918243885040283203e+00
7.900093078613281250e+00
7.886759281158447266e+00
7.868263244628906250e+00
7.860436439514160156e+00
7.845831871032714844e+00
7.812688827514648438e+00
7.797107696533203125e+00
7.791759490966796875e+00
7.780802249908447266e+00
7.767968177795410156e+00
7.751165390014648438e+00
7.726469516754150391e+00
7.695127487182617188e+00
7.652630329132080078e+00
7.630280971527099609e+00
7.611677169799804688e+00
7.586865901947021484e+00
7.561958789825439453e+00
7.504172325134277344e+00
7.468008995056152344e+00
7.424803256988525391e+00
7.396279335021972656e+00
7.355087757110595703e+00
7.309330940246582031e+00
7.255298137664794922e+00
7.204400062561035156e+00
7.134676933288574219e+00
7.065516471862792969e+00
7.007968425750732422e+00
6.975964546203613281e+00
6.944725036621093750e+00
6.911156177520751953e+00
6.884099006652832031e+00
6.857494354248046875e+00
6.815679550170898438e+00
6.789797306060791016e+00
6.764568805694580078e+00
6.746845245361328125e+00
6.736434459686279297e+00
6.720372200012207031e+00
6.697430133819580078e+00
6.684767723083496094e+00
6.669039726257324219e+00
6.656317710876464844e+00
6.634045600891113281e+00
6.613247871398925781e+00
6.585812568664550781e+00
6.552257061004638672e+00
6.516993522644042969e+00
6.489560604095458984e+00
6.449896812438964844e+00
6.407631874084472656e+00
6.381900310516357422e+00
6.353145122528076172e+00
6.324433326721191406e+00
6.293480873107910156e+00
6.254379272460937500e+00
6.214048385620117188e+00
6.183965682983398438e+00
6.168541908264160156e+00
6.149086475372314453e+00
6.131633281707763672e+00
6.122304916381835938e+00
6.111868381500244141e+00
6.097363471984863281e+00
6.075003623962402344e+00
6.063490867614746094e+00
6.053968429565429688e+00
6.041900634765625000e+00
6.026176452636718750e+00
6.001487731933593750e+00
5.978972911834716797e+00
5.948312759399414062e+00
5.923760414123535156e+00
5.896762371063232422e+00
5.870499134063720703e+00
5.845457077026367188e+00
5.809661865234375000e+00
5.756040573120117188e+00
5.692330360412597656e+00
5.642093658447265625e+00
5.617143630981445312e+00
5.600548744201660156e+00
5.590773105621337891e+00
5.582414150238037109e+00
5.568340301513671875e+00
5.551982402801513672e+00
5.523876667022705078e+00
5.489503383636474609e+00
5.450612068176269531e+00
5.417989253997802734e+00
5.377189636230468750e+00
5.353947639465332031e+00
5.330675601959228516e+00
5.315225601196289062e+00
5.299850940704345703e+00
5.288411617279052734e+00
5.270953178405761719e+00
5.249216556549072266e+00
5.233518123626708984e+00
5.210213184356689453e+00
5.193559169769287109e+00
5.167406082153320312e+00
5.142281055450439453e+00
5.115012168884277344e+00
5.079934597015380859e+00
5.048659324645996094e+00
5.028081417083740234e+00
5.007328033447265625e+00
4.985240936279296875e+00
4.972430706024169922e+00
4.961934566497802734e+00
4.952083587646484375e+00
4.942579746246337891e+00
4.925001621246337891e+00
4.893107414245605469e+00
4.859418392181396484e+00
4.823597908020019531e+00
4.790817260742187500e+00
4.780411720275878906e+00
4.760431289672851562e+00
4.744884967803955078e+00
4.724820613861083984e+00
4.707275390625000000e+00
4.695451736450195312e+00
4.681435108184814453e+00
4.667768001556396484e+00
4.660932540893554688e+00
4.649862766265869141e+00
4.634409904479980469e+00
4.626844882965087891e+00
4.617631435394287109e+00
4.601311206817626953e+00
4.594611167907714844e+00
4.583738803863525391e+00
4.575952529907226562e+00
4.564750671386718750e+00
4.546831607818603516e+00
4.534896850585937500e+00
4.522476196289062500e+00
4.513656616210937500e+00
4.504145145416259766e+00
4.496034622192382812e+00
4.483954906463623047e+00
4.471998214721679688e+00
4.454431056976318359e+00
4.444244384765625000e+00
4.429311752319335938e+00
4.409846782684326172e+00
4.404088973999023438e+00
4.382431030273437500e+00
4.362205028533935547e+00
4.328527450561523438e+00
4.301304817199707031e+00
4.280482769012451172e+00
4.267901897430419922e+00
4.257455825805664062e+00
4.248155593872070312e+00
4.234980583190917969e+00
4.219110488891601562e+00
4.200890541076660156e+00
4.192237854003906250e+00
4.180408954620361328e+00
4.165879249572753906e+00
4.152241230010986328e+00
4.132835865020751953e+00
4.112086296081542969e+00
4.084897994995117188e+00
4.065465927124023438e+00
4.055543422698974609e+00
4.044473648071289062e+00
4.035729885101318359e+00
4.021221637725830078e+00
4.011922359466552734e+00
3.999174118041992188e+00
3.983669281005859375e+00
3.965256690979003906e+00
3.944476127624511719e+00
3.931727886199951172e+00
3.916635513305664062e+00
3.906837701797485352e+00
3.895173311233520508e+00
3.878738880157470703e+00
3.864867210388183594e+00
3.853056669235229492e+00
3.844314575195312500e+00
3.837110996246337891e+00
3.827828407287597656e+00
3.808654785156250000e+00
3.796222209930419922e+00
3.780573844909667969e+00
3.765879631042480469e+00
3.751777648925781250e+00
3.740184783935546875e+00
3.732365131378173828e+00
3.723703861236572266e+00
3.714740276336669922e+00
3.706553936004638672e+00
3.699503898620605469e+00
3.693929672241210938e+00
3.685116529464721680e+00
3.677674770355224609e+00
3.667558193206787109e+00
3.661212682723999023e+00
3.653565406799316406e+00
3.645810842514038086e+00
3.635930776596069336e+00
3.625381708145141602e+00
3.615793943405151367e+00
3.607847452163696289e+00
3.603306293487548828e+00
3.599655866622924805e+00
3.593645572662353516e+00
3.590703487396240234e+00
3.586854219436645508e+00
3.583449840545654297e+00
3.577943801879882812e+00
3.571336269378662109e+00
3.564580917358398438e+00
3.559481143951416016e+00
3.555807352066040039e+00
3.553216218948364258e+00
3.550271511077880859e+00
3.547218799591064453e+00
3.541215181350708008e+00
3.533962488174438477e+00
3.525647640228271484e+00
3.516587495803833008e+00
3.509255886077880859e+00
3.499506473541259766e+00
3.493127822875976562e+00
3.488894939422607422e+00
3.484192371368408203e+00
3.476920127868652344e+00
3.469459533691406250e+00
3.462820291519165039e+00
3.457050800323486328e+00
3.449780941009521484e+00
3.439296245574951172e+00
3.426496505737304688e+00
3.418493032455444336e+00
3.409777641296386719e+00
3.402902364730834961e+00
3.400013446807861328e+00
3.391995191574096680e+00
3.385923385620117188e+00
3.378995895385742188e+00
3.375622034072875977e+00
3.368001461029052734e+00
3.365006208419799805e+00
3.359741926193237305e+00
3.350860118865966797e+00
3.349169969558715820e+00
3.340516567230224609e+00
3.334009885787963867e+00
3.329602718353271484e+00
3.323743581771850586e+00
3.316743612289428711e+00
3.306361913681030273e+00
3.297310113906860352e+00
3.290344953536987305e+00
3.281832456588745117e+00
3.272909164428710938e+00
3.262897729873657227e+00
3.232596158981323242e+00
3.226999998092651367e+00
3.212297201156616211e+00
3.186663150787353516e+00
3.170235395431518555e+00
3.160201549530029297e+00
3.152746200561523438e+00
3.144934415817260742e+00
3.136643409729003906e+00
3.124113082885742188e+00
3.119145154953002930e+00
3.108721256256103516e+00
3.099987030029296875e+00
3.091107845306396484e+00
3.079406261444091797e+00
3.069355964660644531e+00
3.060222148895263672e+00
3.049337863922119141e+00
3.037447214126586914e+00
3.029410123825073242e+00
3.022614240646362305e+00
3.016639232635498047e+00
3.010845661163330078e+00
3.003799915313720703e+00
2.997807025909423828e+00
2.982534646987915039e+00
2.973983287811279297e+00
2.969814300537109375e+00
2.965983629226684570e+00
2.962032556533813477e+00
2.958258867263793945e+00
2.954559803009033203e+00
2.951946020126342773e+00
2.948169708251953125e+00
2.942890644073486328e+00
2.940131187438964844e+00
2.935521602630615234e+00
2.932144403457641602e+00
2.925867557525634766e+00
2.919671297073364258e+00
2.913551092147827148e+00
2.910317897796630859e+00
2.907806158065795898e+00
2.902698755264282227e+00
2.899397611618041992e+00
2.895559310913085938e+00
2.891449689865112305e+00
2.887577295303344727e+00
2.883439779281616211e+00
2.877753734588623047e+00
2.874198198318481445e+00
2.870857715606689453e+00
2.868108034133911133e+00
2.865579128265380859e+00
2.861773014068603516e+00
2.857897520065307617e+00
2.853493213653564453e+00
2.848890542984008789e+00
2.844841718673706055e+00
2.839035749435424805e+00
2.833646535873413086e+00
2.825093507766723633e+00
2.820199966430664062e+00
2.813003540039062500e+00
2.808102607727050781e+00
2.802815675735473633e+00
2.797670125961303711e+00
2.792286872863769531e+00
2.785527706146240234e+00
2.778698921203613281e+00
2.768837690353393555e+00
2.758678674697875977e+00
2.753536701202392578e+00
2.744827032089233398e+00
2.741468906402587891e+00
2.737080812454223633e+00
2.733457088470458984e+00
2.731436967849731445e+00
2.729017496109008789e+00
2.726241588592529297e+00
2.724092721939086914e+00
2.719115018844604492e+00
2.715397834777832031e+00
2.712909221649169922e+00
2.710401296615600586e+00
2.707684516906738281e+00
2.704971790313720703e+00
2.702938318252563477e+00
2.702305555343627930e+00
2.700742006301879883e+00
2.700062513351440430e+00
2.698937416076660156e+00
2.698072433471679688e+00
2.696745157241821289e+00
2.695391416549682617e+00
2.693784475326538086e+00
2.692552804946899414e+00
2.690904140472412109e+00
2.688053369522094727e+00
2.684535980224609375e+00
2.682616949081420898e+00
2.680256366729736328e+00
2.678241252899169922e+00
2.676095485687255859e+00
2.674760341644287109e+00
2.671445369720458984e+00
2.665539979934692383e+00
2.661907672882080078e+00
2.659710407257080078e+00
2.658164501190185547e+00
2.655950069427490234e+00
2.653256893157958984e+00
2.651293516159057617e+00
2.649380207061767578e+00
2.646235466003417969e+00
2.640716314315795898e+00
2.633774042129516602e+00
2.630456924438476562e+00
2.627020835876464844e+00
2.626124858856201172e+00
2.623845100402832031e+00
2.621774196624755859e+00
2.619363546371459961e+00
2.616414308547973633e+00
2.614956378936767578e+00
2.613462448120117188e+00
2.611363172531127930e+00
2.608278274536132812e+00
2.605243921279907227e+00
2.604225873947143555e+00
2.595321655273437500e+00
2.591394424438476562e+00
2.584777593612670898e+00
2.578151226043701172e+00
2.568374395370483398e+00
2.560385704040527344e+00
2.555255413055419922e+00
2.551835536956787109e+00
2.549630165100097656e+00
2.547088861465454102e+00
2.544597148895263672e+00
2.542982816696166992e+00
2.541159629821777344e+00
2.540235280990600586e+00
2.539229154586791992e+00
2.537734270095825195e+00
2.536417245864868164e+00
2.534512519836425781e+00
2.532400846481323242e+00
2.530992746353149414e+00
2.529695510864257812e+00
2.528538227081298828e+00
2.527303218841552734e+00
2.525258779525756836e+00
2.522642374038696289e+00
2.519160747528076172e+00
2.513839244842529297e+00
2.510813236236572266e+00
2.505182504653930664e+00
2.502092361450195312e+00
2.499497175216674805e+00
2.496846199035644531e+00
2.493854522705078125e+00
2.490164518356323242e+00
2.486310243606567383e+00
2.481424331665039062e+00
2.477277040481567383e+00
2.473909854888916016e+00
2.472512245178222656e+00
2.470803737640380859e+00
2.468759059906005859e+00
2.467298030853271484e+00
2.464602708816528320e+00
2.462116718292236328e+00
2.459995746612548828e+00
2.458495616912841797e+00
2.456966400146484375e+00
2.454591989517211914e+00
2.452444791793823242e+00
2.450376749038696289e+00
2.448302268981933594e+00
2.446423053741455078e+00
2.442954778671264648e+00
2.440453290939331055e+00
2.437497615814208984e+00
2.435510158538818359e+00
2.433761358261108398e+00
2.432407379150390625e+00
2.431434631347656250e+00
2.430052042007446289e+00
2.428396463394165039e+00
2.426819086074829102e+00
2.424854278564453125e+00
2.423592805862426758e+00
2.422127723693847656e+00
2.420203208923339844e+00
2.418082714080810547e+00
2.414513826370239258e+00
2.408837795257568359e+00
2.403037309646606445e+00
2.398230552673339844e+00
2.393517255783081055e+00
2.389718294143676758e+00
2.385460376739501953e+00
2.381149768829345703e+00
2.378187894821166992e+00
2.375194787979125977e+00
2.373486280441284180e+00
2.372199535369873047e+00
2.370180130004882812e+00
2.368970394134521484e+00
2.366298198699951172e+00
2.363450527191162109e+00
2.360713720321655273e+00
2.357703685760498047e+00
2.354410409927368164e+00
2.351712465286254883e+00
2.348944664001464844e+00
2.346224069595336914e+00
2.343404769897460938e+00
2.339881420135498047e+00
2.333955287933349609e+00
2.330829620361328125e+00
2.328280448913574219e+00
2.326460838317871094e+00
2.323724031448364258e+00
2.319085359573364258e+00
2.315363883972167969e+00
2.311370611190795898e+00
2.308923006057739258e+00
2.304224967956542969e+00
2.301065206527709961e+00
2.297882080078125000e+00
2.294837236404418945e+00
2.292429685592651367e+00
2.291255950927734375e+00
2.289766073226928711e+00
2.287412881851196289e+00
2.285049676895141602e+00
2.280573368072509766e+00
2.276494264602661133e+00
2.274231433868408203e+00
2.272734642028808594e+00
2.270632982254028320e+00
2.267289400100708008e+00
2.263722419738769531e+00
2.260144233703613281e+00
2.256181478500366211e+00
2.250942230224609375e+00
2.245311260223388672e+00
2.238610982894897461e+00
2.231839418411254883e+00
2.225225448608398438e+00
2.218614339828491211e+00
2.208890676498413086e+00
2.203324794769287109e+00
2.198735713958740234e+00
2.196665525436401367e+00
2.194199323654174805e+00
2.192120790481567383e+00
2.189612865447998047e+00
2.186264991760253906e+00
2.183839797973632812e+00
2.179759979248046875e+00
2.177192926406860352e+00
2.175007343292236328e+00
2.174001932144165039e+00
2.172413349151611328e+00
2.170805454254150391e+00
2.169216156005859375e+00
2.167478322982788086e+00
2.163409233093261719e+00
2.159011840820312500e+00
2.154707670211791992e+00
2.149009943008422852e+00
2.145077943801879883e+00
2.141498565673828125e+00
2.134245395660400391e+00
2.128532171249389648e+00
2.119033813476562500e+00
2.113071918487548828e+00
2.108429670333862305e+00
2.107017278671264648e+00
2.104912042617797852e+00
2.103745460510253906e+00
2.100396156311035156e+00
2.096185684204101562e+00
2.094017982482910156e+00
2.092133998870849609e+00
2.090083599090576172e+00
2.087525367736816406e+00
2.085592985153198242e+00
2.084105968475341797e+00
2.082581996917724609e+00
2.080772399902343750e+00
2.077825784683227539e+00
2.076782703399658203e+00
2.074927330017089844e+00
2.073930978775024414e+00
2.072484970092773438e+00
2.069014549255371094e+00
2.067350387573242188e+00
2.065109252929687500e+00
2.064071655273437500e+00
2.062876701354980469e+00
2.062067270278930664e+00
2.060909509658813477e+00
2.060162782669067383e+00
2.059586286544799805e+00
2.058773279190063477e+00
2.057931661605834961e+00
2.057055473327636719e+00
2.055255413055419922e+00
2.052918434143066406e+00
2.050459384918212891e+00
2.047635078430175781e+00
2.043987512588500977e+00
2.041877508163452148e+00
2.038608551025390625e+00
2.037351608276367188e+00
2.035902023315429688e+00
2.034791231155395508e+00
2.033555984497070312e+00
2.032534360885620117e+00
2.031436204910278320e+00
2.030732631683349609e+00
2.029194831848144531e+00
2.026627779006958008e+00
2.025019407272338867e+00
2.023407459259033203e+00
2.020892143249511719e+00
2.018430948257446289e+00
2.016631364822387695e+00
2.015337944030761719e+00
2.013195276260375977e+00
2.010691404342651367e+00
2.008802890777587891e+00
2.007586240768432617e+00
2.006742715835571289e+00
2.006112098693847656e+00
2.004588603973388672e+00
2.003234863281250000e+00
2.001896619796752930e+00
2.000729560852050781e+00
1.999610304832458496e+00
1.998412609100341797e+00
1.997590065002441406e+00
1.995686173439025879e+00
1.994958519935607910e+00
1.993377208709716797e+00
1.991694211959838867e+00
1.990462899208068848e+00
1.988805532455444336e+00
1.987388491630554199e+00
1.985745310783386230e+00
1.984356284141540527e+00
1.983472585678100586e+00
1.980852723121643066e+00
1.979880452156066895e+00
1.979238629341125488e+00
1.978552222251892090e+00
1.977548599243164062e+00
1.975997447967529297e+00
1.974362611770629883e+00
1.970216512680053711e+00
1.966348290443420410e+00
1.961618900299072266e+00
1.954514980316162109e+00
1.952367663383483887e+00
1.950698733329772949e+00
1.949527740478515625e+00
1.948355793952941895e+00
1.947802066802978516e+00
1.946419596672058105e+00
1.944993019104003906e+00
1.942728161811828613e+00
1.940869927406311035e+00
1.938799858093261719e+00
1.935117244720458984e+00
1.933410882949829102e+00
1.930698871612548828e+00
1.927327036857604980e+00
1.925390005111694336e+00
1.923172116279602051e+00
1.920418143272399902e+00
1.917140483856201172e+00
1.914179682731628418e+00
1.911695957183837891e+00
1.908372163772583008e+00
1.907268404960632324e+00
1.903194069862365723e+00
1.901642441749572754e+00
1.899710059165954590e+00
1.897765994071960449e+00
1.895935773849487305e+00
1.894623041152954102e+00
1.893737196922302246e+00
1.892300486564636230e+00
1.891697168350219727e+00
1.890320420265197754e+00
1.888708591461181641e+00
1.887477517127990723e+00
1.885905027389526367e+00
1.884055376052856445e+00
1.878838419914245605e+00
1.876199364662170410e+00
1.873731732368469238e+00
1.872318267822265625e+00
1.871369004249572754e+00
1.870404601097106934e+00
1.869338631629943848e+00
1.868491530418395996e+00
1.867705106735229492e+00
1.866773843765258789e+00
1.866220593452453613e+00
1.865664362907409668e+00
1.864718437194824219e+00
1.861793994903564453e+00
1.858183026313781738e+00
1.855574131011962891e+00
1.854179263114929199e+00
1.851806879043579102e+00
1.849944710731506348e+00
1.847472906112670898e+00
1.846008539199829102e+00
1.844507932662963867e+00
1.843718051910400391e+00
1.842944622039794922e+00
1.842263936996459961e+00
1.841174483299255371e+00
1.840352892875671387e+00
1.839207410812377930e+00
1.837916135787963867e+00
1.836730003356933594e+00
1.834364652633666992e+00
1.833330512046813965e+00
1.831648945808410645e+00
1.828833580017089844e+00
1.827029228210449219e+00
1.825416922569274902e+00
1.823968172073364258e+00
1.822795748710632324e+00
1.821642160415649414e+00
1.820700168609619141e+00
1.820157051086425781e+00
1.819049596786499023e+00
1.818704843521118164e+00
1.817682027816772461e+00
1.816859960556030273e+00
1.815951108932495117e+00
1.815340638160705566e+00
1.814705610275268555e+00
1.813969969749450684e+00
1.813369393348693848e+00
1.812871694564819336e+00
1.812317490577697754e+00
1.812028765678405762e+00
1.811098456382751465e+00
1.810041904449462891e+00
1.808390855789184570e+00
1.807199120521545410e+00
1.805198788642883301e+00
1.803646206855773926e+00
1.802268981933593750e+00
1.801424860954284668e+00
1.799820661544799805e+00
1.798628091812133789e+00
1.797710180282592773e+00
1.796737432479858398e+00
1.796127796173095703e+00
1.795999526977539062e+00
1.795101523399353027e+00
1.794680476188659668e+00
1.794221401214599609e+00
1.793512821197509766e+00
1.792749404907226562e+00
1.791856527328491211e+00
1.791332125663757324e+00
1.790645360946655273e+00
1.789996862411499023e+00
1.789617300033569336e+00
1.788586616516113281e+00
1.786783337593078613e+00
1.785551309585571289e+00
1.784286737442016602e+00
1.783307194709777832e+00
1.782056331634521484e+00
1.779951691627502441e+00
1.778241634368896484e+00
1.776603460311889648e+00
1.775840640068054199e+00
1.774653196334838867e+00
1.773272395133972168e+00
1.771480083465576172e+00
1.769848346710205078e+00
1.768295526504516602e+00
1.767148971557617188e+00
1.766080856323242188e+00
1.764802694320678711e+00
1.763823986053466797e+00
1.763067960739135742e+00
1.762159347534179688e+00
1.761356472969055176e+00
1.760198831558227539e+00
1.759769797325134277e+00
1.757899045944213867e+00
1.756425261497497559e+00
1.754478693008422852e+00
1.752672433853149414e+00
1.750853896141052246e+00
1.750580906867980957e+00
1.748852014541625977e+00
1.748169541358947754e+00
1.747127771377563477e+00
1.745526432991027832e+00
1.744077205657958984e+00
1.743100166320800781e+00
1.742464542388916016e+00
1.741923093795776367e+00
1.741527676582336426e+00
1.740459442138671875e+00
1.738943934440612793e+00
1.737219452857971191e+00
1.735083818435668945e+00
1.733349800109863281e+00
1.731833457946777344e+00
1.730640530586242676e+00
1.729557156562805176e+00
1.727886199951171875e+00
1.726504921913146973e+00
1.724537730216979980e+00
1.723644733428955078e+00
1.722586750984191895e+00
1.720445156097412109e+00
1.719665408134460449e+00
1.718433141708374023e+00
1.717001914978027344e+00
1.716652154922485352e+00
1.715185761451721191e+00
1.713978886604309082e+00
1.712759613990783691e+00
1.711379051208496094e+00
1.709558010101318359e+00
1.707282662391662598e+00
1.705076575279235840e+00
1.702948808670043945e+00
1.701051235198974609e+00
1.699812889099121094e+00
1.698799610137939453e+00
1.697964549064636230e+00
1.697594523429870605e+00
1.696476817131042480e+00
1.695772051811218262e+00
1.694657683372497559e+00
1.694041728973388672e+00
1.693217754364013672e+00
1.692387342453002930e+00
1.691556811332702637e+00
1.691303730010986328e+00
1.689927577972412109e+00
1.689477205276489258e+00
1.688549280166625977e+00
1.687181234359741211e+00
1.685945272445678711e+00
1.684767484664916992e+00
1.683495402336120605e+00
1.682850837707519531e+00
1.682202696800231934e+00
1.681817412376403809e+00
1.681230902671813965e+00
1.680682897567749023e+00
1.680069565773010254e+00
1.679377198219299316e+00
1.678899526596069336e+00
1.678279995918273926e+00
1.677388072013854980e+00
1.676900982856750488e+00
1.676457166671752930e+00
1.676202893257141113e+00
1.675499320030212402e+00
1.674406051635742188e+00
1.673021316528320312e+00
1.671836614608764648e+00
1.670841932296752930e+00
1.670380830764770508e+00
1.669830799102783203e+00
1.669037342071533203e+00
1.668372511863708496e+00
1.667833685874938965e+00
1.667132496833801270e+00
1.666730284690856934e+00
1.665966987609863281e+00
1.665399789810180664e+00
1.664773583412170410e+00
1.664082527160644531e+00
1.663335800170898438e+00
1.661850214004516602e+00
1.660471439361572266e+00
1.658924460411071777e+00
1.657871723175048828e+00
1.656545639038085938e+00
1.655172586441040039e+00
1.654058694839477539e+00
1.652663469314575195e+00
1.651732563972473145e+00
1.651269197463989258e+00
1.650581121444702148e+00
1.649892568588256836e+00
1.649233818054199219e+00
1.648583889007568359e+00
1.647987604141235352e+00
1.647144794464111328e+00
1.646229386329650879e+00
1.645363926887512207e+00
1.644027471542358398e+00
1.643087744712829590e+00
1.642289757728576660e+00
1.641587138175964355e+00
1.641103506088256836e+00
1.640133500099182129e+00
1.639801263809204102e+00
1.638873100280761719e+00
1.638444900512695312e+00
1.637761235237121582e+00
1.637606620788574219e+00
1.637224555015563965e+00
1.636520862579345703e+00
1.635877728462219238e+00
1.635137915611267090e+00
1.633975863456726074e+00
1.633239984512329102e+00
1.632480740547180176e+00
1.631881237030029297e+00
1.630822896957397461e+00
1.630164980888366699e+00
1.628984451293945312e+00
1.627893209457397461e+00
1.627143263816833496e+00
1.626453161239624023e+00
1.625773668289184570e+00
1.624809622764587402e+00
1.624007225036621094e+00
1.623507976531982422e+00
1.622873067855834961e+00
1.622156977653503418e+00
1.621101498603820801e+00
1.619689822196960449e+00
1.616846799850463867e+00
1.616384744644165039e+00
1.615481972694396973e+00
1.613962769508361816e+00
1.612849950790405273e+00
1.611006498336791992e+00
1.609577655792236328e+00
1.608392834663391113e+00
1.606914043426513672e+00
1.605551958084106445e+00
1.604188919067382812e+00
1.602546453475952148e+00
1.600112557411193848e+00
1.598819732666015625e+00
1.597501754760742188e+00
1.595854997634887695e+00
1.595005154609680176e+00
1.594076752662658691e+00
1.592761635780334473e+00
1.591639757156372070e+00
1.590304613113403320e+00
1.588895678520202637e+00
1.587834715843200684e+00
1.586608767509460449e+00
1.584254384040832520e+00
1.582956194877624512e+00
1.580746769905090332e+00
1.579512834548950195e+00
1.577780842781066895e+00
1.575822114944458008e+00
1.574107050895690918e+00
1.572291016578674316e+00
1.570983052253723145e+00
1.569679856300354004e+00
1.567473173141479492e+00
1.565844774246215820e+00
1.564787864685058594e+00
1.563877940177917480e+00
1.563155055046081543e+00
1.562510848045349121e+00
1.562160134315490723e+00
1.561988234519958496e+00
1.561437964439392090e+00
1.560780048370361328e+00
1.560488820075988770e+00
1.559908509254455566e+00
1.559353470802307129e+00
1.558831930160522461e+00
1.558115720748901367e+00
1.557707667350769043e+00
1.556749343872070312e+00
1.556296467781066895e+00
1.555767416954040527e+00
1.555508375167846680e+00
1.555193424224853516e+00
1.555005073547363281e+00
1.554734706878662109e+00
1.554357886314392090e+00
1.554006457328796387e+00
1.553453087806701660e+00
1.552489042282104492e+00
1.551806807518005371e+00
1.551226973533630371e+00
1.550553441047668457e+00
1.550196528434753418e+00
1.549829244613647461e+00
1.549373865127563477e+00
1.548809885978698730e+00
1.548146486282348633e+00
1.547376871109008789e+00
1.546673059463500977e+00
1.545964241027832031e+00
1.545480132102966309e+00
1.544813990592956543e+00
1.544463396072387695e+00
1.544198751449584961e+00
1.543562889099121094e+00
1.542059898376464844e+00
1.541299581527709961e+00
1.539633035659790039e+00
1.538474798202514648e+00
1.537549138069152832e+00
1.537258625030517578e+00
1.536225199699401855e+00
1.535819411277770996e+00
1.535455822944641113e+00
1.535014271736145020e+00
1.534579753875732422e+00
1.533313870429992676e+00
1.532452940940856934e+00
1.531099081039428711e+00
1.529794573783874512e+00
1.528216958045959473e+00
1.527526736259460449e+00
1.525173783302307129e+00
1.524348258972167969e+00
1.523452281951904297e+00
1.522444248199462891e+00
1.521024584770202637e+00
1.519461631774902344e+00
1.517724633216857910e+00
1.516299009323120117e+00
1.514783740043640137e+00
1.513737916946411133e+00
1.512535810470581055e+00
1.512124776840209961e+00
1.511377573013305664e+00
1.510900378227233887e+00
1.509648680686950684e+00
1.507930397987365723e+00
1.505772471427917480e+00
1.504792094230651855e+00
1.504271626472473145e+00
1.503417968750000000e+00
1.502990603446960449e+00
1.502710342407226562e+00
1.502235770225524902e+00
1.502033948898315430e+00
1.501733779907226562e+00
1.501426100730895996e+00
1.501118063926696777e+00
1.500740528106689453e+00
1.500294327735900879e+00
1.499693870544433594e+00
1.499348282814025879e+00
1.499338865280151367e+00
1.499183535575866699e+00
1.498933553695678711e+00
1.498776316642761230e+00
1.498606443405151367e+00
1.498265624046325684e+00
1.497712135314941406e+00
1.496830582618713379e+00
1.496237516403198242e+00
1.495054841041564941e+00
1.494031786918640137e+00
1.492958664894104004e+00
1.492174506187438965e+00
1.491090655326843262e+00
1.490700960159301758e+00
1.489488124847412109e+00
1.488627791404724121e+00
1.487658381462097168e+00
1.486053228378295898e+00
1.483993768692016602e+00
1.480453968048095703e+00
1.479415535926818848e+00
1.477856993675231934e+00
1.476942777633666992e+00
1.475908517837524414e+00
1.474167346954345703e+00
1.473620533943176270e+00
1.471421718597412109e+00
1.470103502273559570e+00
1.469434857368469238e+00
1.468960285186767578e+00
1.468270540237426758e+00
1.467655301094055176e+00
1.467221975326538086e+00
1.466444611549377441e+00
1.465551614761352539e+00
1.464337348937988281e+00
1.463226675987243652e+00
1.461949706077575684e+00
1.461468935012817383e+00
1.460357904434204102e+00
1.459820389747619629e+00
1.458914875984191895e+00
1.457554101943969727e+00
1.456671833992004395e+00
1.455492019653320312e+00
1.454810857772827148e+00
1.454251527786254883e+00
1.453264951705932617e+00
1.452635526657104492e+00
1.452090382575988770e+00
1.451620936393737793e+00
1.451177835464477539e+00
1.450688123703002930e+00
1.450374603271484375e+00
1.449830651283264160e+00
1.449621319770812988e+00
1.449349045753479004e+00
1.449062108993530273e+00
1.448885202407836914e+00
1.448579311370849609e+00
1.448026537895202637e+00
1.447730422019958496e+00
1.447360634803771973e+00
1.447043180465698242e+00
1.446781158447265625e+00
1.446393609046936035e+00
1.446043014526367188e+00
1.445355653762817383e+00
1.444737672805786133e+00
1.443484783172607422e+00
1.442610383033752441e+00
1.441935777664184570e+00
1.441157817840576172e+00
1.440481185913085938e+00
1.439979434013366699e+00
1.439548373222351074e+00
1.439268469810485840e+00
1.438889861106872559e+00
1.438207626342773438e+00
1.437296390533447266e+00
1.436645627021789551e+00
1.436415791511535645e+00
1.435220479965209961e+00
1.434368848800659180e+00
1.433586120605468750e+00
1.432985186576843262e+00
1.432295799255371094e+00
1.431758761405944824e+00
1.431121468544006348e+00
1.430226087570190430e+00
1.430050730705261230e+00
1.429523706436157227e+00
1.428755521774291992e+00
1.428175687789916992e+00
1.427258729934692383e+00
1.427034020423889160e+00
1.426459193229675293e+00
1.426202893257141113e+00
1.426062822341918945e+00
1.425530433654785156e+00
1.424962282180786133e+00
1.424695372581481934e+00
1.424121141433715820e+00
1.424068689346313477e+00
1.423692226409912109e+00
1.423339962959289551e+00
1.422904253005981445e+00
1.422865748405456543e+00
1.422389745712280273e+00
1.422194719314575195e+00
1.421788215637207031e+00
1.421499848365783691e+00
1.420993804931640625e+00
1.420540332794189453e+00
1.420141220092773438e+00
1.419617414474487305e+00
1.418999910354614258e+00
1.418648123741149902e+00
1.417521357536315918e+00
1.416487932205200195e+00
1.415314078330993652e+00
1.413391828536987305e+00
1.411853909492492676e+00
1.409524440765380859e+00
1.407785773277282715e+00
1.406177163124084473e+00
1.404368281364440918e+00
1.402212500572204590e+00
1.400030970573425293e+00
1.399266123771667480e+00
1.397230148315429688e+00
1.396203398704528809e+00
1.394654750823974609e+00
1.393261075019836426e+00
1.391695022583007812e+00
1.390480518341064453e+00
1.389261841773986816e+00
1.388094544410705566e+00
1.386658549308776855e+00
1.385405421257019043e+00
1.384364128112792969e+00
1.383490800857543945e+00
1.382685780525207520e+00
1.382157444953918457e+00
1.381250739097595215e+00
1.380219578742980957e+00
1.378857254981994629e+00
1.377283692359924316e+00
1.376687169075012207e+00
1.375846147537231445e+00
1.375066518783569336e+00
1.373997330665588379e+00
1.372671008110046387e+00
1.371967792510986328e+00
1.371577143669128418e+00
1.371042370796203613e+00
1.370348453521728516e+00
1.369351625442504883e+00
1.368064761161804199e+00
1.366532683372497559e+00
1.365801572799682617e+00
1.364654302597045898e+00
1.363746285438537598e+00
1.362960338592529297e+00
1.362243294715881348e+00
1.360526800155639648e+00
1.359294056892395020e+00
1.358446717262268066e+00
1.357986688613891602e+00
1.357666850090026855e+00
1.357423186302185059e+00
1.356731653213500977e+00
1.356518745422363281e+00
1.355798125267028809e+00
1.355134844779968262e+00
1.354035258293151855e+00
1.352612614631652832e+00
1.352265119552612305e+00
1.350628376007080078e+00
1.349977135658264160e+00
1.349542140960693359e+00
1.348655581474304199e+00
1.348032832145690918e+00
1.347593784332275391e+00
1.347249031066894531e+00
1.346856474876403809e+00
1.346030473709106445e+00
1.345245480537414551e+00
1.344383955001831055e+00
1.343392848968505859e+00
1.342809677124023438e+00
1.342469811439514160e+00
1.342001795768737793e+00
1.341309189796447754e+00
1.340731382369995117e+00
1.340404033660888672e+00
1.339915752410888672e+00
1.339558482170104980e+00
1.338995575904846191e+00
1.338664889335632324e+00
1.338183760643005371e+00
1.337647557258605957e+00
1.337411761283874512e+00
1.336987972259521484e+00
1.336628794670104980e+00
1.336258053779602051e+00
1.335911989212036133e+00
1.335508584976196289e+00
1.334982156753540039e+00
1.334476232528686523e+00
1.334109663963317871e+00
1.333781480789184570e+00
1.333210825920104980e+00
1.332772612571716309e+00
1.331847190856933594e+00
1.331152915954589844e+00
1.330578565597534180e+00
1.329819321632385254e+00
1.329044818878173828e+00
1.328445911407470703e+00
1.327653884887695312e+00
1.327346444129943848e+00
1.326669573783874512e+00
1.326329827308654785e+00
1.326002001762390137e+00
1.325508475303649902e+00
1.324926376342773438e+00
1.324187874794006348e+00
1.323537468910217285e+00
1.322510719299316406e+00
1.321939110755920410e+00
1.321384310722351074e+00
1.320944666862487793e+00
1.320329666137695312e+00
1.320085525512695312e+00
1.319915175437927246e+00
1.319563508033752441e+00
1.319385647773742676e+00
1.319129943847656250e+00
1.318692088127136230e+00
1.318282246589660645e+00
1.317654252052307129e+00
1.317220807075500488e+00
1.316675901412963867e+00
1.316298246383666992e+00
1.316087007522583008e+00
1.315519094467163086e+00
1.315158605575561523e+00
1.314628005027770996e+00
1.314292192459106445e+00
1.314044117927551270e+00
1.313764810562133789e+00
1.313628554344177246e+00
1.313553929328918457e+00
1.313065886497497559e+00
1.312794208526611328e+00
1.312368869781494141e+00
1.311479687690734863e+00
1.310403704643249512e+00
1.309865355491638184e+00
1.309099316596984863e+00
1.308772683143615723e+00
1.308581829071044922e+00
1.308374285697937012e+00
1.308083891868591309e+00
1.307835459709167480e+00
1.307390332221984863e+00
1.306742429733276367e+00
1.305796384811401367e+00
1.304986000061035156e+00
1.304458618164062500e+00
1.304150700569152832e+00
1.303864240646362305e+00
1.303290128707885742e+00
1.302761435508728027e+00
1.302500963211059570e+00
1.301837921142578125e+00
1.301284909248352051e+00
1.300611019134521484e+00
1.299797773361206055e+00
1.299574851989746094e+00
1.299129962921142578e+00
1.298728466033935547e+00
1.298452734947204590e+00
1.298137545585632324e+00
1.297883272171020508e+00
1.297364234924316406e+00
1.296706676483154297e+00
1.296062350273132324e+00
1.295559763908386230e+00
1.295206546783447266e+00
1.294980645179748535e+00
1.294634580612182617e+00
1.294421315193176270e+00
1.294089674949645996e+00
1.293824076652526855e+00
1.293435096740722656e+00
1.292776465415954590e+00
1.291787385940551758e+00
1.290419340133666992e+00
1.289426207542419434e+00
1.289262890815734863e+00
1.288388371467590332e+00
1.288287162780761719e+00
1.288055419921875000e+00
1.287590622901916504e+00
1.287218689918518066e+00
1.286646246910095215e+00
1.286258339881896973e+00
1.285538434982299805e+00
1.285170197486877441e+00
1.284235835075378418e+00
1.283678770065307617e+00
1.282770514488220215e+00
1.281984448432922363e+00
1.280819535255432129e+00
1.280019998550415039e+00
1.279321789741516113e+00
1.278403759002685547e+00
1.277671217918395996e+00
1.276717066764831543e+00
1.275838136672973633e+00
1.275288343429565430e+00
1.274720430374145508e+00
1.274283051490783691e+00
1.274030685424804688e+00
1.273500442504882812e+00
1.273049950599670410e+00
1.272845387458801270e+00
1.272416234016418457e+00
1.272252917289733887e+00
1.271928906440734863e+00
1.271575927734375000e+00
1.271274447441101074e+00
1.270687818527221680e+00
1.270464897155761719e+00
1.270246505737304688e+00
1.269817709922790527e+00
1.269426822662353516e+00
1.269198298454284668e+00
1.268242001533508301e+00
1.267694115638732910e+00
1.267012357711791992e+00
1.266663670539855957e+00
1.266474127769470215e+00
1.266337633132934570e+00
1.266265034675598145e+00
1.266086935997009277e+00
1.265675187110900879e+00
1.265218973159790039e+00
1.264781713485717773e+00
1.264388680458068848e+00
1.263976931571960449e+00
1.263220071792602539e+00
1.262701511383056641e+00
1.261552572250366211e+00
1.260541081428527832e+00
1.259487390518188477e+00
1.259351372718811035e+00
1.258666515350341797e+00
1.258505463600158691e+00
1.257935762405395508e+00
1.257447481155395508e+00
1.256902217864990234e+00
1.255646944046020508e+00
1.254941225051879883e+00
1.254124045372009277e+00
1.253147244453430176e+00
1.252623200416564941e+00
1.251702070236206055e+00
1.250556945800781250e+00
1.249813437461853027e+00
1.248839616775512695e+00
1.248403549194335938e+00
1.247911453247070312e+00
1.247713804244995117e+00
1.247124075889587402e+00
1.246451377868652344e+00
1.245671510696411133e+00
1.245056152343750000e+00
1.244636535644531250e+00
1.243705511093139648e+00
1.243510365486145020e+00
1.243023633956909180e+00
1.242735385894775391e+00
1.242501378059387207e+00
1.242444276809692383e+00
1.242043018341064453e+00
1.241640210151672363e+00
1.241157531738281250e+00
1.240682721138000488e+00
1.240186452865600586e+00
1.239557147026062012e+00
1.238890051841735840e+00
1.237869262695312500e+00
1.237744688987731934e+00
1.236176848411560059e+00
1.235469937324523926e+00
1.234611630439758301e+00
1.233483672142028809e+00
1.232443809509277344e+00
1.232044339179992676e+00
1.231315851211547852e+00
1.231004357337951660e+00
1.230814576148986816e+00
1.230649232864379883e+00
1.230621218681335449e+00
1.230362772941589355e+00
1.230343818664550781e+00
1.230248212814331055e+00
1.229871034622192383e+00
1.229619503021240234e+00
1.229283094406127930e+00
1.229124784469604492e+00
1.228994250297546387e+00
1.228741526603698730e+00
1.228332042694091797e+00
1.227837800979614258e+00
1.227056026458740234e+00
1.226307511329650879e+00
1.225313544273376465e+00
1.224980354309082031e+00
1.224639534950256348e+00
1.224489808082580566e+00
1.224238872528076172e+00
1.223747014999389648e+00
1.223208904266357422e+00
1.222719311714172363e+00
1.221846938133239746e+00
1.221499562263488770e+00
1.220904231071472168e+00
1.220128178596496582e+00
1.219338297843933105e+00
1.218905687332153320e+00
1.218542575836181641e+00
1.218372344970703125e+00
1.217998385429382324e+00
1.217366933822631836e+00
1.216513872146606445e+00
1.216091752052307129e+00
1.215421438217163086e+00
1.215129852294921875e+00
1.214945912361145020e+00
1.214739561080932617e+00
1.214484333992004395e+00
1.213486433029174805e+00
1.212812662124633789e+00
1.212059259414672852e+00
1.211223244667053223e+00
1.209996342658996582e+00
1.207937836647033691e+00
1.207211017608642578e+00
1.206058502197265625e+00
1.205135583877563477e+00
1.204105496406555176e+00
1.203406333923339844e+00
1.202372312545776367e+00
1.201933860778808594e+00
1.201284527778625488e+00
1.200886130332946777e+00
1.200312256813049316e+00
1.199736595153808594e+00
1.198981285095214844e+00
1.198422908782958984e+00
1.197765231132507324e+00
1.197137117385864258e+00
1.196526885032653809e+00
1.195504188537597656e+00
1.194769501686096191e+00
1.193791866302490234e+00
1.193282723426818848e+00
1.192809104919433594e+00
1.192395925521850586e+00
1.192098259925842285e+00
1.191716432571411133e+00
1.191439986228942871e+00
1.190986633300781250e+00
1.190151333808898926e+00
1.189331769943237305e+00
1.188827872276306152e+00
1.188293099403381348e+00
1.187866330146789551e+00
1.187360167503356934e+00
1.186706781387329102e+00
1.185969233512878418e+00
1.185257911682128906e+00
1.183897972106933594e+00
1.183317422866821289e+00
1.182706475257873535e+00
1.182104945182800293e+00
1.181808829307556152e+00
1.181317090988159180e+00
1.181126117706298828e+00
1.180983543395996094e+00
1.180646896362304688e+00
1.180127143859863281e+00
1.179786443710327148e+00
1.179069995880126953e+00
1.178677797317504883e+00
1.178199887275695801e+00
1.177997589111328125e+00
1.177509665489196777e+00
1.176590919494628906e+00
1.175581812858581543e+00
1.174801349639892578e+00
1.173874139785766602e+00
1.173250913619995117e+00
1.172895789146423340e+00
1.172546625137329102e+00
1.172421813011169434e+00
1.171941518783569336e+00
1.171035051345825195e+00
1.169614911079406738e+00
1.167777776718139648e+00
1.167112112045288086e+00
1.165928959846496582e+00
1.164931893348693848e+00
1.164186120033264160e+00
1.163551688194274902e+00
1.163021564483642578e+00
1.162594199180603027e+00
1.162248611450195312e+00
1.161809206008911133e+00
1.161548972129821777e+00
1.161088466644287109e+00
1.160958409309387207e+00
1.160593628883361816e+00
1.159924983978271484e+00
1.159296751022338867e+00
1.158596396446228027e+00
1.158127903938293457e+00
1.157681226730346680e+00
1.157184004783630371e+00
1.156727910041809082e+00
1.156410813331604004e+00
1.155937314033508301e+00
1.155203104019165039e+00
1.154530644416809082e+00
1.153899908065795898e+00
1.153394818305969238e+00
1.152638435363769531e+00
1.151988863945007324e+00
1.151246786117553711e+00
1.150699734687805176e+00
1.150468945503234863e+00
1.149746298789978027e+00
1.148898124694824219e+00
1.147989273071289062e+00
1.147225022315979004e+00
1.146693468093872070e+00
1.146264910697937012e+00
1.145855545997619629e+00
1.145496368408203125e+00
1.145168066024780273e+00
1.144738435745239258e+00
1.143935203552246094e+00
1.143323302268981934e+00
1.142966270446777344e+00
1.142518997192382812e+00
1.141677260398864746e+00
1.141518592834472656e+00
1.140630960464477539e+00
1.139664173126220703e+00
1.138472914695739746e+00
1.137728452682495117e+00
1.137377500534057617e+00
1.136721372604370117e+00
1.135948300361633301e+00
1.135332345962524414e+00
1.135083079338073730e+00
1.134620308876037598e+00
1.134360074996948242e+00
1.134318590164184570e+00
1.134116053581237793e+00
1.134085297584533691e+00
1.133880138397216797e+00
1.133532047271728516e+00
1.133204936981201172e+00
1.132797718048095703e+00
1.132488489151000977e+00
1.132182002067565918e+00
1.131923794746398926e+00
1.131626605987548828e+00
1.131383895874023438e+00
1.131133079528808594e+00
1.130575418472290039e+00
1.130083322525024414e+00
1.129849433898925781e+00
1.129598379135131836e+00
1.129266619682312012e+00
1.128958106040954590e+00
1.128610014915466309e+00
1.127999186515808105e+00
1.127471804618835449e+00
1.126476764678955078e+00
1.125369668006896973e+00
1.124818801879882812e+00
1.123914241790771484e+00
1.122492671012878418e+00
1.120727419853210449e+00
1.120543599128723145e+00
1.119299054145812988e+00
1.118967890739440918e+00
1.118598818778991699e+00
1.118287086486816406e+00
1.118117451667785645e+00
1.117852449417114258e+00
1.117542147636413574e+00
1.117275118827819824e+00
1.116967439651489258e+00
1.116664409637451172e+00
1.116176962852478027e+00
1.115778923034667969e+00
1.115267753601074219e+00
1.114665269851684570e+00
1.114287257194519043e+00
1.114232301712036133e+00
1.114048361778259277e+00
1.113926768302917480e+00
1.113762974739074707e+00
1.113542318344116211e+00
1.113169789314270020e+00
1.112899780273437500e+00
1.112641096115112305e+00
1.112577676773071289e+00
1.112367868423461914e+00
1.112271547317504883e+00
1.112009406089782715e+00
1.111628413200378418e+00
1.111565351486206055e+00
1.111199259757995605e+00
1.111105561256408691e+00
1.110899448394775391e+00
1.110625147819519043e+00
1.110336542129516602e+00
1.110054492950439453e+00
1.109732627868652344e+00
1.109562635421752930e+00
1.109199762344360352e+00
1.108826518058776855e+00
1.108449101448059082e+00
1.107768535614013672e+00
1.107153058052062988e+00
1.106555461883544922e+00
1.106076598167419434e+00
1.105835556983947754e+00
1.105407714843750000e+00
1.105111002922058105e+00
1.104721426963806152e+00
1.104475975036621094e+00
1.104332327842712402e+00
1.103883624076843262e+00
1.103105545043945312e+00
1.102656602859497070e+00
1.101722121238708496e+00
1.100962758064270020e+00
1.100346207618713379e+00
1.099768280982971191e+00
1.099148392677307129e+00
1.098516225814819336e+00
1.097714543342590332e+00
1.096834659576416016e+00
1.096455454826354980e+00
1.096103310585021973e+00
1.095851659774780273e+00
1.095295786857604980e+00
1.094762325286865234e+00
1.094080209732055664e+00
1.093501329421997070e+00
1.093025445938110352e+00
1.092814922332763672e+00
1.092357158660888672e+00
1.091827988624572754e+00
1.091462373733520508e+00
1.091018557548522949e+00
1.090471863746643066e+00
1.090190887451171875e+00
1.089677810668945312e+00
1.089120268821716309e+00
1.088593482971191406e+00
1.087699651718139648e+00
1.086410284042358398e+00
1.085880160331726074e+00
1.084844350814819336e+00
1.084410071372985840e+00
1.083691596984863281e+00
1.083172321319580078e+00
1.082599520683288574e+00
1.082069158554077148e+00
1.081811428070068359e+00
1.081328630447387695e+00
1.081003308296203613e+00
1.080598115921020508e+00
1.080080509185791016e+00
1.079736709594726562e+00
1.079293370246887207e+00
1.078773856163024902e+00
1.078288793563842773e+00
1.077876806259155273e+00
1.077443003654479980e+00
1.077123880386352539e+00
1.076738953590393066e+00
1.076463699340820312e+00
1.075942754745483398e+00
1.075466632843017578e+00
1.075189232826232910e+00
1.074927449226379395e+00
1.074731230735778809e+00
1.074705958366394043e+00
1.074693799018859863e+00
1.074590563774108887e+00
1.074458956718444824e+00
1.074254870414733887e+00
1.074049711227416992e+00
1.073783874511718750e+00
1.073383092880249023e+00
1.072735428810119629e+00
1.072519421577453613e+00
1.071839094161987305e+00
1.071796536445617676e+00
1.071291923522949219e+00
1.071176648139953613e+00
1.070823669433593750e+00
1.070514917373657227e+00
1.070397377014160156e+00
1.069987058639526367e+00
1.069833993911743164e+00
1.069312930107116699e+00
1.069003582000732422e+00
1.068660736083984375e+00
1.068423032760620117e+00
1.068074703216552734e+00
1.067732572555541992e+00
1.067500948905944824e+00
1.066925287246704102e+00
1.066606402397155762e+00
1.066326737403869629e+00
1.066106557846069336e+00
1.065954923629760742e+00
1.065868616104125977e+00
1.065804243087768555e+00
1.065639615058898926e+00
1.065505266189575195e+00
1.065381050109863281e+00
1.065125584602355957e+00
1.064815282821655273e+00
1.064537048339843750e+00
1.063773274421691895e+00
1.062960147857666016e+00
1.062112569808959961e+00
1.061560630798339844e+00
1.061302781105041504e+00
1.061085462570190430e+00
1.060437440872192383e+00
1.059923410415649414e+00
1.059664964675903320e+00
1.059173226356506348e+00
1.058975100517272949e+00
1.058609962463378906e+00
1.058204770088195801e+00
1.058092355728149414e+00
1.057532310485839844e+00
1.057267904281616211e+00
1.057017683982849121e+00
1.056597113609313965e+00
1.056359410285949707e+00
1.055792689323425293e+00
1.055317759513854980e+00
1.054895639419555664e+00
1.054492950439453125e+00
1.054036617279052734e+00
1.054001569747924805e+00
1.053791522979736328e+00
1.053580045700073242e+00
1.053487181663513184e+00
1.053383469581604004e+00
1.052923321723937988e+00
1.052547216415405273e+00
1.052490353584289551e+00
1.052262544631958008e+00
1.052251458168029785e+00
1.052150011062622070e+00
1.052038073539733887e+00
1.051694631576538086e+00
1.051360726356506348e+00
1.051102161407470703e+00
1.050748109817504883e+00
1.050559401512145996e+00
1.050444245338439941e+00
1.050243139266967773e+00
1.050061464309692383e+00
1.049812793731689453e+00
1.049587726593017578e+00
1.049319148063659668e+00
1.049027562141418457e+00
1.048549056053161621e+00
1.048155665397644043e+00
1.047740578651428223e+00
1.047514081001281738e+00
1.047363162040710449e+00
1.046925544738769531e+00
1.046436071395874023e+00
1.046383261680603027e+00
1.046076416969299316e+00
1.045858502388000488e+00
1.045667171478271484e+00
1.045586228370666504e+00
1.045293211936950684e+00
1.045050382614135742e+00
1.044766545295715332e+00
1.044422864913940430e+00
1.043990492820739746e+00
1.043707251548767090e+00
1.043534159660339355e+00
1.043358564376831055e+00
1.043141365051269531e+00
1.042881846427917480e+00
1.042783975601196289e+00
1.042574524879455566e+00
1.042298197746276855e+00
1.041946291923522949e+00
1.041631698608398438e+00
1.041360974311828613e+00
1.041166424751281738e+00
1.041058659553527832e+00
1.040838479995727539e+00
1.040589451789855957e+00
1.040362119674682617e+00
1.040136694908142090e+00
1.039749145507812500e+00
1.039380908012390137e+00
1.038920283317565918e+00
1.038825988769531250e+00
1.038452863693237305e+00
1.038283824920654297e+00
1.038073539733886719e+00
1.037462353706359863e+00
1.036744594573974609e+00
1.036648273468017578e+00
1.036137223243713379e+00
1.035562038421630859e+00
1.035075426101684570e+00
1.034430265426635742e+00
1.033841252326965332e+00
1.033488750457763672e+00
1.033016443252563477e+00
1.032429814338684082e+00
1.032100319862365723e+00
1.031880974769592285e+00
1.031685590744018555e+00
1.031455039978027344e+00
1.031264424324035645e+00
1.030829191207885742e+00
1.030678868293762207e+00
1.030372381210327148e+00
1.030016541481018066e+00
1.029500484466552734e+00
1.029203772544860840e+00
1.028582692146301270e+00
1.028122544288635254e+00
1.027710080146789551e+00
1.027340531349182129e+00
1.026620507240295410e+00
1.025750041007995605e+00
1.025066614151000977e+00
1.024698734283447266e+00
1.024429917335510254e+00
1.024247646331787109e+00
1.024247646331787109e+00
1.024247646331787109e+00
