6.188045898437500000e+03
6.192914062500000000e+03
6.176223144531250000e+03
6.171378417968750000e+03
6.163717773437500000e+03
6.149597167968750000e+03
6.133113281250000000e+03
6.120147460937500000e+03
6.116244140625000000e+03
6.121871093750000000e+03
6.128623046875000000e+03
6.127426269531250000e+03
6.120227050781250000e+03
6.113094238281250000e+03
6.109514648437500000e+03
6.109423828125000000e+03
6.110975585937500000e+03
6.112434570312500000e+03
6.112869140625000000e+03
6.112014648437500000e+03
6.110000000000000000e+03
6.107228515625000000e+03
6.104333007812500000e+03
6.102071289062500000e+03
6.100998535156250000e+03
6.100933105468750000e+03
6.100885742187500000e+03
6.099849121093750000e+03
6.097819335937500000e+03
6.095721679687500000e+03
6.094349121093750000e+03
6.093750000000000000e+03
6.093444824218750000e+03
6.092841796875000000e+03
6.091668945312500000e+03
6.089916015625000000e+03
6.087770507812500000e+03
6.085667480468750000e+03
6.084060546875000000e+03
6.082682128906250000e+03
6.080702636718750000e+03
6.078060058593750000e+03
6.075368652343750000e+03
6.072876464843750000e+03
6.070267578125000000e+03
6.066808593750000000e+03
6.062283691406250000e+03
6.057354492187500000e+03
6.052047851562500000e+03
6.045429199218750000e+03
6.037427246093750000e+03
6.029049804687500000e+03
6.021725585937500000e+03
6.019418945312500000e+03
6.007373535156250000e+03
5.990851562500000000e+03
5.988438964843750000e+03
5.969647949218750000e+03
5.961524902343750000e+03
5.950314941406250000e+03
5.929685058593750000e+03
5.919597167968750000e+03
5.898059570312500000e+03
5.875658203125000000e+03
5.858042480468750000e+03
5.828323730468750000e+03
5.795520507812500000e+03
5.764775878906250000e+03
5.731054687500000000e+03
5.686845214843750000e+03
5.634907226562500000e+03
5.582657714843750000e+03
5.534193847656250000e+03
5.496601562500000000e+03
5.481068847656250000e+03
5.440834960937500000e+03
5.383585937500000000e+03
5.391187011718750000e+03
5.363424804687500000e+03
5.311529785156250000e+03
5.320137695312500000e+03
5.297130859375000000e+03
5.273710449218750000e+03
5.272541015625000000e+03
5.247129882812500000e+03
5.245741699218750000e+03
5.242740234375000000e+03
5.216568359375000000e+03
5.219742675781250000e+03
5.215158203125000000e+03
5.189856933593750000e+03
5.190312011718750000e+03
5.187631835937500000e+03
5.165423828125000000e+03
5.159979980468750000e+03
5.160701171875000000e+03
5.139682617187500000e+03
5.120899414062500000e+03
5.117816406250000000e+03
5.107511230468750000e+03
5.088500976562500000e+03
5.077757812500000000e+03
5.069945800781250000e+03
5.053256347656250000e+03
5.033564453125000000e+03
5.017248046875000000e+03
4.999333984375000000e+03
4.975133300781250000e+03
4.948621093750000000e+03
4.918447265625000000e+03
4.885373046875000000e+03
4.848301269531250000e+03
4.798506835937500000e+03
4.735766601562500000e+03
4.662629882812500000e+03
4.574310058593750000e+03
4.470729980468750000e+03
4.350572265625000000e+03
4.217391601562500000e+03
4.078909179687500000e+03
3.952781982421875000e+03
3.858077880859375000e+03
3.813817138671875000e+03
3.822118408203125000e+03
3.834012207031250000e+03
3.792697753906250000e+03
3.674947509765625000e+03
3.542563232421875000e+03
3.463893554687500000e+03
3.448426269531250000e+03
3.410268798828125000e+03
3.326076171875000000e+03
3.225589111328125000e+03
3.156578369140625000e+03
3.134946289062500000e+03
3.116527832031250000e+03
3.057757080078125000e+03
2.976630126953125000e+03
2.926235351562500000e+03
2.881662841796875000e+03
2.798343505859375000e+03
2.697518066406250000e+03
2.598436279296875000e+03
2.501578857421875000e+03
2.417525146484375000e+03
2.320364746093750000e+03
2.199772949218750000e+03
2.100309814453125000e+03
2.054036376953125000e+03
2.022743652343750000e+03
2.006455810546875000e+03
2.018893920898437500e+03
2.023932128906250000e+03
1.996739501953125000e+03
1.941222290039062500e+03
1.876531738281250000e+03
1.826140502929687500e+03
1.795878540039062500e+03
1.760720458984375000e+03
1.718500610351562500e+03
1.673074096679687500e+03
1.637712280273437500e+03
1.619688476562500000e+03
1.611868041992187500e+03
1.603253540039062500e+03
1.583045898437500000e+03
1.546245971679687500e+03
1.511130981445312500e+03
1.486140869140625000e+03
1.468984130859375000e+03
1.456989746093750000e+03
1.445605346679687500e+03
1.429624023437500000e+03
1.408630615234375000e+03
1.382917968750000000e+03
1.359182128906250000e+03
1.339326660156250000e+03
1.323177368164062500e+03
1.309263549804687500e+03
1.296982055664062500e+03
1.286127929687500000e+03
1.279312866210937500e+03
1.285002807617187500e+03
1.309801635742187500e+03
1.343031494140625000e+03
1.321027832031250000e+03
1.230860107421875000e+03
1.179858764648437500e+03
1.206467163085937500e+03
1.214263671875000000e+03
1.167746337890625000e+03
1.140359497070312500e+03
1.142098876953125000e+03
1.123046264648437500e+03
1.104433349609375000e+03
1.093009277343750000e+03
1.062213012695312500e+03
1.055088989257812500e+03
1.051539306640625000e+03
1.016020141601562500e+03
9.937939453125000000e+02
9.922415771484375000e+02
9.909885864257812500e+02
9.854806518554687500e+02
9.781469726562500000e+02
9.556926879882812500e+02
9.137191772460937500e+02
8.615175781250000000e+02
7.759026489257812500e+02
6.890389404296875000e+02
6.406549072265625000e+02
5.873897705078125000e+02
5.426401977539062500e+02
5.210560913085937500e+02
5.064358520507812500e+02
4.895793457031250000e+02
4.594411926269531250e+02
4.406108398437500000e+02
4.294979248046875000e+02
4.229951477050781250e+02
4.170101318359375000e+02
4.094242553710937500e+02
4.030393066406250000e+02
3.958435058593750000e+02
3.854623107910156250e+02
3.763782958984375000e+02
3.689029846191406250e+02
3.660046081542968750e+02
3.625009460449218750e+02
3.584157409667968750e+02
3.543435058593750000e+02
3.514038391113281250e+02
3.492332153320312500e+02
3.436545715332031250e+02
3.358225097656250000e+02
3.290868530273437500e+02
3.231898193359375000e+02
3.192872009277343750e+02
3.169423828125000000e+02
3.131777954101562500e+02
2.982459411621093750e+02
2.897616882324218750e+02
2.772828979492187500e+02
2.742218627929687500e+02
2.694107055664062500e+02
2.669481506347656250e+02
2.636991577148437500e+02
2.574230957031250000e+02
2.529136199951171875e+02
2.491889038085937500e+02
2.456941223144531250e+02
2.412411499023437500e+02
2.366006164550781250e+02
2.326736907958984375e+02
2.317161712646484375e+02
2.278889312744140625e+02
2.262268676757812500e+02
2.237980651855468750e+02
2.201445922851562500e+02
2.131072998046875000e+02
2.083963317871093750e+02
2.022124938964843750e+02
1.981145324707031250e+02
1.953108825683593750e+02
1.915305023193359375e+02
1.847662048339843750e+02
1.812691040039062500e+02
1.801762847900390625e+02
1.788020629882812500e+02
1.769512329101562500e+02
1.760885009765625000e+02
1.743058929443359375e+02
1.702990722656250000e+02
1.680333862304687500e+02
1.658540344238281250e+02
1.639636688232421875e+02
1.628017272949218750e+02
1.618503417968750000e+02
1.598303680419921875e+02
1.577635192871093750e+02
1.550033264160156250e+02
1.521885223388671875e+02
1.498713531494140625e+02
1.482430725097656250e+02
1.466717987060546875e+02
1.454294738769531250e+02
1.443890991210937500e+02
1.429663391113281250e+02
1.404465332031250000e+02
1.383665618896484375e+02
1.362705078125000000e+02
1.347489624023437500e+02
1.333990020751953125e+02
1.313892517089843750e+02
1.287960205078125000e+02
1.265590972900390625e+02
1.247788696289062500e+02
1.232300415039062500e+02
1.222843246459960938e+02
1.212288360595703125e+02
1.206568603515625000e+02
1.198812866210937500e+02
1.193796691894531250e+02
1.188411254882812500e+02
1.178893432617187500e+02
1.171294708251953125e+02
1.156698074340820312e+02
1.145780029296875000e+02
1.129127578735351562e+02
1.124852676391601562e+02
1.121513290405273438e+02
1.116847534179687500e+02
1.111854324340820312e+02
1.107667388916015625e+02
1.103629226684570312e+02
1.100566558837890625e+02
1.096857910156250000e+02
1.092129211425781250e+02
1.085916748046875000e+02
1.077248687744140625e+02
1.072782745361328125e+02
1.068471069335937500e+02
1.064759521484375000e+02
1.061023788452148438e+02
1.055671234130859375e+02
1.048924026489257812e+02
1.043027267456054688e+02
1.037792892456054688e+02
1.031270065307617188e+02
1.026566390991210938e+02
1.022131423950195312e+02
1.018391571044921875e+02
1.014761657714843750e+02
1.011033477783203125e+02
1.007264251708984375e+02
1.001150894165039062e+02
9.981884765625000000e+01
9.943863677978515625e+01
9.924079132080078125e+01
9.911005401611328125e+01
9.883812713623046875e+01
9.827181243896484375e+01
9.790536499023437500e+01
9.722793579101562500e+01
9.662506103515625000e+01
9.596540832519531250e+01
9.523442077636718750e+01
9.412894439697265625e+01
9.389061737060546875e+01
9.305831146240234375e+01
9.264678955078125000e+01
9.228804016113281250e+01
9.196697998046875000e+01
9.168477630615234375e+01
9.101878356933593750e+01
9.038170623779296875e+01
8.959449005126953125e+01
8.884149169921875000e+01
8.830856323242187500e+01
8.783190917968750000e+01
8.745995330810546875e+01
8.722723388671875000e+01
8.697079467773437500e+01
8.659732055664062500e+01
8.609018707275390625e+01
8.534475708007812500e+01
8.448727416992187500e+01
8.392509460449218750e+01
8.347236633300781250e+01
8.289841461181640625e+01
8.243051910400390625e+01
8.176815032958984375e+01
8.065129852294921875e+01
8.009914398193359375e+01
7.942384338378906250e+01
7.906022644042968750e+01
7.868493652343750000e+01
7.840031433105468750e+01
7.813021850585937500e+01
7.776460266113281250e+01
7.732449340820312500e+01
7.669879150390625000e+01
7.610440826416015625e+01
7.550061035156250000e+01
7.501336669921875000e+01
7.451640319824218750e+01
7.411497497558593750e+01
7.353861999511718750e+01
7.313961791992187500e+01
7.289936828613281250e+01
7.261810302734375000e+01
7.231472015380859375e+01
7.200663757324218750e+01
7.150019836425781250e+01
7.071955871582031250e+01
6.985498046875000000e+01
6.935974121093750000e+01
6.909265136718750000e+01
6.865551757812500000e+01
6.822052764892578125e+01
6.784968566894531250e+01
6.755669403076171875e+01
6.721594238281250000e+01
6.681058502197265625e+01
6.626609039306640625e+01
6.587559509277343750e+01
6.560012817382812500e+01
6.535232543945312500e+01
6.492375946044921875e+01
6.369305419921875000e+01
6.254664993286132812e+01
6.191009521484375000e+01
6.103679656982421875e+01
6.074337387084960938e+01
6.037902832031250000e+01
6.012650680541992188e+01
5.974324798583984375e+01
5.945867156982421875e+01
5.897132873535156250e+01
5.859642028808593750e+01
5.820613479614257812e+01
5.783205413818359375e+01
5.728922653198242188e+01
5.648237228393554688e+01
5.560432434082031250e+01
5.465280532836914062e+01
5.393039703369140625e+01
5.320804595947265625e+01
5.258116912841796875e+01
5.193617248535156250e+01
5.132293319702148438e+01
5.064548873901367188e+01
5.008257293701171875e+01
4.961393737792968750e+01
4.876628875732421875e+01
4.820436096191406250e+01
4.732729721069335938e+01
4.668201065063476562e+01
4.606023406982421875e+01
4.547103881835937500e+01
4.501686477661132812e+01
4.476767349243164062e+01
4.455955505371093750e+01
4.415583801269531250e+01
4.364076995849609375e+01
4.301661682128906250e+01
4.246425247192382812e+01
4.212148666381835938e+01
4.184432220458984375e+01
4.161980056762695312e+01
4.130387496948242188e+01
4.092044830322265625e+01
4.039409637451171875e+01
3.957428359985351562e+01
3.893405532836914062e+01
3.842652130126953125e+01
3.795174026489257812e+01
3.736768341064453125e+01
3.668589782714843750e+01
3.604347229003906250e+01
3.559184265136718750e+01
3.519564819335937500e+01
3.476152038574218750e+01
3.436729049682617188e+01
3.409059906005859375e+01
3.391834259033203125e+01
3.374281311035156250e+01
3.367302322387695312e+01
3.348226928710937500e+01
3.340324401855468750e+01
3.327851867675781250e+01
3.310382461547851562e+01
3.271851348876953125e+01
3.227585601806640625e+01
3.194984626770019531e+01
3.143884658813476562e+01
3.103777694702148438e+01
3.082995223999023438e+01
3.062562179565429688e+01
3.045708465576171875e+01
3.033771514892578125e+01
3.017970275878906250e+01
2.999863433837890625e+01
2.975074768066406250e+01
2.966315841674804688e+01
2.950390243530273438e+01
2.943727684020996094e+01
2.933876991271972656e+01
2.916366577148437500e+01
2.884330368041992188e+01
2.847799873352050781e+01
2.833620452880859375e+01
2.816136741638183594e+01
2.810024642944335938e+01
2.801712799072265625e+01
2.797174072265625000e+01
2.792432785034179688e+01
2.783841133117675781e+01
2.771689414978027344e+01
2.753224754333496094e+01
2.736201477050781250e+01
2.721076965332031250e+01
2.706450653076171875e+01
2.694076919555664062e+01
2.677219200134277344e+01
2.660137748718261719e+01
2.647943878173828125e+01
2.641081047058105469e+01
2.631811141967773438e+01
2.622933578491210938e+01
2.614944648742675781e+01
2.605661582946777344e+01
2.594313240051269531e+01
2.583264350891113281e+01
2.569588851928710938e+01
2.561227226257324219e+01
2.553293800354003906e+01
2.541422843933105469e+01
2.525913429260253906e+01
2.507812881469726562e+01
2.485218048095703125e+01
2.464719009399414062e+01
2.441522026062011719e+01
2.425033569335937500e+01
2.415027236938476562e+01
2.408252143859863281e+01
2.397300338745117188e+01
2.386568832397460938e+01
2.375592041015625000e+01
2.366864204406738281e+01
2.355892753601074219e+01
2.342410659790039062e+01
2.326348686218261719e+01
2.317416381835937500e+01
2.310391616821289062e+01
2.304349517822265625e+01
2.299369812011718750e+01
2.288099288940429688e+01
2.282384300231933594e+01
2.273241615295410156e+01
2.265585136413574219e+01
2.260780143737792969e+01
2.252828788757324219e+01
2.244782066345214844e+01
2.237418556213378906e+01
2.232879638671875000e+01
2.225360870361328125e+01
2.218126487731933594e+01
2.211145401000976562e+01
2.205045700073242188e+01
2.198473167419433594e+01
2.191175270080566406e+01
2.183943367004394531e+01
2.176828193664550781e+01
2.170353126525878906e+01
2.166851043701171875e+01
2.161502456665039062e+01
2.157080841064453125e+01
2.149322509765625000e+01
2.138528823852539062e+01
2.134214019775390625e+01
2.129109001159667969e+01
2.126747322082519531e+01
2.123585128784179688e+01
2.119802856445312500e+01
2.113877677917480469e+01
2.108326148986816406e+01
2.100165176391601562e+01
2.087039756774902344e+01
2.072122764587402344e+01
2.051797294616699219e+01
2.029399871826171875e+01
2.010878372192382812e+01
1.991490173339843750e+01
1.976846694946289062e+01
1.962022018432617188e+01
1.941379928588867188e+01
1.927853775024414062e+01
1.914100456237792969e+01
1.905390167236328125e+01
1.900169754028320312e+01
1.895383071899414062e+01
1.891199874877929688e+01
1.883381271362304688e+01
1.876882362365722656e+01
1.869252586364746094e+01
1.865050888061523438e+01
1.853619956970214844e+01
1.844785499572753906e+01
1.830740165710449219e+01
1.811545944213867188e+01
1.796355247497558594e+01
1.787520599365234375e+01
1.776971435546875000e+01
1.767635154724121094e+01
1.762037277221679688e+01
1.754986572265625000e+01
1.750579452514648438e+01
1.748902702331542969e+01
1.746957778930664062e+01
1.742582321166992188e+01
1.738272857666015625e+01
1.733899307250976562e+01
1.730838775634765625e+01
1.727593612670898438e+01
1.722852706909179688e+01
1.715217018127441406e+01
1.707626914978027344e+01
1.699128532409667969e+01
1.689841079711914062e+01
1.673375511169433594e+01
1.665090370178222656e+01
1.659457778930664062e+01
1.654434585571289062e+01
1.646005249023437500e+01
1.637245941162109375e+01
1.629693222045898438e+01
1.621797180175781250e+01
1.613036155700683594e+01
1.603389167785644531e+01
1.601483726501464844e+01
1.586562728881835938e+01
1.579766178131103516e+01
1.570736122131347656e+01
1.560703659057617188e+01
1.548992538452148438e+01
1.536575794219970703e+01
1.528100013732910156e+01
1.520540428161621094e+01
1.513388919830322266e+01
1.505612754821777344e+01
1.493438053131103516e+01
1.481472301483154297e+01
1.472363948822021484e+01
1.466104984283447266e+01
1.462721443176269531e+01
1.458165168762207031e+01
1.453148365020751953e+01
1.448831844329833984e+01
1.445341014862060547e+01
1.441050910949707031e+01
1.437118339538574219e+01
1.434585285186767578e+01
1.432823181152343750e+01
1.430861949920654297e+01
1.429729080200195312e+01
1.427133369445800781e+01
1.424618625640869141e+01
1.423367977142333984e+01
1.419914627075195312e+01
1.417782974243164062e+01
1.415683937072753906e+01
1.414272785186767578e+01
1.413466167449951172e+01
1.411969661712646484e+01
1.411075878143310547e+01
1.408969974517822266e+01
1.403736782073974609e+01
1.400356769561767578e+01
1.396461582183837891e+01
1.392694091796875000e+01
1.389653587341308594e+01
1.385033702850341797e+01
1.380934143066406250e+01
1.371914482116699219e+01
1.367259788513183594e+01
1.357454395294189453e+01
1.352126502990722656e+01
1.348581886291503906e+01
1.344160652160644531e+01
1.341576290130615234e+01
1.339844131469726562e+01
1.337086486816406250e+01
1.332743835449218750e+01
1.329094982147216797e+01
1.326741123199462891e+01
1.323471260070800781e+01
1.320064258575439453e+01
1.316379356384277344e+01
1.312672328948974609e+01
1.311332988739013672e+01
1.309764862060546875e+01
1.308899211883544922e+01
1.306658554077148438e+01
1.305086517333984375e+01
1.303771114349365234e+01
1.301811408996582031e+01
1.301194572448730469e+01
1.300572586059570312e+01
1.299319934844970703e+01
1.298164176940917969e+01
1.297126197814941406e+01
1.295499801635742188e+01
1.292968559265136719e+01
1.290114402770996094e+01
1.286234474182128906e+01
1.283108043670654297e+01
1.279019546508789062e+01
1.277026176452636719e+01
1.274106502532958984e+01
1.271800899505615234e+01
1.269907665252685547e+01
1.268943691253662109e+01
1.267156410217285156e+01
1.264453125000000000e+01
1.263990306854248047e+01
1.260678958892822266e+01
1.259005355834960938e+01
1.256715202331542969e+01
1.253384685516357422e+01
1.250133800506591797e+01
1.246689414978027344e+01
1.244513511657714844e+01
1.241306018829345703e+01
1.238824748992919922e+01
1.235997676849365234e+01
1.232524299621582031e+01
1.229628276824951172e+01
1.228522872924804688e+01
1.226655769348144531e+01
1.224568843841552734e+01
1.221001911163330078e+01
1.213606071472167969e+01
1.208914852142333984e+01
1.204634666442871094e+01
1.200852394104003906e+01
1.198940944671630859e+01
1.195306205749511719e+01
1.192783069610595703e+01
1.190653514862060547e+01
1.189073085784912109e+01
1.186492919921875000e+01
1.185989284515380859e+01
1.182628822326660156e+01
1.181532287597656250e+01
1.180117702484130859e+01
1.177585029602050781e+01
1.170494365692138672e+01
1.167795944213867188e+01
1.161930942535400391e+01
1.157453536987304688e+01
1.155998706817626953e+01
1.155098438262939453e+01
1.154115676879882812e+01
1.152818584442138672e+01
1.151275253295898438e+01
1.149396896362304688e+01
1.147906208038330078e+01
1.145864105224609375e+01
1.143765640258789062e+01
1.140365409851074219e+01
1.136219024658203125e+01
1.131089782714843750e+01
1.128037357330322266e+01
1.122600364685058594e+01
1.120384216308593750e+01
1.117879104614257812e+01
1.116176128387451172e+01
1.113325500488281250e+01
1.109792423248291016e+01
1.106316757202148438e+01
1.102691745758056641e+01
1.098405456542968750e+01
1.094850635528564453e+01
1.092991256713867188e+01
1.089327144622802734e+01
1.087599754333496094e+01
1.084957695007324219e+01
1.082554149627685547e+01
1.078685760498046875e+01
1.076810646057128906e+01
1.073780059814453125e+01
1.072126293182373047e+01
1.070517253875732422e+01
1.066944313049316406e+01
1.062328529357910156e+01
1.060001564025878906e+01
1.056062793731689453e+01
1.054564571380615234e+01
1.052025222778320312e+01
1.048819351196289062e+01
1.046611118316650391e+01
1.044968223571777344e+01
1.043290424346923828e+01
1.042190074920654297e+01
1.041358184814453125e+01
1.040183067321777344e+01
1.039020538330078125e+01
1.037176990509033203e+01
1.035009002685546875e+01
1.031731224060058594e+01
1.030349636077880859e+01
1.027830791473388672e+01
1.025456523895263672e+01
1.024159240722656250e+01
1.021214199066162109e+01
1.018852138519287109e+01
1.016547489166259766e+01
1.013308429718017578e+01
1.010454368591308594e+01
1.008252048492431641e+01
1.006386280059814453e+01
1.004121494293212891e+01
9.994544982910156250e+00
9.932140350341796875e+00
9.882282257080078125e+00
9.798066139221191406e+00
9.755808830261230469e+00
9.724674224853515625e+00
9.697219848632812500e+00
9.673919677734375000e+00
9.644222259521484375e+00
9.592750549316406250e+00
9.550137519836425781e+00
9.518992424011230469e+00
9.485458374023437500e+00
9.448915481567382812e+00
9.411899566650390625e+00
9.377494812011718750e+00
9.353919029235839844e+00
9.339291572570800781e+00
9.320848464965820312e+00
9.302768707275390625e+00
9.287415504455566406e+00
9.281182289123535156e+00
9.259286880493164062e+00
9.246719360351562500e+00
9.235143661499023438e+00
9.219276428222656250e+00
9.203716278076171875e+00
9.191240310668945312e+00
9.174437522888183594e+00
9.158792495727539062e+00
9.134043693542480469e+00
9.111316680908203125e+00
9.095796585083007812e+00
9.078007698059082031e+00
9.062669754028320312e+00
9.043144226074218750e+00
9.022134780883789062e+00
8.996334075927734375e+00
8.969913482666015625e+00
8.946979522705078125e+00
8.923922538757324219e+00
8.913707733154296875e+00
8.904008865356445312e+00
8.894376754760742188e+00
8.875357627868652344e+00
8.856309890747070312e+00
8.841670989990234375e+00
8.827179908752441406e+00
8.812372207641601562e+00
8.802632331848144531e+00
8.791710853576660156e+00
8.775971412658691406e+00
8.758650779724121094e+00
8.740225791931152344e+00
8.727233886718750000e+00
8.720054626464843750e+00
8.699872016906738281e+00
8.685410499572753906e+00
8.668772697448730469e+00
8.642732620239257812e+00
8.609820365905761719e+00
8.587079048156738281e+00
8.553509712219238281e+00
8.531454086303710938e+00
8.519353866577148438e+00
8.505461692810058594e+00
8.492531776428222656e+00
8.474476814270019531e+00
8.445089340209960938e+00
8.419441223144531250e+00
8.389706611633300781e+00
8.373212814331054688e+00
8.361868858337402344e+00
8.351462364196777344e+00
8.341886520385742188e+00
8.327970504760742188e+00
8.312873840332031250e+00
8.299401283264160156e+00
8.274823188781738281e+00
8.238471984863281250e+00
8.202807426452636719e+00
8.178736686706542969e+00
8.154985427856445312e+00
8.122214317321777344e+00
8.103034019470214844e+00
8.088537216186523438e+00
8.079428672790527344e+00
8.059213638305664062e+00
8.037631034851074219e+00
8.015815734863281250e+00
8.000951766967773438e+00
7.983989715576171875e+00
7.977238178253173828e+00
7.956495285034179688e+00
7.943563461303710938e+00
7.925297737121582031e+00
7.897125244140625000e+00
7.835696697235107422e+00
7.768004894256591797e+00
7.704819679260253906e+00
7.650251388549804688e+00
7.605768203735351562e+00
7.542693614959716797e+00
7.524918556213378906e+00
7.482962608337402344e+00
7.458251476287841797e+00
7.423654556274414062e+00
7.395298004150390625e+00
7.375782966613769531e+00
7.365929126739501953e+00
7.354794979095458984e+00
7.331353187561035156e+00
7.306811332702636719e+00
7.290532588958740234e+00
7.278522968292236328e+00
7.268418312072753906e+00
7.257388591766357422e+00
7.249518394470214844e+00
7.242052555084228516e+00
7.230379581451416016e+00
7.217739105224609375e+00
7.206876754760742188e+00
7.193902492523193359e+00
7.181800365447998047e+00
7.159996032714843750e+00
7.123287200927734375e+00
7.116158962249755859e+00
7.094846725463867188e+00
7.073057174682617188e+00
7.061222076416015625e+00
7.044988155364990234e+00
7.037043571472167969e+00
7.029664039611816406e+00
7.021920204162597656e+00
7.010654926300048828e+00
6.996132850646972656e+00
6.981192588806152344e+00
6.972049713134765625e+00
6.959346771240234375e+00
6.945013523101806641e+00
6.931735038757324219e+00
6.918185234069824219e+00
6.900065422058105469e+00
6.884996891021728516e+00
6.878576278686523438e+00
6.869477272033691406e+00
6.863788604736328125e+00
6.856473922729492188e+00
6.845416545867919922e+00
6.831815242767333984e+00
6.818542003631591797e+00
6.805081367492675781e+00
6.795200347900390625e+00
6.777540206909179688e+00
6.759573936462402344e+00
6.748108863830566406e+00
6.736369132995605469e+00
6.723958969116210938e+00
6.712046623229980469e+00
6.703619003295898438e+00
6.689360141754150391e+00
6.675421714782714844e+00
6.655219554901123047e+00
6.642169952392578125e+00
6.621677398681640625e+00
6.610735893249511719e+00
6.585401535034179688e+00
6.552299022674560547e+00
6.537953853607177734e+00
6.528350830078125000e+00
6.518086910247802734e+00
6.508149147033691406e+00
6.502635955810546875e+00
6.489616394042968750e+00
6.475776672363281250e+00
6.470892906188964844e+00
6.450786590576171875e+00
6.437841415405273438e+00
6.427123069763183594e+00
6.416224479675292969e+00
6.399107933044433594e+00
6.373551845550537109e+00
6.357132434844970703e+00
6.344902992248535156e+00
6.332367897033691406e+00
6.310120105743408203e+00
6.292946815490722656e+00
6.285577774047851562e+00
6.275416374206542969e+00
6.266714096069335938e+00
6.259747028350830078e+00
6.250480651855468750e+00
6.235040664672851562e+00
6.213090896606445312e+00
6.191506385803222656e+00
6.173263549804687500e+00
6.161609649658203125e+00
6.149096012115478516e+00
6.140576839447021484e+00
6.129230976104736328e+00
6.115309715270996094e+00
6.106793403625488281e+00
6.088416099548339844e+00
6.074990749359130859e+00
6.062433719635009766e+00
6.051714897155761719e+00
6.040645599365234375e+00
6.028376579284667969e+00
6.012094020843505859e+00
5.996204376220703125e+00
5.973491668701171875e+00
5.954474449157714844e+00
5.941204547882080078e+00
5.930321216583251953e+00
5.920312404632568359e+00
5.903304100036621094e+00
5.883532524108886719e+00
5.859097003936767578e+00
5.827983856201171875e+00
5.801645278930664062e+00
5.779661178588867188e+00
5.769296646118164062e+00
5.758308887481689453e+00
5.741704463958740234e+00
5.716649055480957031e+00
5.688209533691406250e+00
5.664349555969238281e+00
5.643435478210449219e+00
5.632299900054931641e+00
5.619194030761718750e+00
5.606852054595947266e+00
5.594980716705322266e+00
5.584412574768066406e+00
5.575547695159912109e+00
5.565625190734863281e+00
5.558516502380371094e+00
5.549094676971435547e+00
5.530879974365234375e+00
5.507183551788330078e+00
5.503691673278808594e+00
5.482166767120361328e+00
5.474353313446044922e+00
5.463438987731933594e+00
5.446645736694335938e+00
5.435820579528808594e+00
5.409485340118408203e+00
5.394089698791503906e+00
5.379201412200927734e+00
5.371733188629150391e+00
5.363939762115478516e+00
5.354598045349121094e+00
5.345632076263427734e+00
5.336418151855468750e+00
5.328420639038085938e+00
5.319838523864746094e+00
5.311324119567871094e+00
5.302639484405517578e+00
5.293275833129882812e+00
5.281299114227294922e+00
5.268372535705566406e+00
5.250711917877197266e+00
5.226411342620849609e+00
5.197854042053222656e+00
5.180127620697021484e+00
5.165580749511718750e+00
5.151186943054199219e+00
5.134332180023193359e+00
5.116970539093017578e+00
5.100483894348144531e+00
5.089187622070312500e+00
5.075254917144775391e+00
5.061444759368896484e+00
5.041857719421386719e+00
5.031707286834716797e+00
5.013001918792724609e+00
4.994719028472900391e+00
4.988069534301757812e+00
4.970952987670898438e+00
4.947178840637207031e+00
4.935701370239257812e+00
4.922120571136474609e+00
4.911787033081054688e+00
4.901364326477050781e+00
4.888442516326904297e+00
4.877679347991943359e+00
4.870004653930664062e+00
4.864863872528076172e+00
4.860712051391601562e+00
4.854002475738525391e+00
4.846285820007324219e+00
4.839943408966064453e+00
4.827552795410156250e+00
4.810936450958251953e+00
4.801447868347167969e+00
4.788743972778320312e+00
4.777060031890869141e+00
4.760984420776367188e+00
4.738288402557373047e+00
4.717091560363769531e+00
4.705747604370117188e+00
4.694836616516113281e+00
4.686388015747070312e+00
4.679276466369628906e+00
4.669400215148925781e+00
4.659545421600341797e+00
4.652773857116699219e+00
4.646198272705078125e+00
4.635569572448730469e+00
4.623762607574462891e+00
4.617277145385742188e+00
4.611501693725585938e+00
4.602206230163574219e+00
4.593788146972656250e+00
4.580714702606201172e+00
4.570391654968261719e+00
4.566587448120117188e+00
4.561113357543945312e+00
4.558317184448242188e+00
4.553778648376464844e+00
4.549916744232177734e+00
4.543992042541503906e+00
4.538950443267822266e+00
4.529614448547363281e+00
4.523513793945312500e+00
4.516752243041992188e+00
4.511097431182861328e+00
4.502760410308837891e+00
4.498193740844726562e+00
4.490849971771240234e+00
4.482417106628417969e+00
4.475733280181884766e+00
4.468667984008789062e+00
4.463235378265380859e+00
4.460433483123779297e+00
4.452847003936767578e+00
4.446095466613769531e+00
4.440027236938476562e+00
4.431846618652343750e+00
4.420287132263183594e+00
4.408747196197509766e+00
4.400841712951660156e+00
4.392824649810791016e+00
4.385012626647949219e+00
4.378999710083007812e+00
4.373301029205322266e+00
4.370716571807861328e+00
4.367118835449218750e+00
4.363644123077392578e+00
4.358062744140625000e+00
4.354618549346923828e+00
4.351248741149902344e+00
4.347033023834228516e+00
4.344299793243408203e+00
4.343438148498535156e+00
4.338378429412841797e+00
4.334480285644531250e+00
4.329233169555664062e+00
4.327836990356445312e+00
4.321309089660644531e+00
4.317553997039794922e+00
4.313647270202636719e+00
4.309107780456542969e+00
4.306125640869140625e+00
4.301553249359130859e+00
4.298674583435058594e+00
4.290982246398925781e+00
4.283334732055664062e+00
4.274652004241943359e+00
4.265913963317871094e+00
4.261224269866943359e+00
4.256558418273925781e+00
4.250654220581054688e+00
4.242068767547607422e+00
4.238864898681640625e+00
4.234341621398925781e+00
4.228601455688476562e+00
4.225139617919921875e+00
4.221560001373291016e+00
4.218472957611083984e+00
4.215063095092773438e+00
4.211069583892822266e+00
4.204083442687988281e+00
4.189702033996582031e+00
4.176882266998291016e+00
4.171483516693115234e+00
4.161026000976562500e+00
4.157891273498535156e+00
4.152153015136718750e+00
4.147066116333007812e+00
4.138468742370605469e+00
4.134111881256103516e+00
4.130280971527099609e+00
4.125518798828125000e+00
4.120251178741455078e+00
4.112294673919677734e+00
4.106147766113281250e+00
4.095899105072021484e+00
4.084193229675292969e+00
4.074208736419677734e+00
4.058283805847167969e+00
4.042120933532714844e+00
4.024572849273681641e+00
4.010091304779052734e+00
3.989248275756835938e+00
3.975373029708862305e+00
3.957987070083618164e+00
3.945462942123413086e+00
3.935206413269042969e+00
3.924210548400878906e+00
3.915584564208984375e+00
3.908283948898315430e+00
3.904300451278686523e+00
3.899315357208251953e+00
3.892786026000976562e+00
3.884298324584960938e+00
3.874835729598999023e+00
3.862370967864990234e+00
3.848297595977783203e+00
3.829714536666870117e+00
3.813187122344970703e+00
3.793155908584594727e+00
3.780153274536132812e+00
3.770167827606201172e+00
3.759913206100463867e+00
3.750749588012695312e+00
3.739656925201416016e+00
3.729993104934692383e+00
3.720393419265747070e+00
3.706166982650756836e+00
3.699609518051147461e+00
3.691331863403320312e+00
3.684634685516357422e+00
3.679481506347656250e+00
3.677474498748779297e+00
3.673673868179321289e+00
3.669635295867919922e+00
3.667156696319580078e+00
3.663517475128173828e+00
3.660055637359619141e+00
3.655942440032958984e+00
3.651620388031005859e+00
3.643023967742919922e+00
3.636192321777343750e+00
3.627431869506835938e+00
3.622119426727294922e+00
3.613344192504882812e+00
3.607429981231689453e+00
3.600352525711059570e+00
3.592985153198242188e+00
3.586841583251953125e+00
3.581006050109863281e+00
3.573283433914184570e+00
3.566777467727661133e+00
3.560113430023193359e+00
3.551629543304443359e+00
3.547470331192016602e+00
3.541661500930786133e+00
3.536592483520507812e+00
3.533525943756103516e+00
3.527854681015014648e+00
3.518016576766967773e+00
3.515175342559814453e+00
3.507772445678710938e+00
3.503832817077636719e+00
3.500266313552856445e+00
3.496329784393310547e+00
3.490244865417480469e+00
3.484335899353027344e+00
3.481443881988525391e+00
3.477853775024414062e+00
3.474703311920166016e+00
3.472737312316894531e+00
3.471430778503417969e+00
3.470017910003662109e+00
3.468281745910644531e+00
3.466736316680908203e+00
3.464840412139892578e+00
3.462252616882324219e+00
3.459311962127685547e+00
3.456338405609130859e+00
3.453216552734375000e+00
3.450983047485351562e+00
3.448758363723754883e+00
3.446515560150146484e+00
3.444778442382812500e+00
3.441922664642333984e+00
3.439988613128662109e+00
3.436452388763427734e+00
3.433223009109497070e+00
3.431263208389282227e+00
3.428838253021240234e+00
3.426547765731811523e+00
3.424184799194335938e+00
3.421168804168701172e+00
3.416544437408447266e+00
3.410567283630371094e+00
3.402323722839355469e+00
3.396876335144042969e+00
3.392811536788940430e+00
3.388924598693847656e+00
3.385720491409301758e+00
3.382971763610839844e+00
3.378395557403564453e+00
3.374412059783935547e+00
3.370476245880126953e+00
3.367138147354125977e+00
3.363053560256958008e+00
3.358673095703125000e+00
3.352952480316162109e+00
3.347856044769287109e+00
3.343625783920288086e+00
3.340567111968994141e+00
3.338502645492553711e+00
3.335376024246215820e+00
3.333737134933471680e+00
3.330122709274291992e+00
3.324452161788940430e+00
3.318556308746337891e+00
3.313163757324218750e+00
3.307161808013916016e+00
3.302402257919311523e+00
3.296595096588134766e+00
3.291021347045898438e+00
3.278019428253173828e+00
3.276483535766601562e+00
3.272133827209472656e+00
3.266978502273559570e+00
3.264846801757812500e+00
3.262828826904296875e+00
3.260692119598388672e+00
3.257400274276733398e+00
3.254797935485839844e+00
3.251937866210937500e+00
3.249204158782958984e+00
3.247778892517089844e+00
3.245797634124755859e+00
3.244119405746459961e+00
3.242628097534179688e+00
3.240312099456787109e+00
3.237890481948852539e+00
3.233391761779785156e+00
3.229095697402954102e+00
3.225094795227050781e+00
3.220561742782592773e+00
3.219096660614013672e+00
3.215010643005371094e+00
3.212467193603515625e+00
3.209069490432739258e+00
3.207249641418457031e+00
3.205285072326660156e+00
3.203945159912109375e+00
3.201772451400756836e+00
3.199381828308105469e+00
3.197648286819458008e+00
3.195215702056884766e+00
3.191994905471801758e+00
3.190626382827758789e+00
3.188212394714355469e+00
3.187607049942016602e+00
3.186456680297851562e+00
3.186041831970214844e+00
3.182482481002807617e+00
3.180084943771362305e+00
3.177052021026611328e+00
3.174715995788574219e+00
3.172622203826904297e+00
3.170922517776489258e+00
3.164714336395263672e+00
3.162779808044433594e+00
3.159008026123046875e+00
3.155339002609252930e+00
3.149248123168945312e+00
3.142217397689819336e+00
3.134971141815185547e+00
3.127991914749145508e+00
3.124944925308227539e+00
3.118777751922607422e+00
3.112978696823120117e+00
3.104669332504272461e+00
3.094188690185546875e+00
3.089622497558593750e+00
3.081212997436523438e+00
3.077881574630737305e+00
3.075344800949096680e+00
3.072652816772460938e+00
3.069303512573242188e+00
3.066991806030273438e+00
3.065640211105346680e+00
3.064506530761718750e+00
3.061845779418945312e+00
3.059348583221435547e+00
3.056115627288818359e+00
3.054170608520507812e+00
3.051973342895507812e+00
3.050080776214599609e+00
3.047184705734252930e+00
3.044312477111816406e+00
3.042849063873291016e+00
3.039731979370117188e+00
3.037651300430297852e+00
3.034712314605712891e+00
3.031889200210571289e+00
3.030132293701171875e+00
3.028048515319824219e+00
3.024512052536010742e+00
3.020226240158081055e+00
3.010548830032348633e+00
3.001400947570800781e+00
2.996199369430541992e+00
2.992283344268798828e+00
2.990726232528686523e+00
2.988444566726684570e+00
2.985793590545654297e+00
2.982303142547607422e+00
2.977992534637451172e+00
2.973925828933715820e+00
2.972090959548950195e+00
2.968545436859130859e+00
2.963758707046508789e+00
2.953258037567138672e+00
2.950766086578369141e+00
2.947030067443847656e+00
2.941007375717163086e+00
2.936387777328491211e+00
2.929810762405395508e+00
2.925007820129394531e+00
2.921111583709716797e+00
2.917612075805664062e+00
2.914321422576904297e+00
2.911444425582885742e+00
2.909807205200195312e+00
2.904622554779052734e+00
2.900224685668945312e+00
2.895919084548950195e+00
2.892457008361816406e+00
2.889031410217285156e+00
2.885761260986328125e+00
2.877036809921264648e+00
2.869596242904663086e+00
2.861656904220581055e+00
2.855145931243896484e+00
2.853462696075439453e+00
2.852080821990966797e+00
2.850801944732666016e+00
2.848166465759277344e+00
2.846978425979614258e+00
2.843037128448486328e+00
2.840633153915405273e+00
2.837628364562988281e+00
2.834868431091308594e+00
2.832035303115844727e+00
2.830759048461914062e+00
2.827986240386962891e+00
2.824342250823974609e+00
2.822629451751708984e+00
2.818718433380126953e+00
2.816446542739868164e+00
2.813890457153320312e+00
2.810453891754150391e+00
2.804350614547729492e+00
2.796576976776123047e+00
2.787640810012817383e+00
2.780722379684448242e+00
2.774852037429809570e+00
2.771553039550781250e+00
2.770793437957763672e+00
2.769210338592529297e+00
2.768307924270629883e+00
2.765847206115722656e+00
2.763398408889770508e+00
2.760548114776611328e+00
2.758636474609375000e+00
2.756553649902343750e+00
2.755422830581665039e+00
2.753193855285644531e+00
2.751590728759765625e+00
2.750691413879394531e+00
2.749496936798095703e+00
2.747604608535766602e+00
2.745550394058227539e+00
2.742332220077514648e+00
2.740111351013183594e+00
2.739532709121704102e+00
2.737740516662597656e+00
2.737318992614746094e+00
2.735734939575195312e+00
2.734459877014160156e+00
2.730883359909057617e+00
2.725467443466186523e+00
2.722911357879638672e+00
2.719092369079589844e+00
2.716261863708496094e+00
2.714906930923461914e+00
2.712244033813476562e+00
2.708788394927978516e+00
2.704426288604736328e+00
2.701446771621704102e+00
2.695307016372680664e+00
2.692346572875976562e+00
2.687744140625000000e+00
2.683239459991455078e+00
2.682235240936279297e+00
2.681379556655883789e+00
2.680037021636962891e+00
2.679209470748901367e+00
2.678019285202026367e+00
2.676484107971191406e+00
2.674854755401611328e+00
2.673447370529174805e+00
2.671921730041503906e+00
2.670775413513183594e+00
2.668029308319091797e+00
2.666043519973754883e+00
2.663337230682373047e+00
2.660840988159179688e+00
2.657974243164062500e+00
2.656209468841552734e+00
2.652815341949462891e+00
2.647619962692260742e+00
2.644186973571777344e+00
2.640460014343261719e+00
2.635470390319824219e+00
2.629724979400634766e+00
2.624564409255981445e+00
2.622361898422241211e+00
2.619860649108886719e+00
2.618443012237548828e+00
2.616281032562255859e+00
2.612392187118530273e+00
2.610039472579956055e+00
2.607482194900512695e+00
2.605224847793579102e+00
2.603170633316040039e+00
2.600560188293457031e+00
2.598108530044555664e+00
2.595996856689453125e+00
2.592412710189819336e+00
2.587961673736572266e+00
2.583937168121337891e+00
2.580403804779052734e+00
2.576246500015258789e+00
2.573952913284301758e+00
2.571676015853881836e+00
2.569144487380981445e+00
2.564901113510131836e+00
2.559636354446411133e+00
2.554892539978027344e+00
2.551852226257324219e+00
2.549742221832275391e+00
2.548684835433959961e+00
2.547108173370361328e+00
2.546157360076904297e+00
2.541615247726440430e+00
2.538259267807006836e+00
2.535426616668701172e+00
2.533778667449951172e+00
2.532199144363403320e+00
2.530396223068237305e+00
2.529229879379272461e+00
2.528265953063964844e+00
2.526823997497558594e+00
2.526195526123046875e+00
2.524833202362060547e+00
2.522963047027587891e+00
2.521240234375000000e+00
2.518502473831176758e+00
2.516935825347900391e+00
2.513644456863403320e+00
2.512806415557861328e+00
2.509606122970581055e+00
2.508336544036865234e+00
2.507392883300781250e+00
2.505737066268920898e+00
2.502578735351562500e+00
2.500983238220214844e+00
2.498657703399658203e+00
2.496795892715454102e+00
2.495983600616455078e+00
2.495236635208129883e+00
2.493797779083251953e+00
2.490763664245605469e+00
2.487542629241943359e+00
2.484315156936645508e+00
2.480885982513427734e+00
2.477646827697753906e+00
2.474862098693847656e+00
2.471921920776367188e+00
2.469732761383056641e+00
2.467436075210571289e+00
2.464511632919311523e+00
2.462547540664672852e+00
2.460123777389526367e+00
2.457621097564697266e+00
2.454547643661499023e+00
2.451789379119873047e+00
2.450397968292236328e+00
2.447391986846923828e+00
2.444810152053833008e+00
2.442733764648437500e+00
2.440807104110717773e+00
2.438390254974365234e+00
2.437279939651489258e+00
2.435208320617675781e+00
2.434029817581176758e+00
2.432413816452026367e+00
2.430955410003662109e+00
2.429979562759399414e+00
2.428743600845336914e+00
2.427492856979370117e+00
2.426703214645385742e+00
2.425089836120605469e+00
2.423580646514892578e+00
2.421834707260131836e+00
2.420309782028198242e+00
2.417799949645996094e+00
2.415819644927978516e+00
2.413493156433105469e+00
2.411391735076904297e+00
2.409804821014404297e+00
2.407923936843872070e+00
2.406551599502563477e+00
2.406106948852539062e+00
2.404977560043334961e+00
2.404297590255737305e+00
2.403472423553466797e+00
2.402513027191162109e+00
2.400618314743041992e+00
2.399930238723754883e+00
2.398746728897094727e+00
2.397884368896484375e+00
2.397128343582153320e+00
2.395717144012451172e+00
2.393963813781738281e+00
2.393445730209350586e+00
2.391480207443237305e+00
2.389946460723876953e+00
2.387589931488037109e+00
2.385314226150512695e+00
2.383371591567993164e+00
2.382148265838623047e+00
2.381557941436767578e+00
2.380570411682128906e+00
2.379098415374755859e+00
2.377113342285156250e+00
2.374729156494140625e+00
2.371993303298950195e+00
2.369019031524658203e+00
2.365805625915527344e+00
2.361105203628540039e+00
2.359057903289794922e+00
2.355973958969116211e+00
2.354321956634521484e+00
2.352876186370849609e+00
2.349588632583618164e+00
2.347450971603393555e+00
2.344751834869384766e+00
2.343147754669189453e+00
2.342171430587768555e+00
2.340976476669311523e+00
2.339255809783935547e+00
2.337673187255859375e+00
2.335704803466796875e+00
2.333519458770751953e+00
2.331269741058349609e+00
2.329896926879882812e+00
2.328624248504638672e+00
2.327981710433959961e+00
2.327309131622314453e+00
2.325922966003417969e+00
2.323749780654907227e+00
2.320326566696166992e+00
2.316501855850219727e+00
2.313643455505371094e+00
2.310952663421630859e+00
2.308569908142089844e+00
2.305289983749389648e+00
2.300396442413330078e+00
2.297221899032592773e+00
2.294772863388061523e+00
2.292239665985107422e+00
2.289560317993164062e+00
2.287629365921020508e+00
2.285371065139770508e+00
2.282654762268066406e+00
2.278626441955566406e+00
2.274871349334716797e+00
2.271930217742919922e+00
2.269470214843750000e+00
2.264528036117553711e+00
2.262672662734985352e+00
2.256948232650756836e+00
2.251959800720214844e+00
2.248604536056518555e+00
2.245987892150878906e+00
2.242348670959472656e+00
2.239122629165649414e+00
2.236060619354248047e+00
2.234340190887451172e+00
2.232312440872192383e+00
2.229340314865112305e+00
2.225406169891357422e+00
2.222575664520263672e+00
2.221946239471435547e+00
2.220088958740234375e+00
2.218470335006713867e+00
2.215999603271484375e+00
2.213503360748291016e+00
2.210066556930541992e+00
2.207813978195190430e+00
2.204940319061279297e+00
2.202598094940185547e+00
2.200008392333984375e+00
2.196673393249511719e+00
2.194366693496704102e+00
2.190865278244018555e+00
2.188251018524169922e+00
2.187518119812011719e+00
2.183225631713867188e+00
2.180408000946044922e+00
2.176573038101196289e+00
2.172507762908935547e+00
2.167479991912841797e+00
2.163777828216552734e+00
2.159605741500854492e+00
2.156113624572753906e+00
2.148271322250366211e+00
2.147328853607177734e+00
2.136898994445800781e+00
2.131788492202758789e+00
2.127332687377929688e+00
2.123235225677490234e+00
2.119641065597534180e+00
2.117182254791259766e+00
2.113895416259765625e+00
2.110213041305541992e+00
2.106438159942626953e+00
2.101238250732421875e+00
2.096451997756958008e+00
2.093648195266723633e+00
2.089893341064453125e+00
2.087557792663574219e+00
2.081519603729248047e+00
2.077124595642089844e+00
2.072807073593139648e+00
2.067537546157836914e+00
2.062398910522460938e+00
2.054403305053710938e+00
2.051092624664306641e+00
2.045833110809326172e+00
2.041085004806518555e+00
2.036128044128417969e+00
2.033341646194458008e+00
2.031407833099365234e+00
2.030099868774414062e+00
2.028250694274902344e+00
2.026171922683715820e+00
2.023979187011718750e+00
2.022831678390502930e+00
2.020963668823242188e+00
2.019980430603027344e+00
2.018445491790771484e+00
2.017638444900512695e+00
2.016272544860839844e+00
2.015767335891723633e+00
2.015049934387207031e+00
2.014034032821655273e+00
2.013182878494262695e+00
2.012026309967041016e+00
2.010649442672729492e+00
2.008482456207275391e+00
2.007027149200439453e+00
2.006822824478149414e+00
2.003939390182495117e+00
2.002800941467285156e+00
2.001645326614379883e+00
2.000532150268554688e+00
1.998998403549194336e+00
1.997594594955444336e+00
1.995719552040100098e+00
1.993396162986755371e+00
1.991211414337158203e+00
1.988916397094726562e+00
1.988027215003967285e+00
1.987135648727416992e+00
1.986071228981018066e+00
1.985660672187805176e+00
1.984635233879089355e+00
1.983623981475830078e+00
1.982783555984497070e+00
1.980829238891601562e+00
1.979128122329711914e+00
1.976374983787536621e+00
1.974279999732971191e+00
1.973601102828979492e+00
1.972409605979919434e+00
1.970828413963317871e+00
1.969822883605957031e+00
1.967982769012451172e+00
1.963003158569335938e+00
1.958652734756469727e+00
1.951602458953857422e+00
1.949261426925659180e+00
1.946249723434448242e+00
1.943944692611694336e+00
1.943318843841552734e+00
1.942042469978332520e+00
1.941469430923461914e+00
1.940640568733215332e+00
1.939503192901611328e+00
1.937553286552429199e+00
1.936721563339233398e+00
1.935015439987182617e+00
1.933339357376098633e+00
1.931239366531372070e+00
1.928096055984497070e+00
1.924180269241333008e+00
1.919694542884826660e+00
1.916598439216613770e+00
1.914335370063781738e+00
1.912726283073425293e+00
1.911823034286499023e+00
1.910861730575561523e+00
1.910199522972106934e+00
1.908771991729736328e+00
1.906630516052246094e+00
1.904226541519165039e+00
1.902625083923339844e+00
1.901238918304443359e+00
1.899481773376464844e+00
1.898173928260803223e+00
1.897109866142272949e+00
1.896031975746154785e+00
1.895550131797790527e+00
1.894263863563537598e+00
1.893064975738525391e+00
1.891187310218811035e+00
1.890350222587585449e+00
1.888919711112976074e+00
1.887377619743347168e+00
1.885680794715881348e+00
1.882898807525634766e+00
1.878787636756896973e+00
1.876288652420043945e+00
1.872916221618652344e+00
1.872061014175415039e+00
1.870624899864196777e+00
1.868228793144226074e+00
1.866591572761535645e+00
1.863501071929931641e+00
1.860582590103149414e+00
1.857179760932922363e+00
1.854817748069763184e+00
1.853329181671142578e+00
1.851907014846801758e+00
1.850212454795837402e+00
1.849098205566406250e+00
1.846757054328918457e+00
1.845904469490051270e+00
1.844317793846130371e+00
1.843030452728271484e+00
1.841777801513671875e+00
1.840807080268859863e+00
1.839808583259582520e+00
1.839152574539184570e+00
1.838370323181152344e+00
1.837036609649658203e+00
1.836256265640258789e+00
1.834774255752563477e+00
1.833095312118530273e+00
1.830763578414916992e+00
1.828305602073669434e+00
1.825653314590454102e+00
1.823760986328125000e+00
1.821779012680053711e+00
1.820138216018676758e+00
1.818068742752075195e+00
1.816321015357971191e+00
1.813389420509338379e+00
1.812096834182739258e+00
1.809617280960083008e+00
1.806490302085876465e+00
1.802610874176025391e+00
1.800434947013854980e+00
1.797761440277099609e+00
1.795850515365600586e+00
1.794766664505004883e+00
1.793532848358154297e+00
1.789991736412048340e+00
1.788616538047790527e+00
1.786028385162353516e+00
1.784368157386779785e+00
1.783783197402954102e+00
1.783006191253662109e+00
1.782379865646362305e+00
1.781237483024597168e+00
1.780203223228454590e+00
1.778789401054382324e+00
1.776989340782165527e+00
1.772657990455627441e+00
1.769884109497070312e+00
1.769293904304504395e+00
1.767155170440673828e+00
1.766080379486083984e+00
1.764822959899902344e+00
1.764292120933532715e+00
1.763245224952697754e+00
1.762574195861816406e+00
1.761296033859252930e+00
1.759914875030517578e+00
1.758966922760009766e+00
1.758338212966918945e+00
1.757726788520812988e+00
1.756851196289062500e+00
1.755253076553344727e+00
1.755092620849609375e+00
1.754257798194885254e+00
1.753849983215332031e+00
1.753154754638671875e+00
1.752053618431091309e+00
1.750275731086730957e+00
1.748144030570983887e+00
1.745517253875732422e+00
1.744493722915649414e+00
1.742017626762390137e+00
1.738888740539550781e+00
1.733833312988281250e+00
1.729129314422607422e+00
1.724952459335327148e+00
1.722205996513366699e+00
1.719710588455200195e+00
1.715092182159423828e+00
1.712484955787658691e+00
1.710743546485900879e+00
1.708875775337219238e+00
1.707403898239135742e+00
1.704963803291320801e+00
1.702665448188781738e+00
1.700277566909790039e+00
1.694259405136108398e+00
1.692489027976989746e+00
1.689956188201904297e+00
1.688466310501098633e+00
1.687379598617553711e+00
1.686469435691833496e+00
1.685334444046020508e+00
1.683510065078735352e+00
1.681739211082458496e+00
1.680147171020507812e+00
1.677496314048767090e+00
1.676808118820190430e+00
1.675556778907775879e+00
1.674800634384155273e+00
1.673787355422973633e+00
1.672832846641540527e+00
1.672157883644104004e+00
1.671491026878356934e+00
1.670593857765197754e+00
1.670029520988464355e+00
1.669582724571228027e+00
1.668970823287963867e+00
1.668545484542846680e+00
1.667983412742614746e+00
1.667667388916015625e+00
1.666972160339355469e+00
1.666100978851318359e+00
1.665484189987182617e+00
1.664521694183349609e+00
1.663600206375122070e+00
1.662299513816833496e+00
1.661235809326171875e+00
1.660469532012939453e+00
1.659129142761230469e+00
1.658136248588562012e+00
1.657169222831726074e+00
1.655270338058471680e+00
1.653762459754943848e+00
1.652613639831542969e+00
1.651891946792602539e+00
1.651392102241516113e+00
1.650784134864807129e+00
1.649920701980590820e+00
1.648066639900207520e+00
1.647142052650451660e+00
1.645785093307495117e+00
1.644548416137695312e+00
1.643452525138854980e+00
1.642647743225097656e+00
1.640808701515197754e+00
1.639823079109191895e+00
1.638102769851684570e+00
1.636724710464477539e+00
1.635637640953063965e+00
1.634439706802368164e+00
1.633325099945068359e+00
1.631485700607299805e+00
1.630803585052490234e+00
1.630190134048461914e+00
1.629725456237792969e+00
1.629185318946838379e+00
1.628482818603515625e+00
1.627634763717651367e+00
1.627059340476989746e+00
1.625847101211547852e+00
1.624643206596374512e+00
1.623243212699890137e+00
1.621324658393859863e+00
1.620758533477783203e+00
1.619072198867797852e+00
1.616953134536743164e+00
1.615799546241760254e+00
1.614480614662170410e+00
1.613687276840209961e+00
1.612460136413574219e+00
1.610618472099304199e+00
1.607936143875122070e+00
1.605388164520263672e+00
1.604510426521301270e+00
1.603559136390686035e+00
1.602499723434448242e+00
1.601787328720092773e+00
1.600916147232055664e+00
1.600342750549316406e+00
1.599940061569213867e+00
1.599467754364013672e+00
1.598612785339355469e+00
1.598101496696472168e+00
1.597746014595031738e+00
1.597492694854736328e+00
1.597183227539062500e+00
1.596526265144348145e+00
1.596061229705810547e+00
1.594492435455322266e+00
1.593266725540161133e+00
1.591671705245971680e+00
1.591191291809082031e+00
1.590498089790344238e+00
1.590201735496520996e+00
1.589838981628417969e+00
1.589178562164306641e+00
1.587857007980346680e+00
1.586686253547668457e+00
1.585907220840454102e+00
1.585512638092041016e+00
1.585156321525573730e+00
1.584721922874450684e+00
1.584202647209167480e+00
1.583491206169128418e+00
1.582638025283813477e+00
1.582083582878112793e+00
1.581449389457702637e+00
1.580438852310180664e+00
1.579531073570251465e+00
1.578503847122192383e+00
1.577353715896606445e+00
1.576001048088073730e+00
1.574527859687805176e+00
1.573836326599121094e+00
1.573261380195617676e+00
1.572248339653015137e+00
1.571024179458618164e+00
1.569334626197814941e+00
1.567690849304199219e+00
1.565472960472106934e+00
1.564400196075439453e+00
1.562091350555419922e+00
1.560092926025390625e+00
1.558628320693969727e+00
1.557387232780456543e+00
1.556680440902709961e+00
1.555998206138610840e+00
1.555364251136779785e+00
1.554769158363342285e+00
1.554005622863769531e+00
1.553418278694152832e+00
1.553211688995361328e+00
1.552970170974731445e+00
1.552724242210388184e+00
1.552429437637329102e+00
1.552052855491638184e+00
1.551671147346496582e+00
1.551195263862609863e+00
1.550391197204589844e+00
1.549790620803833008e+00
1.548753976821899414e+00
1.547708868980407715e+00
1.545414209365844727e+00
1.544409513473510742e+00
1.543518424034118652e+00
1.541320085525512695e+00
1.539350271224975586e+00
1.538190960884094238e+00
1.537031531333923340e+00
1.536493539810180664e+00
1.535952925682067871e+00
1.535351395606994629e+00
1.534832119941711426e+00
1.534335851669311523e+00
1.534085392951965332e+00
1.533711552619934082e+00
1.533452033996582031e+00
1.532885074615478516e+00
1.532011628150939941e+00
1.530469894409179688e+00
1.529430627822875977e+00
1.527666330337524414e+00
1.526627898216247559e+00
1.525776505470275879e+00
1.524451494216918945e+00
1.523465156555175781e+00
1.522325515747070312e+00
1.520979762077331543e+00
1.519931793212890625e+00
1.518773794174194336e+00
1.518122315406799316e+00
1.517531037330627441e+00
1.516926884651184082e+00
1.516281843185424805e+00
1.515517473220825195e+00
1.514911890029907227e+00
1.513728499412536621e+00
1.512056946754455566e+00
1.510080695152282715e+00
1.509134173393249512e+00
1.507545232772827148e+00
1.506471037864685059e+00
1.505793094635009766e+00
1.505252122879028320e+00
1.504443049430847168e+00
1.503511905670166016e+00
1.502798318862915039e+00
1.501133203506469727e+00
1.499691724777221680e+00
1.497088432312011719e+00
1.495840907096862793e+00
1.494115829467773438e+00
1.493347048759460449e+00
1.492538452148437500e+00
1.491932749748229980e+00
1.491240620613098145e+00
1.490123271942138672e+00
1.489822268486022949e+00
1.489381551742553711e+00
1.488649368286132812e+00
1.487283945083618164e+00
1.487123966217041016e+00
1.486103534698486328e+00
1.485620617866516113e+00
1.484927177429199219e+00
1.484138965606689453e+00
1.483291745185852051e+00
1.482503652572631836e+00
1.481642246246337891e+00
1.480792760848999023e+00
1.479091048240661621e+00
1.477826476097106934e+00
1.476516127586364746e+00
1.475284457206726074e+00
1.473956584930419922e+00
1.472629666328430176e+00
1.471464514732360840e+00
1.470599174499511719e+00
1.469828963279724121e+00
1.468672513961791992e+00
1.467655420303344727e+00
1.466296672821044922e+00
1.465471148490905762e+00
1.463976383209228516e+00
1.462759613990783691e+00
1.461969137191772461e+00
1.460415244102478027e+00
1.458938002586364746e+00
1.458113908767700195e+00
1.456858396530151367e+00
1.455545902252197266e+00
1.455188512802124023e+00
1.454799771308898926e+00
1.454003214836120605e+00
1.452941775321960449e+00
1.452046036720275879e+00
1.450965285301208496e+00
1.449690937995910645e+00
1.448866128921508789e+00
1.447870969772338867e+00
1.447378516197204590e+00
1.446539044380187988e+00
1.445431828498840332e+00
1.444445133209228516e+00
1.443691968917846680e+00
1.443123936653137207e+00
1.442610144615173340e+00
1.442111849784851074e+00
1.440842390060424805e+00
1.440544962882995605e+00
1.438674211502075195e+00
1.437793016433715820e+00
1.437011718750000000e+00
1.436325788497924805e+00
1.435503721237182617e+00
1.435106277465820312e+00
1.434452414512634277e+00
1.433485388755798340e+00
1.433020591735839844e+00
1.432147026062011719e+00
1.431180596351623535e+00
1.430137872695922852e+00
1.429556369781494141e+00
1.428550124168395996e+00
1.427169203758239746e+00
1.425816893577575684e+00
1.424507856369018555e+00
1.423081517219543457e+00
1.422678947448730469e+00
1.422164201736450195e+00
1.421761751174926758e+00
1.420857906341552734e+00
1.419734120368957520e+00
1.418748855590820312e+00
1.417560338973999023e+00
1.417033553123474121e+00
1.416337490081787109e+00
1.415378570556640625e+00
1.413801193237304688e+00
1.411881089210510254e+00
1.409929990768432617e+00
1.408469319343566895e+00
1.406466603279113770e+00
1.404938936233520508e+00
1.403961420059204102e+00
1.403672218322753906e+00
1.403292894363403320e+00
1.402830123901367188e+00
1.402140736579895020e+00
1.401793479919433594e+00
1.400636076927185059e+00
1.400138616561889648e+00
1.399739384651184082e+00
1.399179816246032715e+00
1.398225307464599609e+00
1.397423028945922852e+00
1.396645545959472656e+00
1.396112561225891113e+00
1.395642757415771484e+00
1.395064115524291992e+00
1.393890857696533203e+00
1.391968488693237305e+00
1.389407038688659668e+00
1.386938691139221191e+00
1.384507536888122559e+00
1.383099317550659180e+00
1.379822731018066406e+00
1.378998994827270508e+00
1.376838684082031250e+00
1.375129222869873047e+00
1.373670935630798340e+00
1.371857285499572754e+00
1.370124936103820801e+00
1.368833661079406738e+00
1.368221879005432129e+00
1.367562174797058105e+00
1.366861104965209961e+00
1.366194963455200195e+00
1.365480542182922363e+00
1.365182042121887207e+00
1.364633202552795410e+00
1.364060878753662109e+00
1.363658428192138672e+00
1.362564802169799805e+00
1.361481666564941406e+00
1.360592603683471680e+00
1.359829187393188477e+00
1.359314680099487305e+00
1.358662962913513184e+00
1.357732772827148438e+00
1.356793284416198730e+00
1.356052279472351074e+00
1.355544686317443848e+00
1.355178356170654297e+00
1.354538798332214355e+00
1.353336334228515625e+00
1.352575421333312988e+00
1.352037549018859863e+00
1.351521015167236328e+00
1.351173520088195801e+00
1.350671410560607910e+00
1.350260853767395020e+00
1.349764347076416016e+00
1.349248290061950684e+00
1.348701000213623047e+00
1.347554683685302734e+00
1.347191810607910156e+00
1.346736550331115723e+00
1.346370935440063477e+00
1.345277786254882812e+00
1.344485878944396973e+00
1.342419981956481934e+00
1.341800212860107422e+00
1.340863823890686035e+00
1.340190649032592773e+00
1.339395999908447266e+00
1.338256001472473145e+00
1.337370395660400391e+00
1.336924910545349121e+00
1.336484551429748535e+00
1.335833907127380371e+00
1.334935545921325684e+00
1.333285212516784668e+00
1.332364916801452637e+00
1.331255674362182617e+00
1.329538822174072266e+00
1.328438639640808105e+00
1.327598690986633301e+00
1.326674222946166992e+00
1.325795650482177734e+00
1.324815154075622559e+00
1.323988199234008789e+00
1.323092341423034668e+00
1.321103334426879883e+00
1.319913148880004883e+00
1.318692803382873535e+00
1.317947506904602051e+00
1.316664934158325195e+00
1.315405368804931641e+00
1.314114093780517578e+00
1.313222408294677734e+00
1.311822533607482910e+00
1.310353875160217285e+00
1.309194326400756836e+00
1.308103442192077637e+00
1.306919097900390625e+00
1.305496573448181152e+00
1.304731726646423340e+00
1.304089546203613281e+00
1.303540349006652832e+00
1.303008317947387695e+00
1.302454829216003418e+00
1.301577329635620117e+00
1.300556182861328125e+00
1.299458026885986328e+00
1.298478603363037109e+00
1.297731161117553711e+00
1.297012925148010254e+00
1.296018481254577637e+00
1.295123577117919922e+00
1.293841719627380371e+00
1.292331933975219727e+00
1.291205286979675293e+00
1.289571881294250488e+00
1.288892388343811035e+00
1.287674427032470703e+00
1.286328554153442383e+00
1.285476803779602051e+00
1.284205079078674316e+00
1.282878279685974121e+00
1.281877517700195312e+00
1.280562520027160645e+00
1.278696179389953613e+00
1.276990890502929688e+00
1.275311827659606934e+00
1.272786736488342285e+00
1.270902156829833984e+00
1.269340991973876953e+00
1.268299818038940430e+00
1.266977071762084961e+00
1.266125321388244629e+00
1.265277862548828125e+00
1.264472484588623047e+00
1.263572216033935547e+00
1.262994885444641113e+00
1.262308835983276367e+00
1.261741042137145996e+00
1.260713219642639160e+00
1.260251283645629883e+00
1.258897423744201660e+00
1.258016705513000488e+00
1.257563352584838867e+00
1.256910681724548340e+00
1.256042361259460449e+00
1.255153179168701172e+00
1.253250002861022949e+00
1.251968622207641602e+00
1.251216888427734375e+00
1.249837398529052734e+00
1.248601078987121582e+00
1.247692465782165527e+00
1.246855735778808594e+00
1.246449589729309082e+00
1.245754837989807129e+00
1.244564414024353027e+00
1.243520379066467285e+00
1.242975354194641113e+00
1.242803335189819336e+00
1.242313265800476074e+00
1.241408348083496094e+00
1.240443944931030273e+00
1.240000009536743164e+00
1.239142179489135742e+00
1.238160133361816406e+00
1.237559795379638672e+00
1.236556649208068848e+00
1.235673308372497559e+00
1.234638214111328125e+00
1.233439326286315918e+00
1.233094573020935059e+00
1.232607483863830566e+00
1.231576323509216309e+00
1.230777502059936523e+00
1.229603409767150879e+00
1.228736996650695801e+00
1.227638244628906250e+00
1.227055430412292480e+00
1.226313352584838867e+00
1.225505709648132324e+00
1.224522948265075684e+00
1.223596572875976562e+00
1.222680807113647461e+00
1.221820235252380371e+00
1.221499800682067871e+00
1.220752120018005371e+00
1.220273733139038086e+00
1.219769239425659180e+00
1.219538569450378418e+00
1.219048261642456055e+00
1.218865871429443359e+00
1.218649268150329590e+00
1.218575358390808105e+00
1.218329071998596191e+00
1.218145728111267090e+00
1.217841267585754395e+00
1.217440962791442871e+00
1.216758131980895996e+00
1.216364741325378418e+00
1.215554118156433105e+00
1.214646220207214355e+00
1.214433312416076660e+00
1.214073777198791504e+00
1.213911771774291992e+00
1.213852643966674805e+00
1.213597059249877930e+00
1.213478207588195801e+00
1.213079094886779785e+00
1.212817430496215820e+00
1.212658882141113281e+00
1.212354302406311035e+00
1.212021231651306152e+00
1.211414456367492676e+00
1.210535645484924316e+00
1.210157752037048340e+00
1.209637999534606934e+00
1.209295511245727539e+00
1.209072589874267578e+00
1.208628416061401367e+00
1.208069682121276855e+00
1.207887172698974609e+00
1.207596898078918457e+00
1.207255601882934570e+00
1.207093358039855957e+00
1.206538438796997070e+00
1.205851674079895020e+00
1.205731034278869629e+00
1.205406308174133301e+00
1.205288052558898926e+00
1.205024600028991699e+00
1.204781770706176758e+00
1.204363346099853516e+00
1.203911900520324707e+00
1.203713059425354004e+00
1.203557133674621582e+00
1.203291416168212891e+00
1.203134298324584961e+00
1.202641844749450684e+00
1.202179908752441406e+00
1.201995968818664551e+00
1.201582551002502441e+00
1.201404452323913574e+00
1.201139569282531738e+00
1.200539231300354004e+00
1.200288772583007812e+00
1.199773550033569336e+00
1.199349164962768555e+00
1.198862552642822266e+00
1.198088407516479492e+00
1.197640776634216309e+00
1.196915626525878906e+00
1.196525335311889648e+00
1.196164369583129883e+00
1.195695996284484863e+00
1.195381045341491699e+00
1.195122480392456055e+00
1.194592475891113281e+00
1.194283008575439453e+00
1.193899035453796387e+00
1.193412899971008301e+00
1.192951083183288574e+00
1.192703723907470703e+00
1.192203521728515625e+00
1.191618919372558594e+00
1.191076397895812988e+00
1.190898776054382324e+00
1.190429806709289551e+00
1.190126776695251465e+00
1.189735412597656250e+00
1.189392447471618652e+00
1.189232945442199707e+00
1.189016461372375488e+00
1.188529729843139648e+00
1.188331246376037598e+00
1.187858700752258301e+00
1.187596559524536133e+00
1.187185168266296387e+00
1.186804056167602539e+00
1.186178803443908691e+00
1.185641884803771973e+00
1.184983611106872559e+00
1.184441447257995605e+00
1.183705449104309082e+00
1.183048725128173828e+00
1.182430148124694824e+00
1.182011008262634277e+00
1.181683659553527832e+00
1.181081056594848633e+00
1.180489778518676758e+00
1.179898977279663086e+00
1.179275989532470703e+00
1.178820490837097168e+00
1.178538799285888672e+00
1.177883267402648926e+00
1.177311778068542480e+00
1.176511049270629883e+00
1.176286458969116211e+00
1.175781369209289551e+00
1.175063252449035645e+00
1.174233913421630859e+00
1.173440456390380859e+00
1.172701239585876465e+00
1.172179222106933594e+00
1.171375989913940430e+00
1.169267296791076660e+00
1.167764425277709961e+00
1.166332244873046875e+00
1.164941072463989258e+00
1.163675189018249512e+00
1.161293745040893555e+00
1.160091400146484375e+00
1.157508254051208496e+00
1.155694365501403809e+00
1.154548287391662598e+00
1.153599739074707031e+00
1.151903867721557617e+00
1.151124119758605957e+00
1.149424076080322266e+00
1.148211240768432617e+00
1.147482275962829590e+00
1.146633982658386230e+00
1.145808219909667969e+00
1.145362854003906250e+00
1.144748091697692871e+00
1.143993258476257324e+00
1.143466114997863770e+00
1.142532110214233398e+00
1.140046477317810059e+00
1.138720035552978516e+00
1.137788414955139160e+00
1.136772751808166504e+00
1.135440349578857422e+00
1.134414792060852051e+00
1.133322000503540039e+00
1.132308602333068848e+00
1.131673455238342285e+00
1.130971550941467285e+00
1.130267739295959473e+00
1.129657864570617676e+00
1.128730058670043945e+00
1.128069281578063965e+00
1.127302169799804688e+00
1.126087188720703125e+00
1.125168800354003906e+00
1.124199867248535156e+00
1.123290538787841797e+00
1.122511982917785645e+00
1.121623158454895020e+00
1.120473265647888184e+00
1.118838429450988770e+00
1.117388248443603516e+00
1.116430044174194336e+00
1.115572333335876465e+00
1.114756584167480469e+00
1.113814949989318848e+00
1.113075733184814453e+00
1.112438559532165527e+00
1.111902475357055664e+00
1.111199617385864258e+00
1.110722541809082031e+00
1.110065460205078125e+00
1.109297752380371094e+00
1.108655571937561035e+00
1.107563376426696777e+00
1.106829881668090820e+00
1.106266975402832031e+00
1.105639815330505371e+00
1.105082988739013672e+00
1.104783892631530762e+00
1.104394197463989258e+00
1.104024052619934082e+00
1.103661537170410156e+00
1.103252410888671875e+00
1.102974414825439453e+00
1.102521300315856934e+00
1.102144956588745117e+00
1.101889967918395996e+00
1.101422667503356934e+00
1.100989222526550293e+00
1.100483775138854980e+00
1.100290298461914062e+00
1.099618554115295410e+00
1.099127888679504395e+00
1.098747849464416504e+00
1.098533630371093750e+00
1.098000168800354004e+00
1.097760081291198730e+00
1.097390770912170410e+00
1.097049951553344727e+00
1.096336722373962402e+00
1.095690608024597168e+00
1.095138311386108398e+00
1.094835042953491211e+00
1.094576358795166016e+00
1.094367742538452148e+00
1.094079017639160156e+00
1.093557238578796387e+00
1.092962384223937988e+00
1.092749476432800293e+00
1.092192173004150391e+00
1.091699481010437012e+00
1.091317176818847656e+00
1.090906858444213867e+00
1.090661287307739258e+00
1.090321779251098633e+00
1.090199232101440430e+00
1.089899897575378418e+00
1.089880347251892090e+00
1.089438438415527344e+00
1.089110374450683594e+00
1.088530540466308594e+00
1.088091611862182617e+00
1.087890863418579102e+00
1.087713241577148438e+00
1.087595224380493164e+00
1.087492942810058594e+00
1.087192058563232422e+00
1.086924195289611816e+00
1.086666107177734375e+00
1.086546063423156738e+00
1.086341500282287598e+00
1.086018562316894531e+00
1.085760116577148438e+00
1.085432767868041992e+00
1.085397720336914062e+00
1.085073709487915039e+00
1.084853768348693848e+00
1.084410667419433594e+00
1.083988666534423828e+00
1.083707213401794434e+00
1.083115458488464355e+00
1.082738637924194336e+00
1.082345247268676758e+00
1.082195520401000977e+00
1.081964254379272461e+00
1.081812977790832520e+00
1.081660985946655273e+00
1.081420421600341797e+00
1.081363201141357422e+00
1.081149339675903320e+00
1.080964326858520508e+00
1.080813169479370117e+00
1.080744147300720215e+00
1.080661177635192871e+00
1.080505847930908203e+00
1.080389142036437988e+00
1.080268979072570801e+00
1.080207467079162598e+00
1.080139994621276855e+00
1.080138683319091797e+00
1.079976677894592285e+00
1.079826474189758301e+00
1.079740166664123535e+00
1.079659461975097656e+00
1.079545736312866211e+00
1.079318284988403320e+00
1.079270720481872559e+00
1.079043269157409668e+00
1.078936338424682617e+00
1.078549385070800781e+00
1.078326463699340820e+00
1.078044891357421875e+00
1.077565193176269531e+00
1.077275037765502930e+00
1.076843619346618652e+00
1.076457619667053223e+00
1.075768947601318359e+00
1.075415968894958496e+00
1.075039386749267578e+00
1.074527502059936523e+00
1.073824405670166016e+00
1.073605775833129883e+00
1.072968006134033203e+00
1.072462677955627441e+00
1.072085261344909668e+00
1.071685552597045898e+00
1.071383237838745117e+00
1.070783734321594238e+00
1.069951176643371582e+00
1.069584727287292480e+00
1.068535566329956055e+00
1.068229317665100098e+00
1.067900300025939941e+00
1.067571282386779785e+00
1.067049741744995117e+00
1.066357254981994629e+00
1.065773129463195801e+00
1.065064311027526855e+00
1.064757943153381348e+00
1.064466238021850586e+00
1.063927769660949707e+00
1.063581705093383789e+00
1.062969684600830078e+00
1.062682271003723145e+00
1.062112092971801758e+00
1.061830759048461914e+00
1.061559915542602539e+00
1.061067342758178711e+00
1.060647010803222656e+00
1.060372591018676758e+00
1.059757113456726074e+00
1.059572935104370117e+00
1.059061288833618164e+00
1.058697700500488281e+00
1.058449625968933105e+00
1.058263301849365234e+00
1.058091282844543457e+00
1.057908177375793457e+00
1.057476520538330078e+00
1.057066440582275391e+00
1.056796312332153320e+00
1.056468605995178223e+00
1.056265354156494141e+00
1.056066751480102539e+00
1.055899620056152344e+00
1.055471420288085938e+00
1.054878830909729004e+00
1.054209470748901367e+00
1.053829789161682129e+00
1.053512454032897949e+00
1.053281307220458984e+00
1.053223967552185059e+00
1.052866935729980469e+00
1.052632808685302734e+00
1.052310824394226074e+00
1.052223205566406250e+00
1.052109956741333008e+00
1.052005052566528320e+00
1.051866769790649414e+00
1.051657676696777344e+00
1.051549077033996582e+00
1.051419734954833984e+00
1.051292181015014648e+00
1.051143884658813477e+00
1.051060557365417480e+00
1.050829172134399414e+00
1.050555229187011719e+00
1.050313353538513184e+00
1.050153613090515137e+00
1.049879550933837891e+00
1.049642086029052734e+00
1.049395918846130371e+00
1.048997998237609863e+00
1.048763871192932129e+00
1.048488140106201172e+00
1.048149585723876953e+00
1.047909617424011230e+00
1.047691822052001953e+00
1.047508239746093750e+00
1.047257184982299805e+00
1.047006368637084961e+00
1.046867012977600098e+00
1.046847343444824219e+00
1.046526908874511719e+00
1.046451687812805176e+00
1.046290397644042969e+00
1.046071767807006836e+00
1.045918345451354980e+00
1.045653104782104492e+00
1.045205354690551758e+00
1.044697761535644531e+00
1.043915629386901855e+00
1.042618513107299805e+00
1.041409134864807129e+00
1.040443658828735352e+00
1.039745330810546875e+00
1.038897871971130371e+00
1.037994384765625000e+00
1.037367224693298340e+00
1.036874175071716309e+00
1.036649227142333984e+00
1.036333560943603516e+00
1.035526394844055176e+00
1.035036921501159668e+00
1.034542202949523926e+00
1.033764481544494629e+00
1.033573389053344727e+00
1.032813429832458496e+00
1.032436609268188477e+00
1.032095313072204590e+00
1.031888604164123535e+00
1.031736612319946289e+00
1.031319856643676758e+00
1.031127929687500000e+00
1.030912041664123535e+00
1.030513286590576172e+00
1.030212879180908203e+00
1.029903173446655273e+00
1.029553055763244629e+00
1.029174923896789551e+00
1.028958320617675781e+00
1.028785467147827148e+00
1.028686761856079102e+00
1.028594017028808594e+00
1.028565287590026855e+00
1.028399825096130371e+00
1.028266191482543945e+00
1.028266191482543945e+00
1.028266191482543945e+00
