6.973843261718750000e+03
6.229917968750000000e+03
6.476944824218750000e+03
6.296769042968750000e+03
6.523890625000000000e+03
6.428413085937500000e+03
6.257023437500000000e+03
6.378861816406250000e+03
6.252125976562500000e+03
6.252447265625000000e+03
6.273654785156250000e+03
6.229728515625000000e+03
6.215405761718750000e+03
6.239841796875000000e+03
6.251159179687500000e+03
6.213632812500000000e+03
6.202305664062500000e+03
6.204583984375000000e+03
6.209978515625000000e+03
6.207415527343750000e+03
6.185980468750000000e+03
6.180423339843750000e+03
6.174316406250000000e+03
6.164478027343750000e+03
6.158651367187500000e+03
6.144497070312500000e+03
6.126692871093750000e+03
6.123559570312500000e+03
6.130050781250000000e+03
6.015661132812500000e+03
5.793910156250000000e+03
5.658573242187500000e+03
5.434807617187500000e+03
5.412381835937500000e+03
5.484628906250000000e+03
5.377996093750000000e+03
5.277152343750000000e+03
5.341777343750000000e+03
5.265568847656250000e+03
5.209977050781250000e+03
5.103535644531250000e+03
5.080102050781250000e+03
5.003540527343750000e+03
4.900698242187500000e+03
4.834212402343750000e+03
4.751110839843750000e+03
4.643246093750000000e+03
4.580848144531250000e+03
4.561339843750000000e+03
4.728528808593750000e+03
4.797870117187500000e+03
4.152783691406250000e+03
4.475069824218750000e+03
3.724631347656250000e+03
3.957234130859375000e+03
3.684507568359375000e+03
3.758963134765625000e+03
3.454239501953125000e+03
3.603188232421875000e+03
3.482471679687500000e+03
3.269788085937500000e+03
3.309383300781250000e+03
3.186872558593750000e+03
3.136447265625000000e+03
3.116674560546875000e+03
3.050560058593750000e+03
3.001004638671875000e+03
2.915260742187500000e+03
2.914529541015625000e+03
2.866830566406250000e+03
2.756930419921875000e+03
2.796150146484375000e+03
2.730808593750000000e+03
2.650502685546875000e+03
2.592302246093750000e+03
2.526231689453125000e+03
2.534562744140625000e+03
2.581166748046875000e+03
2.708242919921875000e+03
2.704304687500000000e+03
2.407632812500000000e+03
2.428972900390625000e+03
2.543355712890625000e+03
2.329724365234375000e+03
2.373922851562500000e+03
2.369649169921875000e+03
2.235161865234375000e+03
2.315800048828125000e+03
2.219116210937500000e+03
2.176937988281250000e+03
2.229536376953125000e+03
2.134272460937500000e+03
2.139385742187500000e+03
2.147290283203125000e+03
2.066632324218750000e+03
2.079066162109375000e+03
2.080574218750000000e+03
2.016870727539062500e+03
2.009243652343750000e+03
2.020195068359375000e+03
1.994498535156250000e+03
1.951918212890625000e+03
1.912561157226562500e+03
1.909635375976562500e+03
1.926273315429687500e+03
1.948863037109375000e+03
2.015891235351562500e+03
2.120309814453125000e+03
2.117080322265625000e+03
1.943733642578125000e+03
1.808578735351562500e+03
1.916090332031250000e+03
1.904517211914062500e+03
1.782114868164062500e+03
1.856649536132812500e+03
1.840866455078125000e+03
1.756763549804687500e+03
1.804210571289062500e+03
1.780564208984375000e+03
1.729446655273437500e+03
1.750448364257812500e+03
1.735853881835937500e+03
1.692197509765625000e+03
1.701139160156250000e+03
1.699729614257812500e+03
1.649127197265625000e+03
1.654850463867187500e+03
1.663265014648437500e+03
1.615605712890625000e+03
1.607770385742187500e+03
1.617045776367187500e+03
1.588646728515625000e+03
1.568902954101562500e+03
1.571436889648437500e+03
1.565124267578125000e+03
1.544748168945312500e+03
1.527057861328125000e+03
1.517233520507812500e+03
1.513149414062500000e+03
1.505771240234375000e+03
1.486342285156250000e+03
1.468351074218750000e+03
1.462405273437500000e+03
1.456688964843750000e+03
1.446701660156250000e+03
1.437334472656250000e+03
1.430286499023437500e+03
1.423183959960937500e+03
1.415691772460937500e+03
1.413556640625000000e+03
1.427412475585937500e+03
1.478661621093750000e+03
1.574647827148437500e+03
1.694060668945312500e+03
1.619571166992187500e+03
1.384790161132812500e+03
1.347678833007812500e+03
1.478173583984375000e+03
1.390269897460937500e+03
1.288739135742187500e+03
1.387888427734375000e+03
1.354741943359375000e+03
1.252364868164062500e+03
1.312818603515625000e+03
1.321686401367187500e+03
1.224786499023437500e+03
1.232102905273437500e+03
1.270608520507812500e+03
1.216062988281250000e+03
1.173773071289062500e+03
1.189301879882812500e+03
1.187748901367187500e+03
1.156171875000000000e+03
1.130472167968750000e+03
1.114443359375000000e+03
1.103272949218750000e+03
1.109122192382812500e+03
1.127774169921875000e+03
1.125678222656250000e+03
1.099164184570312500e+03
1.080181274414062500e+03
1.089538330078125000e+03
1.094305786132812500e+03
1.094997192382812500e+03
1.115798950195312500e+03
1.170454345703125000e+03
1.184287963867187500e+03
1.119282226562500000e+03
1.003169738769531250e+03
9.195462646484375000e+02
9.238052978515625000e+02
9.917166137695312500e+02
1.001268493652343750e+03
9.170348510742187500e+02
8.455186767578125000e+02
8.323065795898437500e+02
8.537533569335937500e+02
8.808165893554687500e+02
8.938697509765625000e+02
8.837118530273437500e+02
7.579961547851562500e+02
7.372549438476562500e+02
7.357218627929687500e+02
7.338864746093750000e+02
7.322994995117187500e+02
7.252990112304687500e+02
7.154686889648437500e+02
6.979841308593750000e+02
6.601545410156250000e+02
6.312218627929687500e+02
6.151928710937500000e+02
5.928748779296875000e+02
5.817598266601562500e+02
5.686513061523437500e+02
5.608721313476562500e+02
5.505627441406250000e+02
5.413645019531250000e+02
5.278408203125000000e+02
5.182077636718750000e+02
5.048421020507812500e+02
4.921290893554687500e+02
4.808381958007812500e+02
4.754866638183593750e+02
4.599176330566406250e+02
4.503541870117187500e+02
4.439692382812500000e+02
4.385886535644531250e+02
4.301928100585937500e+02
4.216201782226562500e+02
4.167449340820312500e+02
4.117546081542968750e+02
4.051707458496093750e+02
3.993698120117187500e+02
3.944403381347656250e+02
3.906989746093750000e+02
3.861733398437500000e+02
3.817501220703125000e+02
3.768287353515625000e+02
3.705736389160156250e+02
3.640683593750000000e+02
3.566412048339843750e+02
3.504612731933593750e+02
3.463045654296875000e+02
3.431426696777343750e+02
3.399469604492187500e+02
3.372758789062500000e+02
3.351605529785156250e+02
3.331869812011718750e+02
3.311658630371093750e+02
3.290496826171875000e+02
3.271929931640625000e+02
3.251023254394531250e+02
3.226146240234375000e+02
3.195393981933593750e+02
3.166182556152343750e+02
3.144259948730468750e+02
3.118686828613281250e+02
3.087484130859375000e+02
3.064920654296875000e+02
3.041955261230468750e+02
3.027548217773437500e+02
3.003146667480468750e+02
2.977265930175781250e+02
2.920601196289062500e+02
2.863341979980468750e+02
2.814074707031250000e+02
2.786526489257812500e+02
2.759016418457031250e+02
2.737796325683593750e+02
2.718641967773437500e+02
2.701561889648437500e+02
2.684231567382812500e+02
2.665024719238281250e+02
2.651302490234375000e+02
2.626981201171875000e+02
2.604835510253906250e+02
2.592672424316406250e+02
2.584881591796875000e+02
2.575015869140625000e+02
2.563280639648437500e+02
2.547492065429687500e+02
2.533731994628906250e+02
2.516042785644531250e+02
2.500619354248046875e+02
2.482738342285156250e+02
2.471032409667968750e+02
2.461871032714843750e+02
2.454185485839843750e+02
2.443504791259765625e+02
2.432703399658203125e+02
2.415592041015625000e+02
2.400442504882812500e+02
2.391556091308593750e+02
2.383964996337890625e+02
2.375842742919921875e+02
2.360795898437500000e+02
2.342913970947265625e+02
2.313140411376953125e+02
2.294986267089843750e+02
2.276067810058593750e+02
2.265424194335937500e+02
2.256012115478515625e+02
2.244117889404296875e+02
2.229882507324218750e+02
2.219149475097656250e+02
2.208069610595703125e+02
2.198339538574218750e+02
2.186794128417968750e+02
2.179675598144531250e+02
2.164961853027343750e+02
2.153749084472656250e+02
2.141372528076171875e+02
2.130200195312500000e+02
2.111557617187500000e+02
2.097019958496093750e+02
2.089304656982421875e+02
2.081072082519531250e+02
2.071578521728515625e+02
2.050248718261718750e+02
2.038174133300781250e+02
2.027924804687500000e+02
2.014778442382812500e+02
1.992921600341796875e+02
1.979387664794921875e+02
1.966730957031250000e+02
1.960858764648437500e+02
1.957242736816406250e+02
1.953610229492187500e+02
1.950085906982421875e+02
1.944079589843750000e+02
1.942621459960937500e+02
1.940583038330078125e+02
1.933804321289062500e+02
1.928734130859375000e+02
1.922569885253906250e+02
1.912320251464843750e+02
1.897741241455078125e+02
1.891095581054687500e+02
1.879870758056640625e+02
1.872835845947265625e+02
1.865019073486328125e+02
1.863362121582031250e+02
1.861554718017578125e+02
1.858340301513671875e+02
1.852059936523437500e+02
1.843934173583984375e+02
1.835035095214843750e+02
1.826657257080078125e+02
1.818934936523437500e+02
1.808174591064453125e+02
1.796853179931640625e+02
1.785153656005859375e+02
1.775625000000000000e+02
1.760243682861328125e+02
1.743502197265625000e+02
1.727282257080078125e+02
1.726742248535156250e+02
1.710065460205078125e+02
1.704465332031250000e+02
1.693534393310546875e+02
1.687091827392578125e+02
1.680168609619140625e+02
1.676008911132812500e+02
1.670752258300781250e+02
1.667267456054687500e+02
1.663121032714843750e+02
1.661413879394531250e+02
1.656223907470703125e+02
1.649020080566406250e+02
1.641190643310546875e+02
1.633746490478515625e+02
1.623541717529296875e+02
1.614357147216796875e+02
1.603935852050781250e+02
1.592212371826171875e+02
1.572931518554687500e+02
1.554445495605468750e+02
1.544591979980468750e+02
1.532687072753906250e+02
1.517329101562500000e+02
1.501251525878906250e+02
1.486860351562500000e+02
1.472284851074218750e+02
1.459745635986328125e+02
1.448936767578125000e+02
1.443436279296875000e+02
1.438406677246093750e+02
1.432221984863281250e+02
1.427207794189453125e+02
1.420336608886718750e+02
1.410461578369140625e+02
1.406193084716796875e+02
1.398771667480468750e+02
1.388939514160156250e+02
1.383325805664062500e+02
1.378165588378906250e+02
1.373950042724609375e+02
1.366770935058593750e+02
1.360242004394531250e+02
1.353934478759765625e+02
1.350450439453125000e+02
1.343739318847656250e+02
1.335509796142578125e+02
1.324995880126953125e+02
1.316122131347656250e+02
1.300599822998046875e+02
1.287796478271484375e+02
1.275307617187500000e+02
1.257876739501953125e+02
1.251946411132812500e+02
1.245565643310546875e+02
1.236198577880859375e+02
1.224441223144531250e+02
1.213870315551757812e+02
1.204284667968750000e+02
1.196524429321289062e+02
1.190050354003906250e+02
1.182497558593750000e+02
1.173173904418945312e+02
1.166419296264648438e+02
1.158301010131835938e+02
1.155602416992187500e+02
1.153655548095703125e+02
1.151539154052734375e+02
1.147339782714843750e+02
1.144311370849609375e+02
1.137713317871093750e+02
1.130242080688476562e+02
1.118583984375000000e+02
1.108411941528320312e+02
1.094176864624023438e+02
1.081263809204101562e+02
1.062809677124023438e+02
1.052097549438476562e+02
1.042969207763671875e+02
1.033598785400390625e+02
1.028513565063476562e+02
1.021631698608398438e+02
1.015365982055664062e+02
1.012390136718750000e+02
1.008586196899414062e+02
1.006188430786132812e+02
1.004242401123046875e+02
1.001295471191406250e+02
9.973703002929687500e+01
9.913958740234375000e+01
9.862957763671875000e+01
9.810889434814453125e+01
9.763223266601562500e+01
9.717533874511718750e+01
9.662182617187500000e+01
9.630697631835937500e+01
9.589402008056640625e+01
9.552755737304687500e+01
9.512622070312500000e+01
9.465163421630859375e+01
9.386302185058593750e+01
9.338287353515625000e+01
9.243656158447265625e+01
9.183745574951171875e+01
9.140997314453125000e+01
9.075449371337890625e+01
9.006216430664062500e+01
8.931681060791015625e+01
8.816380310058593750e+01
8.719215393066406250e+01
8.659552001953125000e+01
8.616838073730468750e+01
8.574600219726562500e+01
8.507716369628906250e+01
8.425962066650390625e+01
8.266586303710937500e+01
8.194190216064453125e+01
8.097987365722656250e+01
8.080299377441406250e+01
8.029269409179687500e+01
7.986915588378906250e+01
7.930902862548828125e+01
7.854687500000000000e+01
7.809175109863281250e+01
7.761136627197265625e+01
7.722709655761718750e+01
7.665229797363281250e+01
7.595190429687500000e+01
7.506842041015625000e+01
7.389787292480468750e+01
7.345104980468750000e+01
7.191821289062500000e+01
7.107673645019531250e+01
7.074502563476562500e+01
7.030892181396484375e+01
6.990031433105468750e+01
6.943616485595703125e+01
6.894205474853515625e+01
6.807244110107421875e+01
6.692618560791015625e+01
6.603312683105468750e+01
6.512651824951171875e+01
6.447817993164062500e+01
6.380224609375000000e+01
6.359553527832031250e+01
6.302492141723632812e+01
6.236132812500000000e+01
6.209247207641601562e+01
6.176454925537109375e+01
6.158046340942382812e+01
6.099076843261718750e+01
6.078460311889648438e+01
6.030503845214843750e+01
5.962600326538085938e+01
5.923287200927734375e+01
5.883466339111328125e+01
5.841905593872070312e+01
5.825349426269531250e+01
5.825147247314453125e+01
5.808171844482421875e+01
5.797959136962890625e+01
5.792615509033203125e+01
5.771434020996093750e+01
5.749988174438476562e+01
5.748186492919921875e+01
5.705797195434570312e+01
5.686269760131835938e+01
5.670157241821289062e+01
5.632927322387695312e+01
5.612599563598632812e+01
5.588370513916015625e+01
5.559401702880859375e+01
5.520422744750976562e+01
5.484066772460937500e+01
5.448867034912109375e+01
5.393569183349609375e+01
5.327885818481445312e+01
5.296717834472656250e+01
5.267288589477539062e+01
5.246549606323242188e+01
5.207756042480468750e+01
5.170235061645507812e+01
5.152363967895507812e+01
5.108130645751953125e+01
5.084191131591796875e+01
5.066949844360351562e+01
5.034000778198242188e+01
5.005683135986328125e+01
4.958126068115234375e+01
4.929714584350585938e+01
4.902491760253906250e+01
4.895782852172851562e+01
4.890348434448242188e+01
4.884104919433593750e+01
4.882236099243164062e+01
4.874394607543945312e+01
4.863629150390625000e+01
4.860373687744140625e+01
4.849947738647460938e+01
4.842271423339843750e+01
4.833940124511718750e+01
4.814665222167968750e+01
4.814656448364257812e+01
4.814656448364257812e+01
4.814656448364257812e+01
