8.681681640625000000e+03
6.261968261718750000e+03
7.356171386718750000e+03
6.230994140625000000e+03
6.583262695312500000e+03
6.288774902343750000e+03
6.294288574218750000e+03
6.391079101562500000e+03
6.309924804687500000e+03
6.189310546875000000e+03
6.157274414062500000e+03
6.246990234375000000e+03
6.264070312500000000e+03
6.180527832031250000e+03
6.133593750000000000e+03
6.149281250000000000e+03
6.184894531250000000e+03
6.162847167968750000e+03
6.139782714843750000e+03
6.133814941406250000e+03
6.120884277343750000e+03
6.113694335937500000e+03
6.115983886718750000e+03
6.110674316406250000e+03
6.112208007812500000e+03
6.108021484375000000e+03
6.082236816406250000e+03
6.064475097656250000e+03
6.056722167968750000e+03
6.040689453125000000e+03
6.027658203125000000e+03
6.022217773437500000e+03
6.030005859375000000e+03
5.996365722656250000e+03
5.842306152343750000e+03
5.802624511718750000e+03
5.675493164062500000e+03
5.494796386718750000e+03
5.351114257812500000e+03
5.249573242187500000e+03
5.374953125000000000e+03
5.169816406250000000e+03
5.052509277343750000e+03
5.007256835937500000e+03
4.974814453125000000e+03
4.878117187500000000e+03
4.720185058593750000e+03
4.577223144531250000e+03
4.594663574218750000e+03
4.539883789062500000e+03
4.375318847656250000e+03
4.333597167968750000e+03
4.283922363281250000e+03
4.188202636718750000e+03
4.198966308593750000e+03
4.263703613281250000e+03
4.440563964843750000e+03
4.507785644531250000e+03
4.031780517578125000e+03
4.277126953125000000e+03
3.862529785156250000e+03
4.011615966796875000e+03
3.570882324218750000e+03
3.646925292968750000e+03
3.363395019531250000e+03
3.557558837890625000e+03
3.370254882812500000e+03
3.376035644531250000e+03
3.057677490234375000e+03
3.156894042968750000e+03
2.965520996093750000e+03
2.947050048828125000e+03
2.771083496093750000e+03
2.727143066406250000e+03
2.592432128906250000e+03
2.622119140625000000e+03
2.478864746093750000e+03
2.446771972656250000e+03
2.330348632812500000e+03
2.324597656250000000e+03
2.266856445312500000e+03
2.271632812500000000e+03
2.274895507812500000e+03
2.195892089843750000e+03
2.180838623046875000e+03
2.138953613281250000e+03
2.113757080078125000e+03
2.079209960937500000e+03
2.010763671875000000e+03
1.993040771484375000e+03
1.964407348632812500e+03
1.934442871093750000e+03
1.941003173828125000e+03
1.953276611328125000e+03
1.939436645507812500e+03
1.910397583007812500e+03
1.912697875976562500e+03
2.000655761718750000e+03
2.138814697265625000e+03
2.085309082031250000e+03
1.866926147460937500e+03
1.867194213867187500e+03
1.844200195312500000e+03
1.828129150390625000e+03
1.824416625976562500e+03
1.703008056640625000e+03
1.809519897460937500e+03
1.756769897460937500e+03
1.657138671875000000e+03
1.728256225585937500e+03
1.675881469726562500e+03
1.658818847656250000e+03
1.595696533203125000e+03
1.639099731445312500e+03
1.603280517578125000e+03
1.533846557617187500e+03
1.562708374023437500e+03
1.530990112304687500e+03
1.513719238281250000e+03
1.460198730468750000e+03
1.459207031250000000e+03
1.473522094726562500e+03
1.433765014648437500e+03
1.415842651367187500e+03
1.368431518554687500e+03
1.337544189453125000e+03
1.334779785156250000e+03
1.309141601562500000e+03
1.312353027343750000e+03
1.382089965820312500e+03
1.600544921875000000e+03
2.036213989257812500e+03
2.112177978515625000e+03
1.284341918945312500e+03
1.685512207031250000e+03
1.425609863281250000e+03
1.454014404296875000e+03
1.395028076171875000e+03
1.379259033203125000e+03
1.315097167968750000e+03
1.353269531250000000e+03
1.254267822265625000e+03
1.331272583007812500e+03
1.209090332031250000e+03
1.294553710937500000e+03
1.178314453125000000e+03
1.247121704101562500e+03
1.163471435546875000e+03
1.202598632812500000e+03
1.152041015625000000e+03
1.165568359375000000e+03
1.136322753906250000e+03
1.130629150390625000e+03
1.118464843750000000e+03
1.107293823242187500e+03
1.099212768554687500e+03
1.087331298828125000e+03
1.079139892578125000e+03
1.066592895507812500e+03
1.060493408203125000e+03
1.046620605468750000e+03
1.045531005859375000e+03
1.030371459960937500e+03
1.031743652343750000e+03
1.014964782714843750e+03
1.017596313476562500e+03
9.999270629882812500e+02
1.002848449707031250e+03
9.860098266601562500e+02
9.894877929687500000e+02
9.736050415039062500e+02
9.760325927734375000e+02
9.616399536132812500e+02
9.622156982421875000e+02
9.500759277343750000e+02
9.488874511718750000e+02
9.393160400390625000e+02
9.357902221679687500e+02
9.281469726562500000e+02
9.231668701171875000e+02
9.166831665039062500e+02
9.101177978515625000e+02
9.042772216796875000e+02
8.983766479492187500e+02
8.911150512695312500e+02
8.861078491210937500e+02
8.777350463867187500e+02
8.728170776367187500e+02
8.643845825195312500e+02
8.581053466796875000e+02
8.503684692382812500e+02
8.424774780273437500e+02
8.345778198242187500e+02
8.262489013671875000e+02
8.165035400390625000e+02
8.071577758789062500e+02
7.972268066406250000e+02
7.858068847656250000e+02
7.747973022460937500e+02
7.627061157226562500e+02
7.491149291992187500e+02
7.486812744140625000e+02
7.446094970703125000e+02
7.389281616210937500e+02
7.200983276367187500e+02
6.923985595703125000e+02
6.602089843750000000e+02
6.470055541992187500e+02
6.106230468750000000e+02
6.003201293945312500e+02
5.957572021484375000e+02
5.809025878906250000e+02
5.677111816406250000e+02
5.548947753906250000e+02
5.423724975585937500e+02
5.298493652343750000e+02
5.170698242187500000e+02
5.050660400390625000e+02
4.940184020996093750e+02
4.846142883300781250e+02
4.727659301757812500e+02
4.566255187988281250e+02
4.382213745117187500e+02
4.225859375000000000e+02
4.116947326660156250e+02
4.000971984863281250e+02
3.926047058105468750e+02
3.861165466308593750e+02
3.803354187011718750e+02
3.756000061035156250e+02
3.683545227050781250e+02
3.566128540039062500e+02
3.437435913085937500e+02
3.369521484375000000e+02
3.323492736816406250e+02
3.308590087890625000e+02
3.279178771972656250e+02
3.232205810546875000e+02
3.191432189941406250e+02
3.129480895996093750e+02
3.046844787597656250e+02
2.996152954101562500e+02
2.952960815429687500e+02
2.906861572265625000e+02
2.858554382324218750e+02
2.825164489746093750e+02
2.805620727539062500e+02
2.788627014160156250e+02
2.768844909667968750e+02
2.742410583496093750e+02
2.710797424316406250e+02
2.674061584472656250e+02
2.659771423339843750e+02
2.639302673339843750e+02
2.620342102050781250e+02
2.598571472167968750e+02
2.587211303710937500e+02
2.575007324218750000e+02
2.564098815917968750e+02
2.550541076660156250e+02
2.540377807617187500e+02
2.525783081054687500e+02
2.510300598144531250e+02
2.496226654052734375e+02
2.482761840820312500e+02
2.472703247070312500e+02
2.446973724365234375e+02
2.421487121582031250e+02
2.398256988525390625e+02
2.382780151367187500e+02
2.366217956542968750e+02
2.353349456787109375e+02
2.339080963134765625e+02
2.320426788330078125e+02
2.302864685058593750e+02
2.292831268310546875e+02
2.275956115722656250e+02
2.261514587402343750e+02
2.242700805664062500e+02
2.221474609375000000e+02
2.205769958496093750e+02
2.197682952880859375e+02
2.181139221191406250e+02
2.174583435058593750e+02
2.166645507812500000e+02
2.158215637207031250e+02
2.149575042724609375e+02
2.132307128906250000e+02
2.117135772705078125e+02
2.107089538574218750e+02
2.101310577392578125e+02
2.094243011474609375e+02
2.084909362792968750e+02
2.069038543701171875e+02
2.053139343261718750e+02
2.040870361328125000e+02
2.028566894531250000e+02
2.007285156250000000e+02
1.997227325439453125e+02
1.991081085205078125e+02
1.985982360839843750e+02
1.980557861328125000e+02
1.972061767578125000e+02
1.963692779541015625e+02
1.956207427978515625e+02
1.939566040039062500e+02
1.926779174804687500e+02
1.915721435546875000e+02
1.905541229248046875e+02
1.898984069824218750e+02
1.890444488525390625e+02
1.886084289550781250e+02
1.883040618896484375e+02
1.876108093261718750e+02
1.870476531982421875e+02
1.854805755615234375e+02
1.842935943603515625e+02
1.827838592529296875e+02
1.820753936767578125e+02
1.807936096191406250e+02
1.799069519042968750e+02
1.792454681396484375e+02
1.780099029541015625e+02
1.767870788574218750e+02
1.760732421875000000e+02
1.751522369384765625e+02
1.740708007812500000e+02
1.725217285156250000e+02
1.705280761718750000e+02
1.689899444580078125e+02
1.675789184570312500e+02
1.668982238769531250e+02
1.660332794189453125e+02
1.652378387451171875e+02
1.644086303710937500e+02
1.640247344970703125e+02
1.633332672119140625e+02
1.617322082519531250e+02
1.597657012939453125e+02
1.586310424804687500e+02
1.581176147460937500e+02
1.566783294677734375e+02
1.560926971435546875e+02
1.553568420410156250e+02
1.540747070312500000e+02
1.535265502929687500e+02
1.527292327880859375e+02
1.523643646240234375e+02
1.517091674804687500e+02
1.512803955078125000e+02
1.508153839111328125e+02
1.504070129394531250e+02
1.500091247558593750e+02
1.497566223144531250e+02
1.494681091308593750e+02
1.490210113525390625e+02
1.484590301513671875e+02
1.476887969970703125e+02
1.469576263427734375e+02
1.461140441894531250e+02
1.452506256103515625e+02
1.446244201660156250e+02
1.441981048583984375e+02
1.436352691650390625e+02
1.430625305175781250e+02
1.424344787597656250e+02
1.420359954833984375e+02
1.415207824707031250e+02
1.410286560058593750e+02
1.407751312255859375e+02
1.403526153564453125e+02
1.400578613281250000e+02
1.397162170410156250e+02
1.392856292724609375e+02
1.389005584716796875e+02
1.383436889648437500e+02
1.379517364501953125e+02
1.374135131835937500e+02
1.369453430175781250e+02
1.367463073730468750e+02
1.364528961181640625e+02
1.362590026855468750e+02
1.359370422363281250e+02
1.351036376953125000e+02
1.345869750976562500e+02
1.341211242675781250e+02
1.335325622558593750e+02
1.330472869873046875e+02
1.325109558105468750e+02
1.321666412353515625e+02
1.316959381103515625e+02
1.315432434082031250e+02
1.314675445556640625e+02
1.311699829101562500e+02
1.310690917968750000e+02
1.309126739501953125e+02
1.307355041503906250e+02
1.301942291259765625e+02
1.296891174316406250e+02
1.286766052246093750e+02
1.283676605224609375e+02
1.278309707641601562e+02
1.272608261108398438e+02
1.267948760986328125e+02
1.265138244628906250e+02
1.260474014282226562e+02
1.258635253906250000e+02
1.254869537353515625e+02
1.252244644165039062e+02
1.250240859985351562e+02
1.246720352172851562e+02
1.244239349365234375e+02
1.242718505859375000e+02
1.241471710205078125e+02
1.240092468261718750e+02
1.239122619628906250e+02
1.236121368408203125e+02
1.234157562255859375e+02
1.226025466918945312e+02
1.221209259033203125e+02
1.219305343627929688e+02
1.211993484497070312e+02
1.208363952636718750e+02
1.207662277221679688e+02
1.205815124511718750e+02
1.204249725341796875e+02
1.203260955810546875e+02
1.201063385009765625e+02
1.199494018554687500e+02
1.197195434570312500e+02
1.196700744628906250e+02
1.196329421997070312e+02
1.194390335083007812e+02
1.191530303955078125e+02
1.189866333007812500e+02
1.186537628173828125e+02
1.184964294433593750e+02
1.180830993652343750e+02
1.177753448486328125e+02
1.174570617675781250e+02
1.171999816894531250e+02
1.169423980712890625e+02
1.166563644409179688e+02
1.164973373413085938e+02
1.162761764526367188e+02
1.159315795898437500e+02
1.157270355224609375e+02
1.156119384765625000e+02
1.152786712646484375e+02
1.149347457885742188e+02
1.147512741088867188e+02
1.142861022949218750e+02
1.139855651855468750e+02
1.137590332031250000e+02
1.135345230102539062e+02
1.131877593994140625e+02
1.129004058837890625e+02
1.125972595214843750e+02
1.123485870361328125e+02
1.121837844848632812e+02
1.121106338500976562e+02
1.120413436889648438e+02
1.116345672607421875e+02
1.115546798706054688e+02
1.112232818603515625e+02
1.109938507080078125e+02
1.107380828857421875e+02
1.105656585693359375e+02
1.103531951904296875e+02
1.103301239013671875e+02
1.101149444580078125e+02
1.097927093505859375e+02
1.094715194702148438e+02
1.092661743164062500e+02
1.091384429931640625e+02
1.089467239379882812e+02
1.085943984985351562e+02
1.084577789306640625e+02
1.080623626708984375e+02
1.077377014160156250e+02
1.075714492797851562e+02
1.072041702270507812e+02
1.069710083007812500e+02
1.066432800292968750e+02
1.064017105102539062e+02
1.060487060546875000e+02
1.060415878295898438e+02
1.053747711181640625e+02
1.047103118896484375e+02
1.044170837402343750e+02
1.041763153076171875e+02
1.039443740844726562e+02
1.037846145629882812e+02
1.035287322998046875e+02
1.031897964477539062e+02
1.030967102050781250e+02
1.028873977661132812e+02
1.025971298217773438e+02
1.023160934448242188e+02
1.021586303710937500e+02
1.017118759155273438e+02
1.014278411865234375e+02
1.010043792724609375e+02
1.006378250122070312e+02
1.002831726074218750e+02
9.983095550537109375e+01
9.953967285156250000e+01
9.932897186279296875e+01
9.867760467529296875e+01
9.798082733154296875e+01
9.743927001953125000e+01
9.722125244140625000e+01
9.650605010986328125e+01
9.587187957763671875e+01
9.559651947021484375e+01
9.495874023437500000e+01
9.440387725830078125e+01
9.378916931152343750e+01
9.327571868896484375e+01
9.293469238281250000e+01
9.254115295410156250e+01
9.217222595214843750e+01
9.185809326171875000e+01
9.165536499023437500e+01
9.147005462646484375e+01
9.113111877441406250e+01
9.099866485595703125e+01
9.082997894287109375e+01
9.056379699707031250e+01
9.026692199707031250e+01
9.006636810302734375e+01
8.984705352783203125e+01
8.981774139404296875e+01
8.956837463378906250e+01
8.945505523681640625e+01
8.927760314941406250e+01
8.905878448486328125e+01
8.875594329833984375e+01
8.821694183349609375e+01
8.762532043457031250e+01
8.736552429199218750e+01
8.701657867431640625e+01
8.654055786132812500e+01
8.624440002441406250e+01
8.582294464111328125e+01
8.556745910644531250e+01
8.513517761230468750e+01
8.445964050292968750e+01
8.401982879638671875e+01
8.372118377685546875e+01
8.301689910888671875e+01
8.270407867431640625e+01
8.249600982666015625e+01
8.220797729492187500e+01
8.195948791503906250e+01
8.176053619384765625e+01
8.161481475830078125e+01
8.156845092773437500e+01
8.126626586914062500e+01
8.105548095703125000e+01
8.086669921875000000e+01
8.065229034423828125e+01
8.061555480957031250e+01
8.042586517333984375e+01
8.037796020507812500e+01
8.024741363525390625e+01
8.024222564697265625e+01
8.024222564697265625e+01
8.024222564697265625e+01
