6.296468261718750000e+03
6.268641113281250000e+03
6.283213867187500000e+03
6.388470703125000000e+03
6.258456054687500000e+03
6.263120117187500000e+03
6.250169921875000000e+03
6.256977050781250000e+03
6.245435546875000000e+03
6.272181152343750000e+03
6.246128417968750000e+03
6.255337402343750000e+03
6.249581054687500000e+03
6.253049804687500000e+03
6.252662597656250000e+03
6.247800292968750000e+03
6.254570800781250000e+03
6.250741699218750000e+03
6.244185546875000000e+03
6.250106933593750000e+03
6.258330078125000000e+03
6.243016601562500000e+03
6.235660644531250000e+03
6.242575195312500000e+03
6.234463867187500000e+03
6.228447753906250000e+03
6.229827636718750000e+03
6.224950683593750000e+03
6.216545410156250000e+03
6.202349121093750000e+03
6.195355468750000000e+03
6.219949707031250000e+03
6.249263671875000000e+03
6.208840820312500000e+03
6.232993652343750000e+03
6.186399902343750000e+03
6.179895507812500000e+03
6.185415527343750000e+03
6.127775878906250000e+03
6.115337402343750000e+03
6.114851074218750000e+03
6.079456054687500000e+03
6.121460449218750000e+03
6.089159179687500000e+03
6.080217285156250000e+03
6.078476074218750000e+03
6.045118164062500000e+03
6.080646484375000000e+03
6.014554199218750000e+03
6.038934570312500000e+03
6.018443359375000000e+03
6.030141601562500000e+03
6.007351562500000000e+03
6.029316894531250000e+03
6.024645507812500000e+03
6.012116699218750000e+03
5.990120605468750000e+03
5.964124511718750000e+03
5.937750488281250000e+03
5.960618164062500000e+03
6.287710449218750000e+03
6.244943359375000000e+03
5.875525390625000000e+03
6.019181152343750000e+03
6.018928710937500000e+03
5.901605957031250000e+03
5.948089843750000000e+03
5.882944824218750000e+03
5.782933105468750000e+03
5.768977050781250000e+03
5.737447265625000000e+03
5.654784179687500000e+03
5.651378906250000000e+03
5.644412109375000000e+03
5.612054687500000000e+03
5.563392578125000000e+03
5.567294921875000000e+03
5.803155761718750000e+03
6.191333984375000000e+03
5.714282226562500000e+03
5.847236328125000000e+03
5.673315429687500000e+03
5.825606445312500000e+03
5.696085449218750000e+03
5.607631835937500000e+03
5.639871093750000000e+03
5.558390136718750000e+03
5.534844726562500000e+03
5.443775878906250000e+03
5.469283691406250000e+03
5.413411132812500000e+03
5.442114257812500000e+03
5.311750000000000000e+03
5.364393066406250000e+03
5.357563476562500000e+03
5.274365722656250000e+03
5.228579101562500000e+03
5.248140625000000000e+03
5.236934570312500000e+03
5.181903808593750000e+03
5.152059570312500000e+03
5.140198730468750000e+03
5.281572265625000000e+03
6.350971679687500000e+03
5.810051269531250000e+03
5.580167968750000000e+03
5.578509765625000000e+03
5.765959472656250000e+03
5.633418945312500000e+03
5.573322753906250000e+03
5.502237792968750000e+03
5.465807617187500000e+03
5.366060058593750000e+03
5.328974609375000000e+03
5.204897460937500000e+03
5.197522949218750000e+03
5.217791503906250000e+03
5.162596191406250000e+03
5.107621582031250000e+03
5.097722167968750000e+03
5.083378906250000000e+03
5.026053710937500000e+03
4.991995605468750000e+03
4.964816406250000000e+03
4.922522949218750000e+03
4.856583984375000000e+03
4.881153808593750000e+03
4.879771484375000000e+03
5.064519531250000000e+03
5.543941406250000000e+03
5.025341308593750000e+03
5.191632812500000000e+03
5.402518554687500000e+03
4.960096191406250000e+03
5.452552246093750000e+03
4.837709960937500000e+03
5.159089843750000000e+03
4.689721191406250000e+03
5.265321777343750000e+03
4.852026855468750000e+03
4.995537597656250000e+03
4.886969726562500000e+03
4.701465820312500000e+03
4.960352050781250000e+03
4.567302246093750000e+03
4.839541992187500000e+03
4.565901367187500000e+03
4.769624023437500000e+03
4.583071289062500000e+03
4.602895507812500000e+03
4.589788085937500000e+03
4.471166015625000000e+03
4.370468750000000000e+03
4.436846191406250000e+03
4.363057128906250000e+03
4.345037597656250000e+03
4.228964843750000000e+03
4.222324707031250000e+03
4.204913574218750000e+03
4.216106445312500000e+03
4.611353027343750000e+03
6.439535156250000000e+03
7.096342773437500000e+03
5.062929687500000000e+03
5.465124511718750000e+03
6.008844238281250000e+03
5.166531250000000000e+03
5.924445800781250000e+03
5.933750488281250000e+03
5.494726074218750000e+03
5.184454589843750000e+03
5.490891113281250000e+03
5.563276855468750000e+03
4.999803222656250000e+03
5.032009765625000000e+03
5.168388183593750000e+03
4.958772949218750000e+03
4.819492675781250000e+03
4.742596191406250000e+03
4.647904296875000000e+03
4.656604492187500000e+03
4.659727050781250000e+03
4.497577148437500000e+03
4.575385742187500000e+03
4.408403320312500000e+03
4.438330566406250000e+03
4.436705566406250000e+03
4.256140136718750000e+03
4.357413085937500000e+03
4.190166992187500000e+03
4.255807617187500000e+03
4.154207519531250000e+03
4.184411621093750000e+03
4.071969726562500000e+03
4.112119140625000000e+03
4.018706787109375000e+03
4.007458496093750000e+03
3.989318359375000000e+03
3.914457031250000000e+03
3.958996337890625000e+03
3.846457031250000000e+03
3.841890625000000000e+03
3.833848388671875000e+03
3.826970214843750000e+03
3.816206542968750000e+03
3.794571777343750000e+03
3.778021240234375000e+03
3.760178466796875000e+03
3.734114013671875000e+03
3.710949218750000000e+03
3.654054687500000000e+03
3.620954833984375000e+03
3.606504882812500000e+03
3.581317626953125000e+03
3.546087890625000000e+03
3.527386230468750000e+03
3.511407714843750000e+03
3.502490722656250000e+03
3.497291748046875000e+03
3.491392578125000000e+03
3.481039794921875000e+03
3.467765869140625000e+03
3.459398681640625000e+03
3.452741943359375000e+03
3.446325439453125000e+03
3.436115966796875000e+03
3.421659667968750000e+03
3.407854980468750000e+03
3.399095214843750000e+03
3.384503417968750000e+03
3.374035644531250000e+03
3.363396484375000000e+03
3.357017578125000000e+03
3.352344238281250000e+03
3.346265869140625000e+03
3.338438476562500000e+03
3.330030761718750000e+03
3.316713623046875000e+03
3.300768066406250000e+03
3.274386474609375000e+03
3.261840332031250000e+03
3.247464843750000000e+03
3.212493164062500000e+03
3.196724365234375000e+03
3.181408203125000000e+03
3.172787597656250000e+03
3.164587158203125000e+03
3.156710693359375000e+03
3.150472656250000000e+03
3.146060791015625000e+03
3.139009765625000000e+03
3.124505371093750000e+03
3.109218750000000000e+03
3.098287841796875000e+03
3.082778808593750000e+03
3.073849121093750000e+03
3.067690917968750000e+03
3.056423583984375000e+03
3.025235107421875000e+03
2.997819580078125000e+03
2.984806152343750000e+03
2.974654052734375000e+03
2.971539550781250000e+03
2.962425292968750000e+03
2.941052001953125000e+03
2.927551757812500000e+03
2.912508056640625000e+03
2.901883300781250000e+03
2.894369140625000000e+03
2.888734863281250000e+03
2.885689453125000000e+03
2.881224609375000000e+03
2.871199462890625000e+03
2.862563232421875000e+03
2.855672363281250000e+03
2.852471679687500000e+03
2.845382080078125000e+03
2.838603271484375000e+03
2.828875732421875000e+03
2.818652587890625000e+03
2.811299804687500000e+03
2.808999023437500000e+03
2.806742675781250000e+03
2.802938476562500000e+03
2.800763183593750000e+03
2.796381835937500000e+03
2.793238525390625000e+03
2.787944824218750000e+03
2.781298339843750000e+03
2.768892333984375000e+03
2.766519042968750000e+03
2.756739257812500000e+03
2.752065673828125000e+03
2.748375488281250000e+03
2.745479248046875000e+03
2.741855957031250000e+03
2.739319091796875000e+03
2.734537109375000000e+03
2.731750244140625000e+03
2.731133056640625000e+03
2.727199707031250000e+03
2.725761962890625000e+03
2.724204589843750000e+03
2.720989501953125000e+03
2.714109375000000000e+03
2.706248779296875000e+03
2.694555664062500000e+03
2.678906738281250000e+03
2.668099853515625000e+03
2.653146728515625000e+03
2.641809082031250000e+03
2.632576416015625000e+03
2.618950439453125000e+03
2.615268554687500000e+03
2.609325439453125000e+03
2.597789306640625000e+03
2.590767822265625000e+03
2.585177001953125000e+03
2.574464111328125000e+03
2.559668212890625000e+03
2.552021972656250000e+03
2.548440429687500000e+03
2.542956787109375000e+03
2.539817138671875000e+03
2.536155517578125000e+03
2.532160888671875000e+03
2.529215576171875000e+03
2.524057861328125000e+03
2.520593750000000000e+03
2.513493164062500000e+03
2.502159912109375000e+03
2.491181152343750000e+03
2.477631103515625000e+03
2.464630126953125000e+03
2.459248535156250000e+03
2.454891845703125000e+03
2.452756835937500000e+03
2.446894042968750000e+03
2.443176269531250000e+03
2.441126708984375000e+03
2.438857421875000000e+03
2.435904296875000000e+03
2.434672363281250000e+03
2.427608886718750000e+03
2.420801269531250000e+03
2.416494384765625000e+03
2.414867431640625000e+03
2.410587402343750000e+03
2.406236083984375000e+03
2.398860839843750000e+03
2.394034667968750000e+03
2.387170898437500000e+03
2.377710449218750000e+03
2.370635009765625000e+03
2.361551757812500000e+03
2.355807373046875000e+03
2.349602783203125000e+03
2.345860595703125000e+03
2.339925292968750000e+03
2.335423339843750000e+03
2.332329833984375000e+03
2.329089111328125000e+03
2.324321533203125000e+03
2.323906250000000000e+03
2.321176513671875000e+03
2.318447509765625000e+03
2.316410400390625000e+03
2.315969726562500000e+03
2.314845947265625000e+03
2.314843994140625000e+03
2.312635009765625000e+03
2.311809082031250000e+03
2.308154052734375000e+03
2.307357910156250000e+03
2.303061767578125000e+03
2.301086181640625000e+03
2.299289062500000000e+03
2.297494384765625000e+03
2.297349365234375000e+03
2.295043457031250000e+03
2.294666503906250000e+03
2.294666503906250000e+03
2.294666503906250000e+03
