6.203634277343750000e+03
6.204593261718750000e+03
6.203061035156250000e+03
6.202431152343750000e+03
6.201897460937500000e+03
6.200202148437500000e+03
6.197447265625000000e+03
6.194039550781250000e+03
6.190108886718750000e+03
6.185584960937500000e+03
6.179503906250000000e+03
6.170157714843750000e+03
6.156326171875000000e+03
6.136415527343750000e+03
6.111635742187500000e+03
6.084300292968750000e+03
6.053863281250000000e+03
6.026969726562500000e+03
6.004604003906250000e+03
5.977479003906250000e+03
5.941401367187500000e+03
5.895279785156250000e+03
5.840556152343750000e+03
5.786062988281250000e+03
5.741414062500000000e+03
5.693431152343750000e+03
5.633714843750000000e+03
5.566547851562500000e+03
5.503438964843750000e+03
5.444096679687500000e+03
5.368804199218750000e+03
5.286839355468750000e+03
5.214896972656250000e+03
5.142184570312500000e+03
5.053028320312500000e+03
4.951718750000000000e+03
4.845575683593750000e+03
4.730510742187500000e+03
4.609952636718750000e+03
4.480551269531250000e+03
4.334492675781250000e+03
4.179986816406250000e+03
4.017229736328125000e+03
3.846042480468750000e+03
3.661199462890625000e+03
3.465170654296875000e+03
3.273961914062500000e+03
3.080763427734375000e+03
2.899706298828125000e+03
2.685026123046875000e+03
2.486794189453125000e+03
2.329221435546875000e+03
2.098352783203125000e+03
1.960532592773437500e+03
1.743187255859375000e+03
1.566995605468750000e+03
1.444413574218750000e+03
1.247581787109375000e+03
1.166426025390625000e+03
1.033821899414062500e+03
9.361507568359375000e+02
9.174622192382812500e+02
8.253924560546875000e+02
8.448013305664062500e+02
8.674918212890625000e+02
8.058551635742187500e+02
7.630849609375000000e+02
7.612261962890625000e+02
7.312821044921875000e+02
6.984995727539062500e+02
6.480772094726562500e+02
6.219967651367187500e+02
5.539838256835937500e+02
5.551104125976562500e+02
4.923223876953125000e+02
5.117362365722656250e+02
4.676381530761718750e+02
4.670788574218750000e+02
4.362433471679687500e+02
4.252897949218750000e+02
3.982991027832031250e+02
3.786192016601562500e+02
3.741674499511718750e+02
3.525134277343750000e+02
3.581177062988281250e+02
3.356023254394531250e+02
3.339682922363281250e+02
3.221387329101562500e+02
3.176374206542968750e+02
3.022146301269531250e+02
2.986905517578125000e+02
2.875785827636718750e+02
2.806248474121093750e+02
2.730890502929687500e+02
2.695841369628906250e+02
2.626862792968750000e+02
2.543348083496093750e+02
2.496245117187500000e+02
2.464437866210937500e+02
2.465951080322265625e+02
2.571378173828125000e+02
2.836726379394531250e+02
3.244477539062500000e+02
3.036296691894531250e+02
2.251666107177734375e+02
2.147144775390625000e+02
2.596286315917968750e+02
2.451479644775390625e+02
1.938236846923828125e+02
2.141629638671875000e+02
2.322249603271484375e+02
1.948888244628906250e+02
1.802204437255859375e+02
2.076302032470703125e+02
1.961624450683593750e+02
1.675574951171875000e+02
1.753689270019531250e+02
1.869155120849609375e+02
1.652728424072265625e+02
1.542884826660156250e+02
1.654000854492187500e+02
1.641254425048828125e+02
1.460303649902343750e+02
1.434152679443359375e+02
1.512518310546875000e+02
1.472681274414062500e+02
1.344860076904296875e+02
1.314836578369140625e+02
1.376036376953125000e+02
1.387052307128906250e+02
1.360089721679687500e+02
1.460651855468750000e+02
1.887981719970703125e+02
2.729475402832031250e+02
2.578742675781250000e+02
1.625867919921875000e+02
1.334377899169921875e+02
1.823772888183593750e+02
1.794750061035156250e+02
1.321890106201171875e+02
1.597972717285156250e+02
1.635829010009765625e+02
1.175257873535156250e+02
1.631251525878906250e+02
1.572775726318359375e+02
1.033348083496093750e+02
1.591823577880859375e+02
1.423203125000000000e+02
1.103002624511718750e+02
1.425757904052734375e+02
1.119056854248046875e+02
1.185302200317382812e+02
1.141883163452148438e+02
9.314485168457031250e+01
1.108955841064453125e+02
9.386300659179687500e+01
9.430557250976562500e+01
9.907064819335937500e+01
8.295656585693359375e+01
9.366040802001953125e+01
8.964850616455078125e+01
8.046678924560546875e+01
8.607205963134765625e+01
7.804630279541015625e+01
7.968969726562500000e+01
7.967952728271484375e+01
7.243375396728515625e+01
7.841139221191406250e+01
7.175936126708984375e+01
6.936457061767578125e+01
7.297465515136718750e+01
6.745468902587890625e+01
6.893656158447265625e+01
6.805511474609375000e+01
6.546227264404296875e+01
6.768558502197265625e+01
6.473929595947265625e+01
6.344614791870117188e+01
6.526979827880859375e+01
6.378320312500000000e+01
6.391674423217773438e+01
6.691434478759765625e+01
7.017224884033203125e+01
7.869976806640625000e+01
9.433141326904296875e+01
1.198513870239257812e+02
1.444653320312500000e+02
1.500396881103515625e+02
1.115434951782226562e+02
6.582023620605468750e+01
5.728451538085937500e+01
8.496095275878906250e+01
1.076779251098632812e+02
8.710298919677734375e+01
5.678591918945312500e+01
5.548066711425781250e+01
7.538796234130859375e+01
8.278337097167968750e+01
6.525100708007812500e+01
4.999736785888671875e+01
4.930555343627929688e+01
4.897097396850585938e+01
4.896018218994140625e+01
4.894706344604492188e+01
4.892985916137695312e+01
4.888653945922851562e+01
4.878003692626953125e+01
4.859700012207031250e+01
4.834134292602539062e+01
4.798785781860351562e+01
4.743992996215820312e+01
4.643629455566406250e+01
4.490447616577148438e+01
4.233671951293945312e+01
3.975606536865234375e+01
3.834419250488281250e+01
3.758647537231445312e+01
3.733024215698242188e+01
3.684742736816406250e+01
3.611091232299804688e+01
3.438988876342773438e+01
3.280368423461914062e+01
3.195271301269531250e+01
3.156841087341308594e+01
3.133518218994140625e+01
3.088145828247070312e+01
3.042298126220703125e+01
2.963476753234863281e+01
2.870928001403808594e+01
2.776707839965820312e+01
2.726209068298339844e+01
2.683328437805175781e+01
2.637892723083496094e+01
2.584273338317871094e+01
2.548801422119140625e+01
2.494795417785644531e+01
2.399763870239257812e+01
2.348568725585937500e+01
2.320553970336914062e+01
2.305562400817871094e+01
2.289449119567871094e+01
2.254601478576660156e+01
2.231135940551757812e+01
2.212800407409667969e+01
2.204111671447753906e+01
2.198137664794921875e+01
2.186089324951171875e+01
2.164742279052734375e+01
2.121526336669921875e+01
2.041440200805664062e+01
1.932116699218750000e+01
1.835029029846191406e+01
1.761294746398925781e+01
1.726124382019042969e+01
1.687792205810546875e+01
1.629584693908691406e+01
1.568528270721435547e+01
1.539618396759033203e+01
1.521248435974121094e+01
1.512089347839355469e+01
1.505868816375732422e+01
1.487702751159667969e+01
1.455976772308349609e+01
1.362240028381347656e+01
1.275184059143066406e+01
1.249533271789550781e+01
1.228591823577880859e+01
1.207567119598388672e+01
1.202998828887939453e+01
1.196043968200683594e+01
1.181377220153808594e+01
1.166368103027343750e+01
1.148543453216552734e+01
1.125959587097167969e+01
1.103813934326171875e+01
1.090694236755371094e+01
1.082671928405761719e+01
1.073329257965087891e+01
1.065024852752685547e+01
1.054325294494628906e+01
1.045753288269042969e+01
1.038348960876464844e+01
1.030555152893066406e+01
1.015723800659179688e+01
9.931065559387207031e+00
9.576039314270019531e+00
9.139625549316406250e+00
8.706220626831054688e+00
8.454795837402343750e+00
8.293880462646484375e+00
8.229939460754394531e+00
8.164937019348144531e+00
8.112641334533691406e+00
8.026127815246582031e+00
7.923219203948974609e+00
7.822927951812744141e+00
7.740460395812988281e+00
7.618861198425292969e+00
7.417071819305419922e+00
7.199969768524169922e+00
6.961893558502197266e+00
6.790233135223388672e+00
6.743241310119628906e+00
6.602426528930664062e+00
6.490555763244628906e+00
6.343818664550781250e+00
6.160704612731933594e+00
5.947829723358154297e+00
5.846238613128662109e+00
5.818669319152832031e+00
5.799231529235839844e+00
5.759690761566162109e+00
5.663191318511962891e+00
5.485379695892333984e+00
5.196456432342529297e+00
4.969694614410400391e+00
4.873953819274902344e+00
4.854729652404785156e+00
4.838720321655273438e+00
4.831765174865722656e+00
4.824581623077392578e+00
4.812403678894042969e+00
4.790485858917236328e+00
4.745454311370849609e+00
4.706146717071533203e+00
4.648618698120117188e+00
4.605336666107177734e+00
4.538417339324951172e+00
4.433180809020996094e+00
4.358038902282714844e+00
4.258748054504394531e+00
4.131206989288330078e+00
4.002161979675292969e+00
3.929497718811035156e+00
3.875702381134033203e+00
3.854206800460815430e+00
3.826776504516601562e+00
3.811911582946777344e+00
3.786068916320800781e+00
3.754142761230468750e+00
3.723564386367797852e+00
3.695633649826049805e+00
3.665060043334960938e+00
3.636161088943481445e+00
3.609376907348632812e+00
3.590692281723022461e+00
3.573394536972045898e+00
3.551337242126464844e+00
3.523860454559326172e+00
3.515370607376098633e+00
3.476666450500488281e+00
3.460594177246093750e+00
3.444863080978393555e+00
3.426417589187622070e+00
3.391091108322143555e+00
3.367774963378906250e+00
3.304583787918090820e+00
3.155554294586181641e+00
3.045422315597534180e+00
3.012280464172363281e+00
2.980846405029296875e+00
2.969529390335083008e+00
2.956158638000488281e+00
2.949414730072021484e+00
2.939842700958251953e+00
2.929317474365234375e+00
2.918454647064208984e+00
2.898741722106933594e+00
2.877074480056762695e+00
2.853044986724853516e+00
2.839476585388183594e+00
2.828264713287353516e+00
2.820360898971557617e+00
2.807899475097656250e+00
2.790804862976074219e+00
2.756356239318847656e+00
2.703719854354858398e+00
2.586392879486083984e+00
2.436266660690307617e+00
2.378669023513793945e+00
2.223046064376831055e+00
2.136981725692749023e+00
2.116317987442016602e+00
2.103505134582519531e+00
2.092957496643066406e+00
2.083536863327026367e+00
2.079936265945434570e+00
2.077904939651489258e+00
2.076798439025878906e+00
2.074456453323364258e+00
2.063255071640014648e+00
2.044843673706054688e+00
2.004681587219238281e+00
1.913062691688537598e+00
1.793007969856262207e+00
1.754718899726867676e+00
1.638578653335571289e+00
1.564892888069152832e+00
1.528299212455749512e+00
1.511059880256652832e+00
1.489783167839050293e+00
1.474364638328552246e+00
1.468000769615173340e+00
1.464537262916564941e+00
1.462422966957092285e+00
1.460431218147277832e+00
1.456385135650634766e+00
1.450811266899108887e+00
1.441183924674987793e+00
1.411182403564453125e+00
1.368221521377563477e+00
1.298176646232604980e+00
1.246796727180480957e+00
1.211858630180358887e+00
1.184661746025085449e+00
1.174788832664489746e+00
1.165740370750427246e+00
1.156549692153930664e+00
1.153305649757385254e+00
1.148750066757202148e+00
1.146181106567382812e+00
1.144719958305358887e+00
1.142652273178100586e+00
1.140079975128173828e+00
1.135824561119079590e+00
1.130468487739562988e+00
1.125778317451477051e+00
1.119049310684204102e+00
1.109512686729431152e+00
1.102196693420410156e+00
1.086581230163574219e+00
1.072513222694396973e+00
1.045415639877319336e+00
1.018641948699951172e+00
9.671522378921508789e-01
9.507848024368286133e-01
9.415873885154724121e-01
9.360393285751342773e-01
9.335473179817199707e-01
9.318650364875793457e-01
9.293620586395263672e-01
9.281539320945739746e-01
9.213672876358032227e-01
9.178295731544494629e-01
9.138091802597045898e-01
9.095046520233154297e-01
9.058468341827392578e-01
9.000843763351440430e-01
8.961509466171264648e-01
8.943928480148315430e-01
8.906286954879760742e-01
8.870359063148498535e-01
8.816941976547241211e-01
8.721718788146972656e-01
8.604502677917480469e-01
8.432254791259765625e-01
8.322827219963073730e-01
8.193051815032958984e-01
8.133741021156311035e-01
8.099231123924255371e-01
8.079295754432678223e-01
8.048397302627563477e-01
8.022221922874450684e-01
7.992246150970458984e-01
7.974807024002075195e-01
7.957832813262939453e-01
7.942478060722351074e-01
7.934325337409973145e-01
7.913310527801513672e-01
7.890488505363464355e-01
7.877823114395141602e-01
7.867189645767211914e-01
7.862693667411804199e-01
7.856786251068115234e-01
7.852666974067687988e-01
7.848725914955139160e-01
7.841703891754150391e-01
7.827538847923278809e-01
7.800137400627136230e-01
7.741171717643737793e-01
7.629190683364868164e-01
7.438285350799560547e-01
7.193267941474914551e-01
7.087575793266296387e-01
6.908370852470397949e-01
6.807857751846313477e-01
6.785731911659240723e-01
6.771861910820007324e-01
6.755152940750122070e-01
6.747589111328125000e-01
6.742197871208190918e-01
6.732335090637207031e-01
6.723881959915161133e-01
6.717043519020080566e-01
6.710817217826843262e-01
6.701502799987792969e-01
6.690582036972045898e-01
6.680059432983398438e-01
6.651828289031982422e-01
6.630061268806457520e-01
6.600139141082763672e-01
6.569920778274536133e-01
6.541780829429626465e-01
6.523774862289428711e-01
6.502478122711181641e-01
6.432582139968872070e-01
6.379131078720092773e-01
6.294304132461547852e-01
6.231197118759155273e-01
6.159229278564453125e-01
6.112782359123229980e-01
6.080525517463684082e-01
6.028050780296325684e-01
5.966984033584594727e-01
5.872904062271118164e-01
5.778437852859497070e-01
5.732311606407165527e-01
5.551890730857849121e-01
5.467014312744140625e-01
5.391301512718200684e-01
5.316020250320434570e-01
5.276032090187072754e-01
5.189425945281982422e-01
5.093672275543212891e-01
5.048522949218750000e-01
5.022131204605102539e-01
5.008283853530883789e-01
4.996248185634613037e-01
4.987570643424987793e-01
4.974343776702880859e-01
4.964340627193450928e-01
4.956210255622863770e-01
4.947294890880584717e-01
4.940602779388427734e-01
4.933016300201416016e-01
4.925517141819000244e-01
4.918750524520874023e-01
4.913071691989898682e-01
4.906475841999053955e-01
4.900770187377929688e-01
4.894875586032867432e-01
4.887343347072601318e-01
4.869934320449829102e-01
4.814905822277069092e-01
4.808583557605743408e-01
4.735391736030578613e-01
4.704115986824035645e-01
4.673342406749725342e-01
4.655641317367553711e-01
4.629633724689483643e-01
4.594259262084960938e-01
4.552462697029113770e-01
4.505109488964080811e-01
4.435550570487976074e-01
4.368745088577270508e-01
4.318782985210418701e-01
4.259605109691619873e-01
4.229389429092407227e-01
4.185418486595153809e-01
4.142873585224151611e-01
4.105123281478881836e-01
4.065690338611602783e-01
4.044835567474365234e-01
4.009454250335693359e-01
3.984924554824829102e-01
3.953519463539123535e-01
3.918970823287963867e-01
3.878425359725952148e-01
3.857241272926330566e-01
3.830497562885284424e-01
3.805279135704040527e-01
3.774444162845611572e-01
3.733428120613098145e-01
3.697747290134429932e-01
3.658582866191864014e-01
3.626241683959960938e-01
3.593961000442504883e-01
3.576284646987915039e-01
3.565767407417297363e-01
3.561494350433349609e-01
3.558493852615356445e-01
3.555637896060943604e-01
3.553324937820434570e-01
3.552565872669219971e-01
3.550678193569183350e-01
3.548397719860076904e-01
3.544919192790985107e-01
3.540565371513366699e-01
3.531808853149414062e-01
3.526403903961181641e-01
3.513603806495666504e-01
3.498317003250122070e-01
3.481467068195343018e-01
3.452928364276885986e-01
3.441185057163238525e-01
3.431278169155120850e-01
3.407140374183654785e-01
3.393978774547576904e-01
3.357357978820800781e-01
3.324007093906402588e-01
3.297301232814788818e-01
3.276406228542327881e-01
3.257548213005065918e-01
3.237323462963104248e-01
3.219549953937530518e-01
3.210228979587554932e-01
3.199930191040039062e-01
3.178921937942504883e-01
3.164373338222503662e-01
3.133894503116607666e-01
3.108790218830108643e-01
3.089846968650817871e-01
3.078639805316925049e-01
3.067922890186309814e-01
3.061479628086090088e-01
3.054046630859375000e-01
3.045397698879241943e-01
3.032642602920532227e-01
3.017839491367340088e-01
2.997766435146331787e-01
2.984493374824523926e-01
2.979958057403564453e-01
2.953163683414459229e-01
2.946333289146423340e-01
2.937905192375183105e-01
2.931330204010009766e-01
2.917451560497283936e-01
2.903900444507598877e-01
2.899652719497680664e-01
2.880572378635406494e-01
2.871156036853790283e-01
2.859817147254943848e-01
2.854059338569641113e-01
2.846669554710388184e-01
2.838389873504638672e-01
2.832818925380706787e-01
2.825289368629455566e-01
2.815282046794891357e-01
2.809176445007324219e-01
2.803376913070678711e-01
2.800888717174530029e-01
2.796572148799896240e-01
2.793305814266204834e-01
2.788926959037780762e-01
2.783845365047454834e-01
2.777886390686035156e-01
2.775325179100036621e-01
2.772492468357086182e-01
2.768209576606750488e-01
2.764491438865661621e-01
2.759674787521362305e-01
2.754609286785125732e-01
2.752439379692077637e-01
2.748331129550933838e-01
2.741583287715911865e-01
2.734998464584350586e-01
2.728759050369262695e-01
2.723342478275299072e-01
2.716489434242248535e-01
2.709670364856719971e-01
2.699770331382751465e-01
2.689615190029144287e-01
2.676646411418914795e-01
2.661209106445312500e-01
2.645085752010345459e-01
2.611196339130401611e-01
2.586065828800201416e-01
2.552270591259002686e-01
2.543398737907409668e-01
2.520959973335266113e-01
2.498946040868759155e-01
2.479985058307647705e-01
2.461795508861541748e-01
2.441379725933074951e-01
2.416731715202331543e-01
2.400076389312744141e-01
2.382521033287048340e-01
2.356535494327545166e-01
2.325488924980163574e-01
2.302555441856384277e-01
2.277313619852066040e-01
2.266493737697601318e-01
2.256754040718078613e-01
2.251745015382766724e-01
2.237929552793502808e-01
2.227146327495574951e-01
2.221565097570419312e-01
2.215618193149566650e-01
2.211582213640213013e-01
2.207488268613815308e-01
2.203641682863235474e-01
2.200096547603607178e-01
2.196796685457229614e-01
2.193468660116195679e-01
2.190562486648559570e-01
2.186739891767501831e-01
2.184062749147415161e-01
2.181616127490997314e-01
2.178981155157089233e-01
2.175829112529754639e-01
2.172759473323822021e-01
2.170563936233520508e-01
2.169696539640426636e-01
2.168489843606948853e-01
2.167333066463470459e-01
2.165663391351699829e-01
2.164840996265411377e-01
2.163656651973724365e-01
2.163057476282119751e-01
2.162036299705505371e-01
2.160898298025131226e-01
2.159577310085296631e-01
2.158042043447494507e-01
2.156406044960021973e-01
2.155077606439590454e-01
2.153867632150650024e-01
2.152096927165985107e-01
2.151551246643066406e-01
2.148161828517913818e-01
2.145407050848007202e-01
2.143157124519348145e-01
2.140997499227523804e-01
2.137748897075653076e-01
2.136049419641494751e-01
2.132124751806259155e-01
2.129205167293548584e-01
2.126435786485671997e-01
2.124581485986709595e-01
2.121151089668273926e-01
2.115996927022933960e-01
2.109847217798233032e-01
2.106784582138061523e-01
2.100139409303665161e-01
2.096749544143676758e-01
2.087992429733276367e-01
2.076098918914794922e-01
2.058243602514266968e-01
2.048932611942291260e-01
2.032952010631561279e-01
2.018687576055526733e-01
2.010719329118728638e-01
2.004570811986923218e-01
1.996969431638717651e-01
1.988300830125808716e-01
1.977497041225433350e-01
1.969338953495025635e-01
1.957173645496368408e-01
1.945391297340393066e-01
1.929051578044891357e-01
1.902545839548110962e-01
1.889482885599136353e-01
1.879192143678665161e-01
1.874946057796478271e-01
1.873096525669097900e-01
1.872362941503524780e-01
1.871834844350814819e-01
1.871168613433837891e-01
1.870165467262268066e-01
1.869930028915405273e-01
1.869256794452667236e-01
1.868861466646194458e-01
1.868459731340408325e-01
1.868015974760055542e-01
1.867794096469879150e-01
1.866998076438903809e-01
1.866308748722076416e-01
1.865441501140594482e-01
1.863483786582946777e-01
1.862033605575561523e-01
1.858747154474258423e-01
1.856712549924850464e-01
1.852710694074630737e-01
1.845178008079528809e-01
1.841500699520111084e-01
1.837135553359985352e-01
1.834535598754882812e-01
1.831773370504379272e-01
1.829436570405960083e-01
1.826408803462982178e-01
1.822745800018310547e-01
1.818419992923736572e-01
1.816335022449493408e-01
1.811060160398483276e-01
1.807404160499572754e-01
1.802370548248291016e-01
1.797754615545272827e-01
1.794331967830657959e-01
1.789591461420059204e-01
1.783889830112457275e-01
1.780546307563781738e-01
1.776472926139831543e-01
1.770631372928619385e-01
1.766793280839920044e-01
1.763299703598022461e-01
1.755554974079132080e-01
1.747268885374069214e-01
1.736849248409271240e-01
1.729427576065063477e-01
1.724469810724258423e-01
1.718773245811462402e-01
1.711112856864929199e-01
1.701408773660659790e-01
1.689309179782867432e-01
1.676601171493530273e-01
1.668395102024078369e-01
1.656894981861114502e-01
1.645232737064361572e-01
1.634836792945861816e-01
1.630862802267074585e-01
1.623848080635070801e-01
1.617404371500015259e-01
1.612170934677124023e-01
1.608271300792694092e-01
1.604425907135009766e-01
1.600754410028457642e-01
1.595458984375000000e-01
1.592820137739181519e-01
1.589176356792449951e-01
1.587058156728744507e-01
1.584613770246505737e-01
1.582011431455612183e-01
1.578432917594909668e-01
1.575219035148620605e-01
1.571385711431503296e-01
1.567256748676300049e-01
1.565187424421310425e-01
1.562522947788238525e-01
1.560678035020828247e-01
1.558803617954254150e-01
1.556863933801651001e-01
1.554347723722457886e-01
1.552522480487823486e-01
1.551708579063415527e-01
1.550921499729156494e-01
1.550316810607910156e-01
1.549459546804428101e-01
1.548180133104324341e-01
1.547139734029769897e-01
1.546034812927246094e-01
1.545312106609344482e-01
1.544477343559265137e-01
1.543620228767395020e-01
1.542742401361465454e-01
1.541782468557357788e-01
1.540750116109848022e-01
1.539367139339447021e-01
1.538796126842498779e-01
1.538085341453552246e-01
1.537388116121292114e-01
1.536642760038375854e-01
1.535594463348388672e-01
1.534904688596725464e-01
1.533662974834442139e-01
1.532310992479324341e-01
1.530903577804565430e-01
1.529121100902557373e-01
1.526914238929748535e-01
1.525644958019256592e-01
1.522586047649383545e-01
1.519378721714019775e-01
1.517137587070465088e-01
1.515012681484222412e-01
1.512122452259063721e-01
1.509585827589035034e-01
1.506043225526809692e-01
1.505226194858551025e-01
1.500921547412872314e-01
1.498997360467910767e-01
1.497689336538314819e-01
1.496114283800125122e-01
1.495387107133865356e-01
1.493426561355590820e-01
1.491731554269790649e-01
1.489947736263275146e-01
1.486683934926986694e-01
1.482190936803817749e-01
1.475765854120254517e-01
1.469891071319580078e-01
1.464286297559738159e-01
1.461772918701171875e-01
1.458324491977691650e-01
1.448265314102172852e-01
1.443212926387786865e-01
1.438780277967453003e-01
1.435552686452865601e-01
1.432232111692428589e-01
1.428224146366119385e-01
1.422525346279144287e-01
1.417057514190673828e-01
1.413685679435729980e-01
1.407825648784637451e-01
1.401374489068984985e-01
1.396396309137344360e-01
1.390240192413330078e-01
1.384180486202239990e-01
1.380884498357772827e-01
1.376102268695831299e-01
1.371145099401473999e-01
1.364406049251556396e-01
1.350560486316680908e-01
1.342911422252655029e-01
1.334191113710403442e-01
1.327348053455352783e-01
1.322731077671051025e-01
1.318395733833312988e-01
1.315203458070755005e-01
1.312346607446670532e-01
1.307588219642639160e-01
1.303189098834991455e-01
1.298083513975143433e-01
1.294489651918411255e-01
1.293921321630477905e-01
1.290163099765777588e-01
1.288564205169677734e-01
1.285922080278396606e-01
1.280997693538665771e-01
1.276146471500396729e-01
1.273424923419952393e-01
1.270627677440643311e-01
1.268037259578704834e-01
1.265507489442825317e-01
1.261691004037857056e-01
1.256229579448699951e-01
1.250884532928466797e-01
1.248029321432113647e-01
1.246344596147537231e-01
1.245127916336059570e-01
1.243278235197067261e-01
1.241788342595100403e-01
1.240002140402793884e-01
1.238362416625022888e-01
1.236267313361167908e-01
1.233957484364509583e-01
1.231405436992645264e-01
1.229583919048309326e-01
1.227698549628257751e-01
1.226286292076110840e-01
1.224761381745338440e-01
1.223532184958457947e-01
1.222359240055084229e-01
1.220984905958175659e-01
1.219784617424011230e-01
1.218484714627265930e-01
1.215770542621612549e-01
1.212964728474617004e-01
1.211259663105010986e-01
1.210035085678100586e-01
1.208378002047538757e-01
1.207491382956504822e-01
1.206217408180236816e-01
1.205756068229675293e-01
1.205373778939247131e-01
1.204657852649688721e-01
1.203600689768791199e-01
1.202480569481849670e-01
1.201415508985519409e-01
1.200511157512664795e-01
1.199823915958404541e-01
1.199388802051544189e-01
1.198934167623519897e-01
1.198599785566329956e-01
1.198492422699928284e-01
1.198213621973991394e-01
1.197605729103088379e-01
1.197455972433090210e-01
1.196756362915039062e-01
1.196024715900421143e-01
1.195546984672546387e-01
1.195147037506103516e-01
1.194696202874183655e-01
1.194088906049728394e-01
1.193271726369857788e-01
1.192100793123245239e-01
1.191406846046447754e-01
1.190178915858268738e-01
1.188805252313613892e-01
1.187773197889328003e-01
1.186832562088966370e-01
1.186406686902046204e-01
1.185533553361892700e-01
1.184335798025131226e-01
1.183086633682250977e-01
1.182813420891761780e-01
1.181374341249465942e-01
1.180646643042564392e-01
1.179156377911567688e-01
1.176894977688789368e-01
1.173075214028358459e-01
1.167847067117691040e-01
1.165901720523834229e-01
1.160014718770980835e-01
1.152954325079917908e-01
1.146146804094314575e-01
1.138899326324462891e-01
1.132646948099136353e-01
1.130633577704429626e-01
1.125737875699996948e-01
1.124918758869171143e-01
1.123943030834197998e-01
1.122326552867889404e-01
1.120350062847137451e-01
1.119507327675819397e-01
1.117308288812637329e-01
1.114708185195922852e-01
1.112898290157318115e-01
1.111728250980377197e-01
1.110266074538230896e-01
1.107560023665428162e-01
1.104121506214141846e-01
1.099819839000701904e-01
1.095736101269721985e-01
1.092168614268302917e-01
1.088725179433822632e-01
1.084354966878890991e-01
1.082038581371307373e-01
1.080233007669448853e-01
1.078046411275863647e-01
1.074731871485710144e-01
1.072050780057907104e-01
1.069674566388130188e-01
1.067335903644561768e-01
1.064694672822952271e-01
1.061590909957885742e-01
1.058702096343040466e-01
1.056372895836830139e-01
1.055815368890762329e-01
1.054937168955802917e-01
1.052417680621147156e-01
1.049632430076599121e-01
1.046257019042968750e-01
1.043448373675346375e-01
1.040692031383514404e-01
1.038995832204818726e-01
1.035023704171180725e-01
1.032978370785713196e-01
1.032197996973991394e-01
1.029714643955230713e-01
1.028100475668907166e-01
1.025820299983024597e-01
1.023966595530509949e-01
1.022346988320350647e-01
1.021060049533843994e-01
1.019826233386993408e-01
1.017856001853942871e-01
1.016434431076049805e-01
1.015602201223373413e-01
1.014155372977256775e-01
1.011579185724258423e-01
1.009628251194953918e-01
1.007719859480857849e-01
1.005663573741912842e-01
1.000593006610870361e-01
9.986734390258789062e-02
9.953902661800384521e-02
9.911902993917465210e-02
9.875889122486114502e-02
9.833137691020965576e-02
9.805697947740554810e-02
9.782859683036804199e-02
9.773294627666473389e-02
9.760335087776184082e-02
9.741058200597763062e-02
9.718124568462371826e-02
9.702586382627487183e-02
9.680995345115661621e-02
9.655445814132690430e-02
9.635937213897705078e-02
9.625871479511260986e-02
9.617995470762252808e-02
9.614449739456176758e-02
9.606946259737014771e-02
9.597055613994598389e-02
9.591168165206909180e-02
9.574735909700393677e-02
9.555523097515106201e-02
9.542943537235260010e-02
9.541910886764526367e-02
9.530226141214370728e-02
9.524276852607727051e-02
9.512386471033096313e-02
9.503475576639175415e-02
9.492473304271697998e-02
9.482506662607192993e-02
9.470909833908081055e-02
9.455943107604980469e-02
9.442985802888870239e-02
9.439201653003692627e-02
9.426707029342651367e-02
9.419157356023788452e-02
9.412997215986251831e-02
9.402277320623397827e-02
9.398315101861953735e-02
9.382436424493789673e-02
9.369899332523345947e-02
9.358568489551544189e-02
9.346742928028106689e-02
9.338244050741195679e-02
9.335210919380187988e-02
9.324863553047180176e-02
9.312802553176879883e-02
9.302373975515365601e-02
9.292193502187728882e-02
9.279990196228027344e-02
9.267722070217132568e-02
9.250182658433914185e-02
9.237280488014221191e-02
9.225966036319732666e-02
9.209935367107391357e-02
9.201388806104660034e-02
9.193723648786544800e-02
9.188736230134963989e-02
9.182716161012649536e-02
9.171991050243377686e-02
9.159927815198898315e-02
9.151839464902877808e-02
9.147179871797561646e-02
9.139741212129592896e-02
9.132515639066696167e-02
9.124472737312316895e-02
9.115076065063476562e-02
9.105352312326431274e-02
9.092053771018981934e-02
9.084343165159225464e-02
9.066220372915267944e-02
9.039463847875595093e-02
9.026971459388732910e-02
9.015776216983795166e-02
9.001000225543975830e-02
8.983976393938064575e-02
8.970855176448822021e-02
8.961591124534606934e-02
8.949098736047744751e-02
8.939768373966217041e-02
8.926637470722198486e-02
8.915374428033828735e-02
8.907087147235870361e-02
8.899709582328796387e-02
8.890820294618606567e-02
8.884111046791076660e-02
8.877581357955932617e-02
8.874870836734771729e-02
8.871745318174362183e-02
8.870058506727218628e-02
8.867140114307403564e-02
8.864020556211471558e-02
8.861041814088821411e-02
8.857247233390808105e-02
8.853340893983840942e-02
8.846725523471832275e-02
8.837755024433135986e-02
8.823804557323455811e-02
8.819226175546646118e-02
8.806612342596054077e-02
8.799183368682861328e-02
8.794374763965606689e-02
8.790235966444015503e-02
8.780911564826965332e-02
8.777853101491928101e-02
8.773093670606613159e-02
8.768316358327865601e-02
8.766929060220718384e-02
8.763179928064346313e-02
8.756949752569198608e-02
8.745475858449935913e-02
8.733838796615600586e-02
8.721565455198287964e-02
8.716447651386260986e-02
8.694839477539062500e-02
8.688673377037048340e-02
8.682742714881896973e-02
8.679594844579696655e-02
8.675174415111541748e-02
8.668534457683563232e-02
8.663360774517059326e-02
8.658944815397262573e-02
8.651223778724670410e-02
8.646115660667419434e-02
8.641275763511657715e-02
8.633154630661010742e-02
8.628587424755096436e-02
8.624363690614700317e-02
8.619987219572067261e-02
8.610390871763229370e-02
8.597880601882934570e-02
8.591767400503158569e-02
8.582478761672973633e-02
8.576268702745437622e-02
8.572229743003845215e-02
8.562803268432617188e-02
8.550633490085601807e-02
8.545317500829696655e-02
8.533805608749389648e-02
8.525665104389190674e-02
8.520793169736862183e-02
8.513028919696807861e-02
8.505462110042572021e-02
8.490777760744094849e-02
8.475827425718307495e-02
8.462840318679809570e-02
8.457189053297042847e-02
8.445475995540618896e-02
8.440111577510833740e-02
8.434868603944778442e-02
8.428694307804107666e-02
8.421777188777923584e-02
8.415599912405014038e-02
8.409766107797622681e-02
8.407659083604812622e-02
8.402897417545318604e-02
8.398562669754028320e-02
8.394166827201843262e-02
8.389500528573989868e-02
8.381067216396331787e-02
8.372268825769424438e-02
8.364150673151016235e-02
8.353434503078460693e-02
8.347328007221221924e-02
8.336524665355682373e-02
8.329288661479949951e-02
8.322644233703613281e-02
8.318904787302017212e-02
8.312143385410308838e-02
8.310037106275558472e-02
8.307190984487533569e-02
8.304275572299957275e-02
8.299825340509414673e-02
8.296595513820648193e-02
8.292960375547409058e-02
8.287907391786575317e-02
8.281525969505310059e-02
8.277107030153274536e-02
8.271867036819458008e-02
8.266812562942504883e-02
8.260751515626907349e-02
8.253690600395202637e-02
8.249599486589431763e-02
8.243902027606964111e-02
8.236783742904663086e-02
8.233430981636047363e-02
8.223753422498703003e-02
8.218602836132049561e-02
8.213683217763900757e-02
8.209928870201110840e-02
8.207479864358901978e-02
8.205698430538177490e-02
8.204443007707595825e-02
8.201682567596435547e-02
8.199623227119445801e-02
8.195571601390838623e-02
8.191633969545364380e-02
8.183247596025466919e-02
8.173170685768127441e-02
8.156942576169967651e-02
8.149092644453048706e-02
8.131586760282516479e-02
8.111567050218582153e-02
8.101044595241546631e-02
8.090960234403610229e-02
8.084995299577713013e-02
8.081309497356414795e-02
8.077549189329147339e-02
8.073675632476806641e-02
8.067293465137481689e-02
8.058349788188934326e-02
8.054634183645248413e-02
8.048118650913238525e-02
8.043643832206726074e-02
8.039601892232894897e-02
8.036565780639648438e-02
8.034468442201614380e-02
8.032744377851486206e-02
8.031359314918518066e-02
8.029172569513320923e-02
8.027199655771255493e-02
8.025311678647994995e-02
8.023644983768463135e-02
8.021914213895797729e-02
8.020311594009399414e-02
8.016727864742279053e-02
8.014146983623504639e-02
8.007074147462844849e-02
7.996179908514022827e-02
7.979682087898254395e-02
7.958492636680603027e-02
7.930714637041091919e-02
7.899967581033706665e-02
7.879280298948287964e-02
7.861474901437759399e-02
7.847360521554946899e-02
7.832294702529907227e-02
7.820208370685577393e-02
7.810018211603164673e-02
7.799796015024185181e-02
7.783427089452743530e-02
7.775630056858062744e-02
7.771850377321243286e-02
7.751306146383285522e-02
7.739722728729248047e-02
7.723386585712432861e-02
7.718738168478012085e-02
7.708880305290222168e-02
7.696370780467987061e-02
7.688682526350021362e-02
7.678256928920745850e-02
7.669734209775924683e-02
7.658683508634567261e-02
7.654517889022827148e-02
7.649521529674530029e-02
7.645574957132339478e-02
7.641213387250900269e-02
7.635349035263061523e-02
7.630402594804763794e-02
7.622008025646209717e-02
7.615311443805694580e-02
7.604452222585678101e-02
7.596866041421890259e-02
7.582421600818634033e-02
7.577390968799591064e-02
7.568568736314773560e-02
7.558634877204895020e-02
7.556265592575073242e-02
7.543491572141647339e-02
7.533589750528335571e-02
7.519122213125228882e-02
7.508867233991622925e-02
7.503932714462280273e-02
7.489283382892608643e-02
7.482857257127761841e-02
7.473798841238021851e-02
7.462993264198303223e-02
7.448677718639373779e-02
7.432617247104644775e-02
7.423371821641921997e-02
7.416345924139022827e-02
7.409435510635375977e-02
7.402662932872772217e-02
7.401192188262939453e-02
7.396317273378372192e-02
7.394957542419433594e-02
7.392299920320510864e-02
7.390153408050537109e-02
7.387695461511611938e-02
7.385954260826110840e-02
7.383739948272705078e-02
7.379525154829025269e-02
7.376451045274734497e-02
7.369010150432586670e-02
7.364419102668762207e-02
7.360727339982986450e-02
7.358379662036895752e-02
7.354851067066192627e-02
7.350284606218338013e-02
7.339844852685928345e-02
7.336635887622833252e-02
7.328267395496368408e-02
7.320424914360046387e-02
7.315787672996520996e-02
7.309386134147644043e-02
7.302878797054290771e-02
7.300437986850738525e-02
7.296080887317657471e-02
7.294092327356338501e-02
7.291956990957260132e-02
7.289940118789672852e-02
7.286379486322402954e-02
7.283230870962142944e-02
7.281472533941268921e-02
7.278011739253997803e-02
7.274897396564483643e-02
7.272198051214218140e-02
7.269139587879180908e-02
7.266424596309661865e-02
7.263574749231338501e-02
7.260933518409729004e-02
7.256989181041717529e-02
7.252559810876846313e-02
7.245533913373947144e-02
7.238400727510452271e-02
7.231310755014419556e-02
7.223536074161529541e-02
7.219411432743072510e-02
7.216350734233856201e-02
7.213977724313735962e-02
7.211265712976455688e-02
7.206797599792480469e-02
7.203516364097595215e-02
7.201351970434188843e-02
7.198655605316162109e-02
7.196569442749023438e-02
7.194422185420989990e-02
7.192113995552062988e-02
7.190401852130889893e-02
7.188116759061813354e-02
7.185962796211242676e-02
7.183423638343811035e-02
7.180294394493103027e-02
7.177812606096267700e-02
7.174823433160781860e-02
7.170365750789642334e-02
7.167270034551620483e-02
7.164276391267776489e-02
7.160877436399459839e-02
7.153719663619995117e-02
7.144209742546081543e-02
7.121942937374114990e-02
7.110869884490966797e-02
7.089228183031082153e-02
7.074800133705139160e-02
7.066886126995086670e-02
7.056750357151031494e-02
7.039423286914825439e-02
7.014400511980056763e-02
7.001133263111114502e-02
6.993073225021362305e-02
6.983507424592971802e-02
6.962393224239349365e-02
6.946668773889541626e-02
6.940378248691558838e-02
6.925724446773529053e-02
6.914355605840682983e-02
6.909900903701782227e-02
6.900203227996826172e-02
6.892632693052291870e-02
6.885504722595214844e-02
6.877620518207550049e-02
6.876188516616821289e-02
6.854280084371566772e-02
6.840664148330688477e-02
6.828505545854568481e-02
6.816288083791732788e-02
6.797118484973907471e-02
6.788864731788635254e-02
6.780719757080078125e-02
6.776453554630279541e-02
6.774486601352691650e-02
6.772311776876449585e-02
6.768368184566497803e-02
6.763296574354171753e-02
6.758407503366470337e-02
6.751415133476257324e-02
6.746977567672729492e-02
6.743720173835754395e-02
6.737136840820312500e-02
6.728621572256088257e-02
6.719070672988891602e-02
6.709747016429901123e-02
6.703907251358032227e-02
6.695862114429473877e-02
6.687457859516143799e-02
6.682430952787399292e-02
6.680382043123245239e-02
6.678632646799087524e-02
6.675732135772705078e-02
6.671760231256484985e-02
6.665078550577163696e-02
6.660115718841552734e-02
6.656333804130554199e-02
6.653004884719848633e-02
6.649072468280792236e-02
6.643732637166976929e-02
6.640215963125228882e-02
6.636369973421096802e-02
6.632899492979049683e-02
6.629586219787597656e-02
6.626010686159133911e-02
6.621695309877395630e-02
6.618049740791320801e-02
6.613734364509582520e-02
6.610793620347976685e-02
6.607999652624130249e-02
6.603698432445526123e-02
6.598573923110961914e-02
6.593681871891021729e-02
6.591276824474334717e-02
6.588373333215713501e-02
6.583381444215774536e-02
6.578569114208221436e-02
6.571418046951293945e-02
6.570745259523391724e-02
6.566671282052993774e-02
6.564087420701980591e-02
6.561854481697082520e-02
6.558886170387268066e-02
6.552438437938690186e-02
6.543408334255218506e-02
6.535351276397705078e-02
6.524459272623062134e-02
6.511072069406509399e-02
6.503531336784362793e-02
6.490942090749740601e-02
6.483555585145950317e-02
6.471424549818038940e-02
6.457582116127014160e-02
6.441174447536468506e-02
6.423509865999221802e-02
6.400550156831741333e-02
6.384880095720291138e-02
6.375576555728912354e-02
6.370989233255386353e-02
6.365737318992614746e-02
6.360825896263122559e-02
6.356794387102127075e-02
6.352560222148895264e-02
6.346756219863891602e-02
6.342125684022903442e-02
6.335876882076263428e-02
6.333860754966735840e-02
6.329146772623062134e-02
6.321011483669281006e-02
6.314432621002197266e-02
6.304379552602767944e-02
6.299990415573120117e-02
6.291561573743820190e-02
6.286245584487915039e-02
6.284275650978088379e-02
6.281362473964691162e-02
6.278225779533386230e-02
6.273703277111053467e-02
6.269650161266326904e-02
6.266389787197113037e-02
6.263425946235656738e-02
6.262964755296707153e-02
6.257937103509902954e-02
6.255369633436203003e-02
6.253170222043991089e-02
6.250938773155212402e-02
6.247632205486297607e-02
6.242679432034492493e-02
6.238253414630889893e-02
6.232572346925735474e-02
6.228711083531379700e-02
6.224401295185089111e-02
6.220427528023719788e-02
6.216867640614509583e-02
6.215209513902664185e-02
6.211797893047332764e-02
6.208404153585433960e-02
6.207585334777832031e-02
6.204167380928993225e-02
6.202609837055206299e-02
6.200774013996124268e-02
6.198834255337715149e-02
6.196507811546325684e-02
6.195258349180221558e-02
6.193272024393081665e-02
6.190296262502670288e-02
6.189063191413879395e-02
6.185604259371757507e-02
6.183296069502830505e-02
6.180709600448608398e-02
6.179932877421379089e-02
6.177445128560066223e-02
6.174752861261367798e-02
6.172902882099151611e-02
6.170862913131713867e-02
6.168124079704284668e-02
6.163989007472991943e-02
6.161734461784362793e-02
6.154636293649673462e-02
6.145181506872177124e-02
6.144022941589355469e-02
6.138395518064498901e-02
6.134662404656410217e-02
6.127048283815383911e-02
6.116971746087074280e-02
6.107368320226669312e-02
6.100117042660713196e-02
6.093126535415649414e-02
6.086238846182823181e-02
6.081868335604667664e-02
6.073042750358581543e-02
6.066414341330528259e-02
6.059120222926139832e-02
6.055237725377082825e-02
6.052798777818679810e-02
6.049912795424461365e-02
6.047814711928367615e-02
6.042287498712539673e-02
6.040731444954872131e-02
6.033056974411010742e-02
6.028886511921882629e-02
6.022764369845390320e-02
6.017017737030982971e-02
6.010529398918151855e-02
5.994178354740142822e-02
5.986869707703590393e-02
5.977061763405799866e-02
5.968650802969932556e-02
5.962895601987838745e-02
5.955617874860763550e-02
5.949973687529563904e-02
5.940322577953338623e-02
5.926308780908584595e-02
5.916735157370567322e-02
5.911790579557418823e-02
5.909691751003265381e-02
5.909017473459243774e-02
5.908098444342613220e-02
5.906347930431365967e-02
5.905027687549591064e-02
5.903307348489761353e-02
5.901648849248886108e-02
5.900700390338897705e-02
5.899204686284065247e-02
5.897959694266319275e-02
5.896413326263427734e-02
5.892466381192207336e-02
5.888903513550758362e-02
5.885300040245056152e-02
5.880571901798248291e-02
5.877100303769111633e-02
5.874023213982582092e-02
5.871852114796638489e-02
5.870239064097404480e-02
5.869052931666374207e-02
5.868675932288169861e-02
5.867697671055793762e-02
5.866413563489913940e-02
5.865420401096343994e-02
5.863461643457412720e-02
5.861282348632812500e-02
5.857335776090621948e-02
5.853385478258132935e-02
5.847981944680213928e-02
5.845047160983085632e-02
5.842428654432296753e-02
5.840303376317024231e-02
5.837366357445716858e-02
5.834677070379257202e-02
5.831709131598472595e-02
5.829646810889244080e-02
5.826173722743988037e-02
5.822210386395454407e-02
5.821490660309791565e-02
5.817167833447456360e-02
5.810608714818954468e-02
5.804553627967834473e-02
5.801714956760406494e-02
5.795759707689285278e-02
5.787344649434089661e-02
5.782513692975044250e-02
5.775158479809761047e-02
5.766822397708892822e-02
5.761372298002243042e-02
5.754666775465011597e-02
5.747077241539955139e-02
5.740033462643623352e-02
5.738010630011558533e-02
5.724858492612838745e-02
5.717788636684417725e-02
5.711607262492179871e-02
5.708131566643714905e-02
5.704370886087417603e-02
5.701242387294769287e-02
5.700055882334709167e-02
5.697327479720115662e-02
5.695855244994163513e-02
5.693695321679115295e-02
5.691768974065780640e-02
5.689639225602149963e-02
5.688090249896049500e-02
5.686540529131889343e-02
5.685263499617576599e-02
5.683637410402297974e-02
5.680580437183380127e-02
5.676056072115898132e-02
5.671096965670585632e-02
5.665768682956695557e-02
5.662015452980995178e-02
5.659061670303344727e-02
5.657315999269485474e-02
5.654749646782875061e-02
5.653186887502670288e-02
5.651605874300003052e-02
5.650239810347557068e-02
5.649043992161750793e-02
5.647241324186325073e-02
5.645167455077171326e-02
5.643279477953910828e-02
5.642350763082504272e-02
5.640005320310592651e-02
5.636604502797126770e-02
5.632881820201873779e-02
5.629972741007804871e-02
5.628124624490737915e-02
5.625882744789123535e-02
5.624448880553245544e-02
5.622443929314613342e-02
5.621254816651344299e-02
5.617855116724967957e-02
5.611870065331459045e-02
5.605621263384819031e-02
5.603478848934173584e-02
5.597668886184692383e-02
5.594475939869880676e-02
5.588756874203681946e-02
5.581588670611381531e-02
5.572529882192611694e-02
5.567136034369468689e-02
5.558187142014503479e-02
5.553811788558959961e-02
5.549689382314682007e-02
5.545221641659736633e-02
5.541931837797164917e-02
5.535101518034934998e-02
5.530349165201187134e-02
5.524072423577308655e-02
5.516298115253448486e-02
5.507642030715942383e-02
5.498230457305908203e-02
5.493825301527976990e-02
5.488824844360351562e-02
5.482078343629837036e-02
5.478270351886749268e-02
5.471359193325042725e-02
5.469603836536407471e-02
5.467985197901725769e-02
5.463948473334312439e-02
5.459295958280563354e-02
5.455299839377403259e-02
5.452109873294830322e-02
5.449930578470230103e-02
5.448053032159805298e-02
5.446891486644744873e-02
5.445678532123565674e-02
5.444314703345298767e-02
5.440621078014373779e-02
5.438145250082015991e-02
5.434837937355041504e-02
5.432541668415069580e-02
5.432150885462760925e-02
5.429858341813087463e-02
5.427313596010208130e-02
5.424101650714874268e-02
5.422453209757804871e-02
5.416985601186752319e-02
5.413668230175971985e-02
5.410236492753028870e-02
5.408089980483055115e-02
5.405845493078231812e-02
5.403256788849830627e-02
5.398194864392280579e-02
5.396721139550209045e-02
5.390765145421028137e-02
5.387154221534729004e-02
5.382963642477989197e-02
5.380860716104507446e-02
5.380273237824440002e-02
5.379592999815940857e-02
5.379164218902587891e-02
5.378506705164909363e-02
5.378160998225212097e-02
5.377415567636489868e-02
5.376644060015678406e-02
5.376007407903671265e-02
5.375199019908905029e-02
5.373567715287208557e-02
5.371850356459617615e-02
5.370188504457473755e-02
5.368657410144805908e-02
5.367278307676315308e-02
5.365787819027900696e-02
5.363343283534049988e-02
5.360858142375946045e-02
5.358965322375297546e-02
5.357251316308975220e-02
5.355120450258255005e-02
5.352504551410675049e-02
5.349939316511154175e-02
5.346355214715003967e-02
5.340028181672096252e-02
5.336125940084457397e-02
5.329402163624763489e-02
5.323283374309539795e-02
5.317441374063491821e-02
5.315608158707618713e-02
5.314081162214279175e-02
5.310251191258430481e-02
5.307003110647201538e-02
5.304040387272834778e-02
5.299907550215721130e-02
5.296930298209190369e-02
5.295951291918754578e-02
5.291199311614036560e-02
5.289350822567939758e-02
5.287250503897666931e-02
5.283596366643905640e-02
5.281936004757881165e-02
5.272797495126724243e-02
5.270336195826530457e-02
5.267712473869323730e-02
5.264053121209144592e-02
5.261465907096862793e-02
5.256662517786026001e-02
5.254773423075675964e-02
5.251194164156913757e-02
5.247823521494865417e-02
5.243671685457229614e-02
5.239554122090339661e-02
5.238299816846847534e-02
5.236109718680381775e-02
5.235149711370468140e-02
5.234410613775253296e-02
5.233174189925193787e-02
5.231087282299995422e-02
5.227324739098548889e-02
5.224273726344108582e-02
5.220789834856987000e-02
5.217631161212921143e-02
5.213065072894096375e-02
5.207715556025505066e-02
5.202256143093109131e-02
5.198787897825241089e-02
5.195283517241477966e-02
5.193946883082389832e-02
5.192613229155540466e-02
5.190923064947128296e-02
5.188013240694999695e-02
5.184767767786979675e-02
5.181344598531723022e-02
5.177539959549903870e-02
5.173110961914062500e-02
5.167551338672637939e-02
5.161865055561065674e-02
5.155326426029205322e-02
5.150264501571655273e-02
5.145979300141334534e-02
5.142564326524734497e-02
5.141104757785797119e-02
5.139141902327537537e-02
5.137833207845687866e-02
5.137013271450996399e-02
5.135468766093254089e-02
5.134038999676704407e-02
5.133275315165519714e-02
5.132312700152397156e-02
5.131959542632102966e-02
5.131314694881439209e-02
5.130720883607864380e-02
5.129992961883544922e-02
5.128792300820350647e-02
5.127679184079170227e-02
5.125933513045310974e-02
5.124224722385406494e-02
5.122920498251914978e-02
5.121435225009918213e-02
5.119267106056213379e-02
5.116454511880874634e-02
5.113286525011062622e-02
5.111708864569664001e-02
5.108703300356864929e-02
5.105733498930931091e-02
5.099812150001525879e-02
5.092226713895797729e-02
5.082932859659194946e-02
5.073787271976470947e-02
5.064700171351432800e-02
5.043511092662811279e-02
5.033474788069725037e-02
5.019592121243476868e-02
5.010540410876274109e-02
5.001587420701980591e-02
4.987800493836402893e-02
4.980426281690597534e-02
4.976488277316093445e-02
4.974150657653808594e-02
4.970587417483329773e-02
4.964630305767059326e-02
4.956620931625366211e-02
4.948755353689193726e-02
4.942074790596961975e-02
4.936376586556434631e-02
4.930525273084640503e-02
4.924711212515830994e-02
4.920692741870880127e-02
4.917136952280998230e-02
4.916097596287727356e-02
4.915179312229156494e-02
4.914047196507453918e-02
4.912510886788368225e-02
4.911063611507415771e-02
4.909383133053779602e-02
4.907013848423957825e-02
4.906002804636955261e-02
4.903388768434524536e-02
4.900197312235832214e-02
4.895936697721481323e-02
4.894731938838958740e-02
4.890758171677589417e-02
4.886797815561294556e-02
4.884177446365356445e-02
4.880633205175399780e-02
4.877070337533950806e-02
4.875781014561653137e-02
4.872978851199150085e-02
4.868686571717262268e-02
4.866869002580642700e-02
4.864075779914855957e-02
4.862055554986000061e-02
4.856733977794647217e-02
4.852197319269180298e-02
4.847864061594009399e-02
4.841706529259681702e-02
4.834382236003875732e-02
4.824972897768020630e-02
4.812527447938919067e-02
4.798352345824241638e-02
4.782513529062271118e-02
4.772182181477546692e-02
4.764080420136451721e-02
4.755468666553497314e-02
4.745806381106376648e-02
4.736771807074546814e-02
4.730502516031265259e-02
4.726251587271690369e-02
4.721009358763694763e-02
4.715664684772491455e-02
4.711481928825378418e-02
4.707027599215507507e-02
4.704992473125457764e-02
4.703184962272644043e-02
4.701230302453041077e-02
4.698162525892257690e-02
4.697423428297042847e-02
4.690653830766677856e-02
4.686268791556358337e-02
4.679992049932479858e-02
4.673930257558822632e-02
4.668478667736053467e-02
4.663198813796043396e-02
4.659958928823471069e-02
4.655306413769721985e-02
4.651172831654548645e-02
4.645511507987976074e-02
4.639218375086784363e-02
4.631014168262481689e-02
4.623251035809516907e-02
4.613099619746208191e-02
4.610178992152214050e-02
4.604553431272506714e-02
4.599367827177047729e-02
4.597228765487670898e-02
4.594810307025909424e-02
4.592396318912506104e-02
4.588823392987251282e-02
4.586788266897201538e-02
4.584551230072975159e-02
4.582438245415687561e-02
4.581241682171821594e-02
4.580219462513923645e-02
4.577749967575073242e-02
4.576195031404495239e-02
4.573951661586761475e-02
4.571956768631935120e-02
4.568425938487052917e-02
4.564488306641578674e-02
4.560218006372451782e-02
4.555065557360649109e-02
4.548754915595054626e-02
4.542959481477737427e-02
4.537502303719520569e-02
4.533126205205917358e-02
4.526206478476524353e-02
4.519077017903327942e-02
4.509175941348075867e-02
4.502296820282936096e-02
4.497678950428962708e-02
4.493874311447143555e-02
4.490495845675468445e-02
4.485342651605606079e-02
4.484244436025619507e-02
4.480005428194999695e-02
4.477357119321823120e-02
4.474631696939468384e-02
4.472264647483825684e-02
4.469232261180877686e-02
4.465414583683013916e-02
4.460711032152175903e-02
4.455189034342765808e-02
4.454420506954193115e-02
4.439379274845123291e-02
4.429435357451438904e-02
4.419166967272758484e-02
4.414944350719451904e-02
4.407896101474761963e-02
4.400250315666198730e-02
4.392108321189880371e-02
4.385174810886383057e-02
4.379796236753463745e-02
4.377187415957450867e-02
4.372678324580192566e-02
4.367949068546295166e-02
4.363251477479934692e-02
4.359373077750205994e-02
4.357476159930229187e-02
4.353936016559600830e-02
4.348000511527061462e-02
4.346664994955062866e-02
4.337010532617568970e-02
4.332679882645606995e-02
4.327321425080299377e-02
4.323115572333335876e-02
4.320431500673294067e-02
4.318118095397949219e-02
4.314617440104484558e-02
4.312689602375030518e-02
4.306696355342864990e-02
4.303945228457450867e-02
4.300935938954353333e-02
4.295290261507034302e-02
4.291233047842979431e-02
4.287839680910110474e-02
4.284919425845146179e-02
4.281549155712127686e-02
4.275586456060409546e-02
4.267951846122741699e-02
4.260080680251121521e-02
4.254326224327087402e-02
4.250478371977806091e-02
4.246845841407775879e-02
4.244615510106086731e-02
4.241855442523956299e-02
4.237479716539382935e-02
4.229505360126495361e-02
4.226788878440856934e-02
4.216691851615905762e-02
4.202575236558914185e-02
4.189793393015861511e-02
4.180409386754035950e-02
4.170889034867286682e-02
4.168356582522392273e-02
4.159485921263694763e-02
4.155967012047767639e-02
4.149696603417396545e-02
4.144674539566040039e-02
4.141305014491081238e-02
4.137023538351058960e-02
4.133330658078193665e-02
4.129535704851150513e-02
4.124481230974197388e-02
4.114654287695884705e-02
4.108882322907447815e-02
4.102549701929092407e-02
4.095337539911270142e-02
4.086707159876823425e-02
4.080810397863388062e-02
4.076384752988815308e-02
4.072361439466476440e-02
4.067828878760337830e-02
4.064295813441276550e-02
4.061439260840415955e-02
4.059189558029174805e-02
4.056435078382492065e-02
4.051055386662483215e-02
4.048208147287368774e-02
4.042207449674606323e-02
4.039954766631126404e-02
4.032257944345474243e-02
4.027782380580902100e-02
4.022413119673728943e-02
4.018187522888183594e-02
4.014132916927337646e-02
4.011059924960136414e-02
4.007777199149131775e-02
4.005113616585731506e-02
4.002442210912704468e-02
3.998872637748718262e-02
3.995886817574501038e-02
3.992432355880737305e-02
3.988194465637207031e-02
3.984186425805091858e-02
3.980887308716773987e-02
3.978435322642326355e-02
3.975730761885643005e-02
3.972360491752624512e-02
3.968890383839607239e-02
3.964704647660255432e-02
3.959927335381507874e-02
3.952867910265922546e-02
3.945812210440635681e-02
3.938135132193565369e-02
3.934236615896224976e-02
3.930360823869705200e-02
3.927233070135116577e-02
3.924673423171043396e-02
3.922684490680694580e-02
3.920193016529083252e-02
3.918255493044853210e-02
3.915747255086898804e-02
3.913439810276031494e-02
3.910418599843978882e-02
3.908694535493850708e-02
3.906309977173805237e-02
3.903762996196746826e-02
3.901613131165504456e-02
3.897282108664512634e-02
3.891888633370399475e-02
3.890545293688774109e-02
3.887981921434402466e-02
3.885957598686218262e-02
3.884117305278778076e-02
3.881274163722991943e-02
3.880880400538444519e-02
3.877725824713706970e-02
3.876645863056182861e-02
3.875816985964775085e-02
3.875067085027694702e-02
3.874185308814048767e-02
3.873146325349807739e-02
3.871345147490501404e-02
3.869282081723213196e-02
3.867389261722564697e-02
3.864310309290885925e-02
3.862231224775314331e-02
3.861520811915397644e-02
3.858337178826332092e-02
3.856242075562477112e-02
3.853767365217208862e-02
3.851393982768058777e-02
3.848437592387199402e-02
3.846581652760505676e-02
3.844751045107841492e-02
3.843085095286369324e-02
3.840661793947219849e-02
3.839483112096786499e-02
3.838615864515304565e-02
3.837979957461357117e-02
3.837443143129348755e-02
3.836710751056671143e-02
3.835920244455337524e-02
3.835792466998100281e-02
3.834806755185127258e-02
3.834468871355056763e-02
3.833774849772453308e-02
3.833206370472908020e-02
3.832869231700897217e-02
3.832202404737472534e-02
3.831726312637329102e-02
3.831109777092933655e-02
3.830550238490104675e-02
3.829929977655410767e-02
3.829675912857055664e-02
3.828639537096023560e-02
3.827663511037826538e-02
3.826797008514404297e-02
3.825547918677330017e-02
3.824093565344810486e-02
3.822429478168487549e-02
3.819993138313293457e-02
3.816833347082138062e-02
3.814042732119560242e-02
3.811055049300193787e-02
3.808704018592834473e-02
3.806347772479057312e-02
3.803389519453048706e-02
3.802263364195823669e-02
3.798971697688102722e-02
3.798026591539382935e-02
3.792587667703628540e-02
3.790535405278205872e-02
3.788928315043449402e-02
3.788088262081146240e-02
3.786888718605041504e-02
3.785093501210212708e-02
3.783681616187095642e-02
3.781940415501594543e-02
3.781009092926979065e-02
3.779833763837814331e-02
3.778459876775741577e-02
3.776813298463821411e-02
3.775832056999206543e-02
3.774496912956237793e-02
3.772858902812004089e-02
3.770799562335014343e-02
3.768804296851158142e-02
3.766456246376037598e-02
3.763551637530326843e-02
3.761608153581619263e-02
3.760295361280441284e-02
3.759476169943809509e-02
3.758220002055168152e-02
3.755835071206092834e-02
3.752491995692253113e-02
3.752034157514572144e-02
3.749649226665496826e-02
3.746630251407623291e-02
3.744422271847724915e-02
3.742886334657669067e-02
3.740687668323516846e-02
3.737454861402511597e-02
3.733121603727340698e-02
3.729604929685592651e-02
3.725511580705642700e-02
3.721992671489715576e-02
3.718491271138191223e-02
3.717523068189620972e-02
3.715486824512481689e-02
3.714098781347274780e-02
3.710563108325004578e-02
3.707294538617134094e-02
3.703819215297698975e-02
3.701763972640037537e-02
3.700454533100128174e-02
3.697848320007324219e-02
3.694330900907516479e-02
3.691944107413291931e-02
3.687691688537597656e-02
3.684252500534057617e-02
3.683138638734817505e-02
3.682095184922218323e-02
3.681562095880508423e-02
3.679930418729782104e-02
3.677950054407119751e-02
3.676154464483261108e-02
3.673830255866050720e-02
3.671403229236602783e-02
3.669474273920059204e-02
3.667277842760086060e-02
3.665840625762939453e-02
3.664740175008773804e-02
3.664203733205795288e-02
3.663612157106399536e-02
3.663174808025360107e-02
3.662437573075294495e-02
3.661479428410530090e-02
3.660586103796958923e-02
3.660065308213233948e-02
3.659744560718536377e-02
3.659616410732269287e-02
3.659339249134063721e-02
3.659027069807052612e-02
3.658372163772583008e-02
3.657640144228935242e-02
3.656700998544692993e-02
3.655974566936492920e-02
3.655615448951721191e-02
3.654640540480613708e-02
3.653757646679878235e-02
3.652739524841308594e-02
3.651904314756393433e-02
3.650585561990737915e-02
3.648846223950386047e-02
3.647256642580032349e-02
3.646324574947357178e-02
3.645546361804008484e-02
3.645127266645431519e-02
3.644559904932975769e-02
3.643606230616569519e-02
3.642760217189788818e-02
3.642152994871139526e-02
3.641436249017715454e-02
3.640937060117721558e-02
3.640270605683326721e-02
3.639070689678192139e-02
3.637570142745971680e-02
3.636026754975318909e-02
3.634652867913246155e-02
3.633630648255348206e-02
3.632558882236480713e-02
3.631686419248580933e-02
3.629810735583305359e-02
3.627979755401611328e-02
3.625935316085815430e-02
3.622519597411155701e-02
3.620563447475433350e-02
3.617761284112930298e-02
3.614103049039840698e-02
3.610138595104217529e-02
3.607326000928878784e-02
3.601901605725288391e-02
3.597198799252510071e-02
3.591065853834152222e-02
3.587568551301956177e-02
3.581650555133819580e-02
3.578131645917892456e-02
3.574600443243980408e-02
3.568880259990692139e-02
3.564979881048202515e-02
3.558481857180595398e-02
3.551776334643363953e-02
3.544297069311141968e-02
3.539824485778808594e-02
3.534517809748649597e-02
3.533322364091873169e-02
3.531325981020927429e-02
3.530412539839744568e-02
3.529646247625350952e-02
3.528153151273727417e-02
3.526378795504570007e-02
3.524826467037200928e-02
3.523111715912818909e-02
3.521988913416862488e-02
3.520455211400985718e-02
3.519865497946739197e-02
3.517604246735572815e-02
3.516089171171188354e-02
3.514121472835540771e-02
3.511863574385643005e-02
3.509645536541938782e-02
3.506339341402053833e-02
3.504272177815437317e-02
3.502061963081359863e-02
3.499453142285346985e-02
3.496031835675239563e-02
3.491227328777313232e-02
3.489777073264122009e-02
3.487536311149597168e-02
3.485709428787231445e-02
3.484222292900085449e-02
3.481986746191978455e-02
3.479240089654922485e-02
3.476839512586593628e-02
3.471981734037399292e-02
3.468472138047218323e-02
3.464610129594802856e-02
3.462302312254905701e-02
3.459906950592994690e-02
3.458065167069435120e-02
3.455762565135955811e-02
3.453869000077247620e-02
3.451984748244285583e-02
3.450255468487739563e-02
3.448801860213279724e-02
3.447351604700088501e-02
3.446100279688835144e-02
3.445570543408393860e-02
3.444235399365425110e-02
3.441236540675163269e-02
3.439166024327278137e-02
3.437401726841926575e-02
3.436202928423881531e-02
3.434309363365173340e-02
3.432704880833625793e-02
3.431286662817001343e-02
3.429900109767913818e-02
3.426475450396537781e-02
3.425399586558341980e-02
3.420126438140869141e-02
3.414406999945640564e-02
3.410366177558898926e-02
3.406627476215362549e-02
3.404724597930908203e-02
3.398487716913223267e-02
3.393247723579406738e-02
3.386869654059410095e-02
3.384093195199966431e-02
3.379490971565246582e-02
3.373074904084205627e-02
3.368185833096504211e-02
3.364459797739982605e-02
3.362065181136131287e-02
3.359432518482208252e-02
3.356422483921051025e-02
3.353720158338546753e-02
3.351870924234390259e-02
3.350728005170822144e-02
3.349741920828819275e-02
3.348911181092262268e-02
3.348125889897346497e-02
3.347569331526756287e-02
3.347032144665718079e-02
3.346538916230201721e-02
3.345986828207969666e-02
3.345359861850738525e-02
3.344841673970222473e-02
3.344141691923141479e-02
3.343593701720237732e-02
3.342699259519577026e-02
3.342259675264358521e-02
3.341813012957572937e-02
3.339986130595207214e-02
3.339615464210510254e-02
3.338720276951789856e-02
3.337492793798446655e-02
3.336400166153907776e-02
3.335241973400115967e-02
3.334389999508857727e-02
3.333806619048118591e-02
3.332975134253501892e-02
3.332678973674774170e-02
3.331756591796875000e-02
3.331177681684494019e-02
3.330446407198905945e-02
3.329302370548248291e-02
3.328396379947662354e-02
3.326248750090599060e-02
3.324707224965095520e-02
3.322029858827590942e-02
3.320546075701713562e-02
3.318514302372932434e-02
3.316859528422355652e-02
3.314064070582389832e-02
3.309758380055427551e-02
3.305450081825256348e-02
3.301243111491203308e-02
3.296941518783569336e-02
3.294295445084571838e-02
3.290630504488945007e-02
3.286498785018920898e-02
3.281011432409286499e-02
3.279210627079010010e-02
3.274018689990043640e-02
3.270429000258445740e-02
3.265751898288726807e-02
3.260691463947296143e-02
3.252256289124488831e-02
3.244066610932350159e-02
3.240988776087760925e-02
3.227812796831130981e-02
3.224630653858184814e-02
3.217960521578788757e-02
3.211498633027076721e-02
3.208074346184730530e-02
3.205514326691627502e-02
3.202755749225616455e-02
3.195280581712722778e-02
3.192656859755516052e-02
3.183728456497192383e-02
3.175977617502212524e-02
3.170014917850494385e-02
3.162885084748268127e-02
3.158325329422950745e-02
3.155769407749176025e-02
3.153727203607559204e-02
3.152131661772727966e-02
3.151730448007583618e-02
3.149819746613502502e-02
3.148479014635086060e-02
3.146656602621078491e-02
3.145363181829452515e-02
3.143411129713058472e-02
3.142161667346954346e-02
3.139371424913406372e-02
3.137429431080818176e-02
3.136063739657402039e-02
3.135028108954429626e-02
3.133885562419891357e-02
3.132767230272293091e-02
3.131195902824401855e-02
3.128928318619728088e-02
3.127823024988174438e-02
3.127063065767288208e-02
3.125458583235740662e-02
3.123774193227291107e-02
3.120969794690608978e-02
3.118583001196384430e-02
3.116510622203350067e-02
3.114549815654754639e-02
3.113477863371372223e-02
3.112445585429668427e-02
3.111676312983036041e-02
3.110440820455551147e-02
3.109212219715118408e-02
3.107613511383533478e-02
3.106665797531604767e-02
3.105252794921398163e-02
3.103281557559967041e-02
3.101230226457118988e-02
3.099119476974010468e-02
3.095758892595767975e-02
3.094725869596004486e-02
3.092861548066139221e-02
3.090846724808216095e-02
3.089186921715736389e-02
3.087628819048404694e-02
3.086289949715137482e-02
3.083741851150989532e-02
3.082042001187801361e-02
3.080070950090885162e-02
3.079578839242458344e-02
3.078079223632812500e-02
3.077510744333267212e-02
3.077083453536033630e-02
3.076863661408424377e-02
3.076444566249847412e-02
3.075901418924331665e-02
3.075121901929378510e-02
3.074871189892292023e-02
3.073703311383724213e-02
3.073350340127944946e-02
3.073179721832275391e-02
3.072895668447017670e-02
3.072459809482097626e-02
3.071823157370090485e-02
3.071227110922336578e-02
3.070331178605556488e-02
3.069027140736579895e-02
3.067399002611637115e-02
3.063579276204109192e-02
3.060877695679664612e-02
3.059774823486804962e-02
3.058311715722084045e-02
3.057704865932464600e-02
3.056531026959419250e-02
3.054969199001789093e-02
3.053424693644046783e-02
3.052272088825702667e-02
3.051590919494628906e-02
3.050963394343852997e-02
3.050605952739715576e-02
3.050234913825988770e-02
3.049941733479499817e-02
3.048959933221340179e-02
3.048346191644668579e-02
3.047653101384639740e-02
3.047073632478713989e-02
3.046479448676109314e-02
3.046103380620479584e-02
3.045868314802646637e-02
3.045539744198322296e-02
3.044849634170532227e-02
3.044213913381099701e-02
3.043331950902938843e-02
3.042738512158393860e-02
3.041827306151390076e-02
3.040288388729095459e-02
3.038894012570381165e-02
3.035755641758441925e-02
3.032996691763401031e-02
3.030662052333354950e-02
3.029069676995277405e-02
3.027944266796112061e-02
3.027066588401794434e-02
3.026377223432064056e-02
3.025708347558975220e-02
3.025343269109725952e-02
3.024937584996223450e-02
3.024284541606903076e-02
3.023809008300304413e-02
3.022958710789680481e-02
3.020829148590564728e-02
3.019323199987411499e-02
3.018192201852798462e-02
3.015745244920253754e-02
3.013936989009380341e-02
3.013269044458866119e-02
3.011668100953102112e-02
3.010603785514831543e-02
3.009766153991222382e-02
3.009131550788879395e-02
3.008134663105010986e-02
3.007201850414276123e-02
3.005737438797950745e-02
3.004511259496212006e-02
3.003599122166633606e-02
3.002946078777313232e-02
3.001502528786659241e-02
3.000214137136936188e-02
2.999311313033103943e-02
2.998899295926094055e-02
2.998477406799793243e-02
2.997936308383941650e-02
2.996869012713432312e-02
2.995358780026435852e-02
2.992225065827369690e-02
2.990400232374668121e-02
2.987807616591453552e-02
2.986681833863258362e-02
2.984510175883769989e-02
2.982975728809833527e-02
2.978681214153766632e-02
2.975602820515632629e-02
2.971512824296951294e-02
2.969501353800296783e-02
2.968887425959110260e-02
2.968641556799411774e-02
2.967731840908527374e-02
2.967453375458717346e-02
2.967044711112976074e-02
2.966681309044361115e-02
2.966294623911380768e-02
2.965275570750236511e-02
2.963260188698768616e-02
2.959549985826015472e-02
2.955928631126880646e-02
2.952859550714492798e-02
2.949400991201400757e-02
2.946520037949085236e-02
2.945445850491523743e-02
2.941509149968624115e-02
2.938986197113990784e-02
2.936393395066261292e-02
2.934886515140533447e-02
2.932942658662796021e-02
2.928981371223926544e-02
2.925426326692104340e-02
2.923165634274482727e-02
2.919529750943183899e-02
2.914500050246715546e-02
2.909234911203384399e-02
2.904517762362957001e-02
2.901381812989711761e-02
2.900630049407482147e-02
2.897336520254611969e-02
2.895018272101879120e-02
2.893033809959888458e-02
2.892754599452018738e-02
2.891113236546516418e-02
2.890565991401672363e-02
2.888851612806320190e-02
2.886875160038471222e-02
2.884517237544059753e-02
2.882165275514125824e-02
2.880108170211315155e-02
2.877193130552768707e-02
2.875891886651515961e-02
2.873837389051914215e-02
2.872550301253795624e-02
2.870335057377815247e-02
2.868978306651115417e-02
2.865736372768878937e-02
2.862085588276386261e-02
2.860510908067226410e-02
2.859036810696125031e-02
2.857333421707153320e-02
2.855840511620044708e-02
2.854845859110355377e-02
2.853927575051784515e-02
2.853315509855747223e-02
2.852734364569187164e-02
2.851996570825576782e-02
2.851256169378757477e-02
2.850376442074775696e-02
2.849749103188514709e-02
2.848604507744312286e-02
2.847338281571865082e-02
2.846754714846611023e-02
2.845526672899723053e-02
2.844745479524135590e-02
2.844039909541606903e-02
2.843209356069564819e-02
2.842195704579353333e-02
2.841517888009548187e-02
2.840949967503547668e-02
2.840221486985683441e-02
2.838966436684131622e-02
2.838564477860927582e-02
2.836625464260578156e-02
2.835829183459281921e-02
2.834207564592361450e-02
2.833632193505764008e-02
2.832527272403240204e-02
2.830877900123596191e-02
2.829559333622455597e-02
2.827998995780944824e-02
2.826612442731857300e-02
2.825312316417694092e-02
2.823430672287940979e-02
2.822075225412845612e-02
2.820351719856262207e-02
2.818602882325649261e-02
2.816889621317386627e-02
2.815831638872623444e-02
2.814575657248497009e-02
2.813922613859176636e-02
2.813371457159519196e-02
2.813124284148216248e-02
2.812620811164379120e-02
2.812136709690093994e-02
2.811693213880062103e-02
2.811405807733535767e-02
2.810852229595184326e-02
2.809761092066764832e-02
2.808457054197788239e-02
2.806242927908897400e-02
2.804956771433353424e-02
2.803589403629302979e-02
2.802496403455734253e-02
2.801974676549434662e-02
2.801484614610671997e-02
2.801009267568588257e-02
2.800544910132884979e-02
2.800145186483860016e-02
2.799494378268718719e-02
2.798266895115375519e-02
2.796916663646697998e-02
2.794719487428665161e-02
2.792642824351787567e-02
2.791659720242023468e-02
2.789387851953506470e-02
2.788316458463668823e-02
2.786190621554851532e-02
2.784286439418792725e-02
2.783826366066932678e-02
2.780771814286708832e-02
2.780183032155036926e-02
2.779305540025234222e-02
2.778088115155696869e-02
2.776826545596122742e-02
2.775400131940841675e-02
2.774636261165142059e-02
2.774260193109512329e-02
2.773487381637096405e-02
2.773135341703891754e-02
2.770867198705673218e-02
2.769228070974349976e-02
2.767758443951606750e-02
2.766911126673221588e-02
2.766589634120464325e-02
2.766172401607036591e-02
2.765709720551967621e-02
2.765449695289134979e-02
2.765281684696674347e-02
2.764983475208282471e-02
2.764874510467052460e-02
2.764664217829704285e-02
2.764503844082355499e-02
2.764264307916164398e-02
2.763954363763332367e-02
2.763746678829193115e-02
2.763614244759082794e-02
2.763352729380130768e-02
2.763091400265693665e-02
2.762792073190212250e-02
2.762494981288909912e-02
2.761987224221229553e-02
2.761743962764739990e-02
2.761161141097545624e-02
2.760602720081806183e-02
2.760070189833641052e-02
2.759729512035846710e-02
2.759525738656520844e-02
2.759298682212829590e-02
2.759104780852794647e-02
2.758811227977275848e-02
2.758581936359405518e-02
2.758306078612804413e-02
2.757903002202510834e-02
2.757463976740837097e-02
2.756907790899276733e-02
2.756492793560028076e-02
2.756317518651485443e-02
2.755901589989662170e-02
2.755643799901008606e-02
2.755425311625003815e-02
2.754805050790309906e-02
2.753720805048942566e-02
2.752296999096870422e-02
2.752132341265678406e-02
2.750820480287075043e-02
2.750684134662151337e-02
2.750216610729694366e-02
2.749937400221824646e-02
2.749553322792053223e-02
2.749147452414035797e-02
2.748567052185535431e-02
2.748006582260131836e-02
2.747556939721107483e-02
2.747107669711112976e-02
2.746803499758243561e-02
2.746568620204925537e-02
2.746347151696681976e-02
2.745962888002395630e-02
2.745725400745868683e-02
2.745657786726951599e-02
2.745577320456504822e-02
2.745152823626995087e-02
2.745092660188674927e-02
2.744829282164573669e-02
2.744685113430023193e-02
2.744510583579540253e-02
2.744225412607192993e-02
2.743963524699211121e-02
2.743865177035331726e-02
2.743504196405410767e-02
2.743286639451980591e-02
2.743030153214931488e-02
2.742731571197509766e-02
2.742408029735088348e-02
2.742003276944160461e-02
2.741569280624389648e-02
2.741334028542041779e-02
2.740994840860366821e-02
2.740406431257724762e-02
2.739939093589782715e-02
2.739532291889190674e-02
2.739313989877700806e-02
2.738919854164123535e-02
2.738703973591327667e-02
2.738477289676666260e-02
2.738058008253574371e-02
2.737860940396785736e-02
2.737609110772609711e-02
2.737536095082759857e-02
2.737249992787837982e-02
2.736998535692691803e-02
2.736924961209297180e-02
2.736607939004898071e-02
2.736343443393707275e-02
2.735975943505764008e-02
2.735538221895694733e-02
2.734811604022979736e-02
2.734400518238544464e-02
2.734231576323509216e-02
2.734001353383064270e-02
2.733380720019340515e-02
2.732850238680839539e-02
2.732221223413944244e-02
2.731860801577568054e-02
2.731368876993656158e-02
2.730749733746051788e-02
2.730104699730873108e-02
2.729159779846668243e-02
2.728493511676788330e-02
2.728061378002166748e-02
2.727460488677024841e-02
2.727214992046356201e-02
2.726389653980731964e-02
2.726087532937526703e-02
2.725737541913986206e-02
2.725491672754287720e-02
2.724993601441383362e-02
2.724689804017543793e-02
2.724145539104938507e-02
2.723781205713748932e-02
2.723254449665546417e-02
2.723035030066967010e-02
2.722339145839214325e-02
2.721852622926235199e-02
2.721313200891017914e-02
2.721079252660274506e-02
2.720931731164455414e-02
2.720676362514495850e-02
2.720279991626739502e-02
2.719645947217941284e-02
2.718983776867389679e-02
2.718625403940677643e-02
2.717981114983558655e-02
2.717698551714420319e-02
2.717130817472934723e-02
2.716529555618762970e-02
2.715759910643100739e-02
2.715174667537212372e-02
2.714915387332439423e-02
2.714583650231361389e-02
2.713920921087265015e-02
2.713476493954658508e-02
2.712694741785526276e-02
2.712043933570384979e-02
2.711716294288635254e-02
2.711181156337261200e-02
2.709807828068733215e-02
2.708097361028194427e-02
2.707558870315551758e-02
2.705410495400428772e-02
2.704457007348537445e-02
2.703762985765933990e-02
2.703204005956649780e-02
2.702658809721469879e-02
2.701579965651035309e-02
2.701194025576114655e-02
2.700160816311836243e-02
2.699112519621849060e-02
2.697751298546791077e-02
2.696420624852180481e-02
2.695947326719760895e-02
2.694913744926452637e-02
2.694311365485191345e-02
2.693877555429935455e-02
2.693388797342777252e-02
2.692855894565582275e-02
2.692422829568386078e-02
2.692096121609210968e-02
2.691770344972610474e-02
2.691433578729629517e-02
2.690920792520046234e-02
2.690586820244789124e-02
2.690280228853225708e-02
2.689765021204948425e-02
2.689204178750514984e-02
2.688327245414257050e-02
2.687563933432102203e-02
2.686600200831890106e-02
2.686158567667007446e-02
2.684927172958850861e-02
2.684152871370315552e-02
2.683762460947036743e-02
2.683125436305999756e-02
2.682952955365180969e-02
2.682661265134811401e-02
2.682591229677200317e-02
2.682531997561454773e-02
2.682388946413993835e-02
2.682081796228885651e-02
2.681683376431465149e-02
2.681388333439826965e-02
2.680895105004310608e-02
2.680509537458419800e-02
2.680382877588272095e-02
2.680115588009357452e-02
2.679901756346225739e-02
2.679187804460525513e-02
2.678758278489112854e-02
2.678299322724342346e-02
2.677621692419052124e-02
2.677151747047901154e-02
2.676879800856113434e-02
2.676503360271453857e-02
2.676124870777130127e-02
2.676060795783996582e-02
2.675853483378887177e-02
2.675758488476276398e-02
2.675539068877696991e-02
2.675218507647514343e-02
2.674713917076587677e-02
2.674043923616409302e-02
2.673585526645183563e-02
2.673028409481048584e-02
2.672551013529300690e-02
2.672076225280761719e-02
2.671156264841556549e-02
2.670230716466903687e-02
2.669926919043064117e-02
2.669488638639450073e-02
2.669071964919567108e-02
2.668806165456771851e-02
2.668655104935169220e-02
2.668045647442340851e-02
2.667914889752864838e-02
2.667614072561264038e-02
2.667324617505073547e-02
2.667116560041904449e-02
2.666826918721199036e-02
2.666380442678928375e-02
2.665591239929199219e-02
2.665410377085208893e-02
2.664776518940925598e-02
2.664474770426750183e-02
2.664160728454589844e-02
2.663705684244632721e-02
2.663346379995346069e-02
2.663127891719341278e-02
2.662941440939903259e-02
2.662738598883152008e-02
2.662525884807109833e-02
2.662235125899314880e-02
2.661765180528163910e-02
2.661353722214698792e-02
2.660994976758956909e-02
2.660809829831123352e-02
2.660665847361087799e-02
2.660228312015533447e-02
2.659919485449790955e-02
2.659177780151367188e-02
2.658799290657043457e-02
2.658230252563953400e-02
2.657713741064071655e-02
2.657400444149971008e-02
2.657077647745609283e-02
2.656698599457740784e-02
2.656374126672744751e-02
2.656033262610435486e-02
2.655342593789100647e-02
2.654443494975566864e-02
2.653878927230834961e-02
2.652675472199916840e-02
2.651525288820266724e-02
2.650959603488445282e-02
2.650605142116546631e-02
2.650063484907150269e-02
2.649791352450847626e-02
2.649376541376113892e-02
2.649092674255371094e-02
2.648540772497653961e-02
2.647762559354305267e-02
2.647222205996513367e-02
2.646096050739288330e-02
2.644949406385421753e-02
2.644384466111660004e-02
2.644039876759052277e-02
2.643667347729206085e-02
2.642831951379776001e-02
2.641759812831878662e-02
2.640090882778167725e-02
2.638701535761356354e-02
2.637914195656776428e-02
2.637148275971412659e-02
2.636314928531646729e-02
2.635376714169979095e-02
2.632680162787437439e-02
2.631028369069099426e-02
2.629618532955646515e-02
2.628501318395137787e-02
2.627637982368469238e-02
2.626831270754337311e-02
2.626014128327369690e-02
2.625217288732528687e-02
2.624440565705299377e-02
2.622415497899055481e-02
2.622004970908164978e-02
2.621442079544067383e-02
2.621036022901535034e-02
2.620816975831985474e-02
2.620436251163482666e-02
2.619787305593490601e-02
2.618852443993091583e-02
2.618010900914669037e-02
2.616809681057929993e-02
2.616016194224357605e-02
2.615148201584815979e-02
2.614401094615459442e-02
2.613885141909122467e-02
2.613062970340251923e-02
2.612427994608879089e-02
2.611771412193775177e-02
2.611312083899974823e-02
2.611130475997924805e-02
2.610820159316062927e-02
2.609633095562458038e-02
2.608777396380901337e-02
2.608511783182621002e-02
2.607349120080471039e-02
2.606942132115364075e-02
2.606279216706752777e-02
2.605346031486988068e-02
2.603945136070251465e-02
2.603322640061378479e-02
2.601763606071472168e-02
2.600903064012527466e-02
2.600388415157794952e-02
2.600320801138877869e-02
2.600000239908695221e-02
2.599820122122764587e-02
2.599475346505641937e-02
2.598502300679683685e-02
2.597329951822757721e-02
2.596108429133892059e-02
2.595501579344272614e-02
2.595428749918937683e-02
2.594892308115959167e-02
2.594676800072193146e-02
2.594420313835144043e-02
2.594129554927349091e-02
2.593490853905677795e-02
2.592790313065052032e-02
2.592623420059680939e-02
2.592265047132968903e-02
2.591985464096069336e-02
2.591614425182342529e-02
2.591470815241336823e-02
2.591126784682273865e-02
2.590832300484180450e-02
2.590448036789894104e-02
2.590284310281276703e-02
2.589858509600162506e-02
2.589417248964309692e-02
2.588745765388011932e-02
2.588059566915035248e-02
2.587837353348731995e-02
2.587189339101314545e-02
2.586804889142513275e-02
2.586152590811252594e-02
2.585518732666969299e-02
2.584396861493587494e-02
2.584000490605831146e-02
2.582991123199462891e-02
2.582223340868949890e-02
2.581534162163734436e-02
2.580848895013332367e-02
2.580047026276588440e-02
2.579239197075366974e-02
2.578607574105262756e-02
2.577830106019973755e-02
2.577238343656063080e-02
2.576954849064350128e-02
2.576775662600994110e-02
2.576469816267490387e-02
2.576147392392158508e-02
2.575442939996719360e-02
2.574274875223636627e-02
2.573942579329013824e-02
2.572650834918022156e-02
2.571880444884300232e-02
2.571272291243076324e-02
2.570967935025691986e-02
2.570560574531555176e-02
2.569849416613578796e-02
2.569246478378772736e-02
2.568478696048259735e-02
2.567813359200954437e-02
2.567500434815883636e-02
2.566920965909957886e-02
2.566572837531566620e-02
2.565974742174148560e-02
2.565576694905757904e-02
2.565096132457256317e-02
2.565039321780204773e-02
2.564647980034351349e-02
2.564455755054950714e-02
2.564153447747230530e-02
2.563827671110630035e-02
2.563285455107688904e-02
2.563188225030899048e-02
2.562874369323253632e-02
2.562664821743965149e-02
2.562336437404155731e-02
2.561848796904087067e-02
2.561822347342967987e-02
2.561272308230400085e-02
2.560643292963504791e-02
2.559958398342132568e-02
2.559487894177436829e-02
2.559352852404117584e-02
2.559037879109382629e-02
2.558600530028343201e-02
2.558065205812454224e-02
2.557211555540561676e-02
2.556437999010086060e-02
2.555886656045913696e-02
2.555174566805362701e-02
2.554008364677429199e-02
2.552722953259944916e-02
2.551350556313991547e-02
2.550478093326091766e-02
2.550072595477104187e-02
2.549990639090538025e-02
2.549831382930278778e-02
2.549649961292743683e-02
2.549485303461551666e-02
2.549116872251033783e-02
2.548814192414283752e-02
2.548520825803279877e-02
2.548113279044628143e-02
2.547741867601871490e-02
2.547319419682025909e-02
2.546880394220352173e-02
2.546472102403640747e-02
2.545784227550029755e-02
2.544645033776760101e-02
2.544232271611690521e-02
2.543745748698711395e-02
2.543340623378753662e-02
2.541997469961643219e-02
2.540975436568260193e-02
2.539415471255779266e-02
2.537210099399089813e-02
2.536235749721527100e-02
2.534535154700279236e-02
2.533258497714996338e-02
2.532129734754562378e-02
2.531883865594863892e-02
2.530870400369167328e-02
2.530397102236747742e-02
2.529887482523918152e-02
2.529247477650642395e-02
2.528361417353153229e-02
2.527962066233158112e-02
2.527208998799324036e-02
2.526418119668960571e-02
2.526193670928478241e-02
2.525888942182064056e-02
2.525378018617630005e-02
2.525041252374649048e-02
2.524206228554248810e-02
2.523320727050304413e-02
2.521916665136814117e-02
2.520498633384704590e-02
2.519482932984828949e-02
2.518752589821815491e-02
2.517955191433429718e-02
2.517199888825416565e-02
2.516213431954383850e-02
2.515351027250289917e-02
2.514658868312835693e-02
2.514012716710567474e-02
2.513576485216617584e-02
2.513001114130020142e-02
2.512138895690441132e-02
2.511195838451385498e-02
2.510054595768451691e-02
2.509165927767753601e-02
2.508809044957160950e-02
2.507898956537246704e-02
2.507207542657852173e-02
2.506263181567192078e-02
2.505424059927463531e-02
2.504520863294601440e-02
2.503826655447483063e-02
2.503541484475135803e-02
2.502842433750629425e-02
2.501676604151725769e-02
2.500247955322265625e-02
2.498238906264305115e-02
2.495715767145156860e-02
2.495046518743038177e-02
2.493815124034881592e-02
2.493470534682273865e-02
2.493235096335411072e-02
2.492973953485488892e-02
2.492723986506462097e-02
2.492433600127696991e-02
2.491952292621135712e-02
2.491471916437149048e-02
2.490602433681488037e-02
2.489936724305152893e-02
2.489333599805831909e-02
2.489040605723857880e-02
2.488459460437297821e-02
2.488053962588310242e-02
2.487676590681076050e-02
2.487158589065074921e-02
2.486510202288627625e-02
2.485230192542076111e-02
2.484867349267005920e-02
2.484015934169292450e-02
2.482952177524566650e-02
2.482450567185878754e-02
2.481974661350250244e-02
2.481457777321338654e-02
2.480915561318397522e-02
2.480311319231987000e-02
2.480034157633781433e-02
2.479785494506359100e-02
2.479237504303455353e-02
2.478862553834915161e-02
2.478209510445594788e-02
2.477501891553401947e-02
2.476932108402252197e-02
2.476300671696662903e-02
2.475611865520477295e-02
2.474639378488063812e-02
2.473608031868934631e-02
2.472666278481483459e-02
2.471808157861232758e-02
2.471165545284748077e-02
2.470426447689533234e-02
2.469127438962459564e-02
2.468971908092498779e-02
2.468491718173027039e-02
2.467422932386398315e-02
2.466678991913795471e-02
2.465871907770633698e-02
2.465437538921833038e-02
2.464706264436244965e-02
2.463903650641441345e-02
2.463234961032867432e-02
2.462915703654289246e-02
2.462376095354557037e-02
2.462097816169261932e-02
2.461706101894378662e-02
2.461561933159828186e-02
2.461075969040393829e-02
2.460500970482826233e-02
2.459977939724922180e-02
2.459423616528511047e-02
2.458950132131576538e-02
2.458623051643371582e-02
2.458037622272968292e-02
2.457480132579803467e-02
2.456917054951190948e-02
2.456246130168437958e-02
2.455182746052742004e-02
2.454475127160549164e-02
2.453485876321792603e-02
2.453122287988662720e-02
2.452700585126876831e-02
2.452550269663333893e-02
2.452396228909492493e-02
2.452159114181995392e-02
2.451441250741481781e-02
2.450985647737979889e-02
2.450353838503360748e-02
2.449799329042434692e-02
2.448926120996475220e-02
2.447791770100593567e-02
2.446793019771575928e-02
2.446017228066921234e-02
2.445391193032264709e-02
2.444840036332607269e-02
2.444441989064216614e-02
2.443956770002841949e-02
2.443443052470684052e-02
2.442789822816848755e-02
2.441365458071231842e-02
2.440659888088703156e-02
2.439917065203189850e-02
2.439673990011215210e-02
2.439207024872303009e-02
2.438932284712791443e-02
2.438646554946899414e-02
2.438264153897762299e-02
2.438004128634929657e-02
2.437546849250793457e-02
2.437430433928966522e-02
2.436963282525539398e-02
2.436486631631851196e-02
2.435866557061672211e-02
2.435699477791786194e-02
2.435149438679218292e-02
2.434574253857135773e-02
2.433720231056213379e-02
2.432998269796371460e-02
2.432326972484588623e-02
2.431837841868400574e-02
2.431440539658069611e-02
2.431081235408782959e-02
2.430563978850841522e-02
2.429720386862754822e-02
2.429073490202426910e-02
2.428732812404632568e-02
2.428400702774524689e-02
2.428165078163146973e-02
2.427646331489086151e-02
2.427101880311965942e-02
2.426475100219249725e-02
2.425951138138771057e-02
2.425072528421878815e-02
2.424228005111217499e-02
2.423171140253543854e-02
2.422053739428520203e-02
2.420890890061855316e-02
2.420324832201004028e-02
2.419777587056159973e-02
2.419380843639373779e-02
2.419098839163780212e-02
2.418519742786884308e-02
2.417977526783943176e-02
2.417620085179805756e-02
2.417404577136039734e-02
2.417090348899364471e-02
2.416499331593513489e-02
2.415780350565910339e-02
2.414953894913196564e-02
2.414170280098915100e-02
2.413599006831645966e-02
2.413100004196166992e-02
2.412391453981399536e-02
2.411133050918579102e-02
2.409210056066513062e-02
2.408867143094539642e-02
2.407792396843433380e-02
2.406820096075534821e-02
2.405836246907711029e-02
2.404452860355377197e-02
2.403245121240615845e-02
2.402809262275695801e-02
2.402244322001934052e-02
2.401431836187839508e-02
2.400728687644004822e-02
2.399809099733829498e-02
2.399572916328907013e-02
2.398928254842758179e-02
2.398587018251419067e-02
2.398163639008998871e-02
2.397622726857662201e-02
2.397473901510238647e-02
2.396725304424762726e-02
2.396270632743835449e-02
2.395691350102424622e-02
2.395097538828849792e-02
2.394702099263668060e-02
2.394155599176883698e-02
2.393619157373905182e-02
2.393410913646221161e-02
2.393072843551635742e-02
2.392808347940444946e-02
2.392576076090335846e-02
2.392482571303844452e-02
2.392278984189033508e-02
2.392011135816574097e-02
2.391693554818630219e-02
2.391423657536506653e-02
2.391351573169231415e-02
2.391323074698448181e-02
2.391164004802703857e-02
2.390947937965393066e-02
2.390797249972820282e-02
2.390582300722599030e-02
2.390562742948532104e-02
2.390407770872116089e-02
2.390233427286148071e-02
2.390101365745067596e-02
2.389655634760856628e-02
2.389022894203662872e-02
2.388340607285499573e-02
2.388093993067741394e-02
2.387566491961479187e-02
2.387261018157005310e-02
2.386718802154064178e-02
2.385924197733402252e-02
2.384958602488040924e-02
2.383903041481971741e-02
2.383198961615562439e-02
2.382788434624671936e-02
2.382394298911094666e-02
2.381561882793903351e-02
2.380476519465446472e-02
2.379025705158710480e-02
2.377140522003173828e-02
2.375574968755245209e-02
2.374708279967308044e-02
2.373149991035461426e-02
2.371853962540626526e-02
2.370168641209602356e-02
2.369254827499389648e-02
2.367967553436756134e-02
2.367140352725982666e-02
2.365616150200366974e-02
2.364129945635795593e-02
2.362718060612678528e-02
2.361787483096122742e-02
2.361079305410385132e-02
2.360695041716098785e-02
2.360180392861366272e-02
2.358449064195156097e-02
2.357728593051433563e-02
2.356101199984550476e-02
2.355102822184562683e-02
2.354039251804351807e-02
2.353389188647270203e-02
2.352893352508544922e-02
2.352156117558479309e-02
2.351125702261924744e-02
2.349904179573059082e-02
2.348690666258335114e-02
2.347434870898723602e-02
2.347067371010780334e-02
2.346217632293701172e-02
2.345355041325092316e-02
2.345239371061325073e-02
2.344507537782192230e-02
2.344107441604137421e-02
2.343359030783176422e-02
2.342609874904155731e-02
2.341666445136070251e-02
2.341202460229396820e-02
2.340909652411937714e-02
2.340697310864925385e-02
2.340314909815788269e-02
2.340125292539596558e-02
2.339807711541652679e-02
2.339713275432586670e-02
2.338900044560432434e-02
2.338398061692714691e-02
2.337656170129776001e-02
2.337062731385231018e-02
2.336653321981430054e-02
2.336398884654045105e-02
2.336194738745689392e-02
2.336024120450019836e-02
2.335777878761291504e-02
2.335475385189056396e-02
2.335195988416671753e-02
2.335036545991897583e-02
2.334755845367908478e-02
2.334271930158138275e-02
2.333724871277809143e-02
2.333260886371135712e-02
2.332486584782600403e-02
2.331674657762050629e-02
2.330655790865421295e-02
2.330254949629306793e-02
2.329692617058753967e-02
2.329419553279876709e-02
2.329238504171371460e-02
2.329190261662006378e-02
2.328735589981079102e-02
2.328280918300151825e-02
2.327721193432807922e-02
2.327405102550983429e-02
2.327178046107292175e-02
2.327047474682331085e-02
2.326672151684761047e-02
2.326252683997154236e-02
2.325731702148914337e-02
2.325337007641792297e-02
2.324979379773139954e-02
2.324684709310531616e-02
2.324459701776504517e-02
2.324106544256210327e-02
2.324066869914531708e-02
2.323829568922519684e-02
2.323710545897483826e-02
2.323576807975769043e-02
2.323384024202823639e-02
2.323362417519092560e-02
2.323224209249019623e-02
2.323130704462528229e-02
2.323041111230850220e-02
2.322906255722045898e-02
2.322690933942794800e-02
2.322563342750072479e-02
2.322203852236270905e-02
2.321981638669967651e-02
2.321738004684448242e-02
2.321527712047100067e-02
2.321325242519378662e-02
2.321280352771282196e-02
2.321173064410686493e-02
2.321063913404941559e-02
2.320863492786884308e-02
2.320735715329647064e-02
2.320515923202037811e-02
2.320365980267524719e-02
2.320158667862415314e-02
2.319864183664321899e-02
2.319474704563617706e-02
2.319039031863212585e-02
2.318311296403408051e-02
2.317349053919315338e-02
2.316479384899139404e-02
2.315628714859485626e-02
2.314842119812965393e-02
2.313889563083648682e-02
2.312881499528884888e-02
2.312290854752063751e-02
2.311504073441028595e-02
2.310608699917793274e-02
2.310095168650150299e-02
2.309925295412540436e-02
2.309415675699710846e-02
2.309165522456169128e-02
2.308987267315387726e-02
2.308877557516098022e-02
2.308643795549869537e-02
2.308375388383865356e-02
2.308089286088943481e-02
2.307929284870624542e-02
2.307739853858947754e-02
2.307550795376300812e-02
2.307443134486675262e-02
2.307377941906452179e-02
2.306967601180076599e-02
2.306760288774967194e-02
2.306485734879970551e-02
2.306221984326839447e-02
2.306050807237625122e-02
2.305988967418670654e-02
2.305780723690986633e-02
2.305555902421474457e-02
2.305402047932147980e-02
2.305352315306663513e-02
2.305223047733306885e-02
2.305134758353233337e-02
2.305045351386070251e-02
2.304866351187229156e-02
2.304681763052940369e-02
2.304487116634845734e-02
2.304060198366641998e-02
2.303867600858211517e-02
2.303690649569034576e-02
2.303342334926128387e-02
2.303076349198818207e-02
2.302604168653488159e-02
2.302520349621772766e-02
2.302069030702114105e-02
2.301810868084430695e-02
2.301579713821411133e-02
2.301239222288131714e-02
2.301034890115261078e-02
2.300628833472728729e-02
2.300283871591091156e-02
2.300087921321392059e-02
2.299724891781806946e-02
2.299303375184535980e-02
2.299018390476703644e-02
2.298744767904281616e-02
2.298418991267681122e-02
2.298279106616973877e-02
2.298149652779102325e-02
2.297900430858135223e-02
2.297576330602169037e-02
2.297070622444152832e-02
2.296315692365169525e-02
2.295535989105701447e-02
2.294567227363586426e-02
2.294043637812137604e-02
2.293628454208374023e-02
2.293292619287967682e-02
2.292411401867866516e-02
2.291924692690372467e-02
2.291410602629184723e-02
2.291058003902435303e-02
2.290616557002067566e-02
2.290350385010242462e-02
2.290132641792297363e-02
2.289984375238418579e-02
2.289819903671741486e-02
2.289409935474395752e-02
2.289184182882308960e-02
2.289050631225109100e-02
2.288834750652313232e-02
2.288659289479255676e-02
2.288160473108291626e-02
2.287823334336280823e-02
2.287621609866619110e-02
2.287453413009643555e-02
2.287140861153602600e-02
2.286535687744617462e-02
2.285746484994888306e-02
2.285050228238105774e-02
2.284121140837669373e-02
2.282946929335594177e-02
2.281966060400009155e-02
2.280823886394500732e-02
2.279345318675041199e-02
2.278577350080013275e-02
2.278079651296138763e-02
2.277647703886032104e-02
2.276918664574623108e-02
2.276011928915977478e-02
2.274756133556365967e-02
2.273690514266490936e-02
2.272660285234451294e-02
2.271818555891513824e-02
2.271050773561000824e-02
2.270164899528026581e-02
2.269238047301769257e-02
2.268570661544799805e-02
2.268059179186820984e-02
2.267616055905818939e-02
2.266978472471237183e-02
2.266162633895874023e-02
2.265165373682975769e-02
2.264297194778919220e-02
2.262818999588489532e-02
2.261024713516235352e-02
2.260462008416652679e-02
2.258889190852642059e-02
2.257094904780387878e-02
2.255443483591079712e-02
2.254221774637699127e-02
2.253568172454833984e-02
2.252496406435966492e-02
2.251792699098587036e-02
2.250912599265575409e-02
2.250133641064167023e-02
2.249274030327796936e-02
2.248402498662471771e-02
2.247735857963562012e-02
2.246817201375961304e-02
2.246148325502872467e-02
2.245130389928817749e-02
2.243977226316928864e-02
2.242935076355934143e-02
2.242224663496017456e-02
2.241796255111694336e-02
2.241406589746475220e-02
2.241065353155136108e-02
2.240811847150325775e-02
2.240314707159996033e-02
2.239742502570152283e-02
2.239334955811500549e-02
2.238982357084751129e-02
2.238689176738262177e-02
2.238298766314983368e-02
2.237878926098346710e-02
2.237412519752979279e-02
2.237067557871341705e-02
2.236807532608509064e-02
2.236561663448810577e-02
2.236288972198963165e-02
2.235838212072849274e-02
2.235432527959346771e-02
2.235203981399536133e-02
2.235092595219612122e-02
2.234894409775733948e-02
2.234724722802639008e-02
2.234631776809692383e-02
2.234535850584506989e-02
2.234417572617530823e-02
2.234315313398838043e-02
2.234134823083877563e-02
2.234085835516452789e-02
2.234017848968505859e-02
2.233888953924179077e-02
2.233628183603286743e-02
2.233534865081310272e-02
2.233191579580307007e-02
2.232991531491279602e-02
2.232837118208408356e-02
2.232604473829269409e-02
2.232449501752853394e-02
2.232235297560691833e-02
2.231799811124801636e-02
2.231637388467788696e-02
2.231537736952304840e-02
2.231226861476898193e-02
2.230902202427387238e-02
2.230663038790225983e-02
2.230149134993553162e-02
2.229951880872249603e-02
2.229866944253444672e-02
2.229596301913261414e-02
2.229350246489048004e-02
2.229078114032745361e-02
2.228964306414127350e-02
2.228720672428607941e-02
2.228630147874355316e-02
2.228328958153724670e-02
2.228114008903503418e-02
2.227637544274330139e-02
2.227245643734931946e-02
2.226967178285121918e-02
2.226926945149898529e-02
2.226844616234302521e-02
2.226590178906917572e-02
2.226355858147144318e-02
2.226061746478080750e-02
2.225748077034950256e-02
2.225602604448795319e-02
2.225292101502418518e-02
2.224779129028320312e-02
2.224588580429553986e-02
2.224222384393215179e-02
2.223820798099040985e-02
2.223610877990722656e-02
2.223275229334831238e-02
2.223039790987968445e-02
2.222826890647411346e-02
2.222489006817340851e-02
2.222319506108760834e-02
2.222173660993576050e-02
2.221919223666191101e-02
2.221722155809402466e-02
2.221578173339366913e-02
2.221539989113807678e-02
2.221376076340675354e-02
2.221285551786422729e-02
2.221222221851348877e-02
2.221093699336051941e-02
2.221082895994186401e-02
2.221000567078590393e-02
2.220931462943553925e-02
2.220782265067100525e-02
2.220545336604118347e-02
2.220159955322742462e-02
2.220061793923377991e-02
2.219749987125396729e-02
2.219427004456520081e-02
2.219174616038799286e-02
2.218857966363430023e-02
2.218756824731826782e-02
2.218402549624443054e-02
2.217850461602210999e-02
2.217179164290428162e-02
2.216812409460544586e-02
2.216167189180850983e-02
2.215760573744773865e-02
2.215520851314067841e-02
2.215437963604927063e-02
2.215081453323364258e-02
2.214952744543552399e-02
2.214727364480495453e-02
2.214546687901020050e-02
2.214306220412254333e-02
2.214235253632068634e-02
2.214008569717407227e-02
2.213798277080059052e-02
2.213660068809986115e-02
2.213419787585735321e-02
2.213419787585735321e-02
2.213419787585735321e-02
