7.382171386718750000e+03
7.079067871093750000e+03
6.754186523437500000e+03
6.492734375000000000e+03
6.337049804687500000e+03
6.289605957031250000e+03
6.308547363281250000e+03
6.338316406250000000e+03
6.365041015625000000e+03
6.371854980468750000e+03
6.344598632812500000e+03
6.296521972656250000e+03
6.226669433593750000e+03
6.167443359375000000e+03
6.016611816406250000e+03
5.880990722656250000e+03
5.668240234375000000e+03
5.461036132812500000e+03
5.121043945312500000e+03
4.872120605468750000e+03
4.508043945312500000e+03
4.356006347656250000e+03
4.017326416015625000e+03
3.798588867187500000e+03
3.756431640625000000e+03
3.509732910156250000e+03
3.553351074218750000e+03
3.395633300781250000e+03
3.467893798828125000e+03
3.325260986328125000e+03
3.082874511718750000e+03
3.261740722656250000e+03
2.990154296875000000e+03
3.130141113281250000e+03
3.036435302734375000e+03
3.036969726562500000e+03
3.039186279296875000e+03
3.020615478515625000e+03
2.974570800781250000e+03
2.983969970703125000e+03
2.960691162109375000e+03
2.911055175781250000e+03
2.939777343750000000e+03
2.865993164062500000e+03
2.870138183593750000e+03
2.868032714843750000e+03
2.847252197265625000e+03
2.850617431640625000e+03
2.827670654296875000e+03
2.815653320312500000e+03
2.802911132812500000e+03
2.798193847656250000e+03
2.784961425781250000e+03
2.760245361328125000e+03
2.759552490234375000e+03
2.755699951171875000e+03
2.743651367187500000e+03
2.733244873046875000e+03
2.723583740234375000e+03
2.726649169921875000e+03
2.716745361328125000e+03
2.707381103515625000e+03
2.703166015625000000e+03
2.692842285156250000e+03
2.689223388671875000e+03
2.689348144531250000e+03
2.682376953125000000e+03
2.681459228515625000e+03
2.678552001953125000e+03
2.676261962890625000e+03
2.672246337890625000e+03
2.670219482421875000e+03
2.667827392578125000e+03
2.666520751953125000e+03
2.662755371093750000e+03
2.659616455078125000e+03
2.659295166015625000e+03
2.655222900390625000e+03
2.653524414062500000e+03
2.650066162109375000e+03
2.649413330078125000e+03
2.647223388671875000e+03
2.644648437500000000e+03
2.642365966796875000e+03
2.640048095703125000e+03
2.638807861328125000e+03
2.635665283203125000e+03
2.633593994140625000e+03
2.630910400390625000e+03
2.628641601562500000e+03
2.625711669921875000e+03
2.622576416015625000e+03
2.619821777343750000e+03
2.616162109375000000e+03
2.612452148437500000e+03
2.608001953125000000e+03
2.603103759765625000e+03
2.597152832031250000e+03
2.589766601562500000e+03
2.580561279296875000e+03
2.567554199218750000e+03
2.548920654296875000e+03
2.523806884765625000e+03
2.496873046875000000e+03
2.483861083984375000e+03
2.465696044921875000e+03
2.434878173828125000e+03
2.400216308593750000e+03
2.359318115234375000e+03
2.311168945312500000e+03
2.254304443359375000e+03
2.177837402343750000e+03
2.079313232421875000e+03
1.963544799804687500e+03
1.845487792968750000e+03
1.788918212890625000e+03
1.986951171875000000e+03
1.701401123046875000e+03
1.746416625976562500e+03
1.651561401367187500e+03
1.690775146484375000e+03
1.613154296875000000e+03
1.641732055664062500e+03
1.554784301757812500e+03
1.576016357421875000e+03
1.505722290039062500e+03
1.545344848632812500e+03
1.494017456054687500e+03
1.469827148437500000e+03
1.444254028320312500e+03
1.402250854492187500e+03
1.399685913085937500e+03
1.354714965820312500e+03
1.345271728515625000e+03
1.292906250000000000e+03
1.292072021484375000e+03
1.261389892578125000e+03
1.251557495117187500e+03
1.229829956054687500e+03
1.204202270507812500e+03
1.185175659179687500e+03
1.161745361328125000e+03
1.139941284179687500e+03
1.107228393554687500e+03
1.079558471679687500e+03
1.038689575195312500e+03
1.004243164062500000e+03
9.371771850585937500e+02
8.466285400390625000e+02
7.159550781250000000e+02
5.688963623046875000e+02
4.096762084960937500e+02
3.563117370605468750e+02
3.866258544921875000e+02
4.187312011718750000e+02
4.119689331054687500e+02
3.268098449707031250e+02
2.637530212402343750e+02
2.724189147949218750e+02
2.642483520507812500e+02
2.576408691406250000e+02
2.654024353027343750e+02
2.634585876464843750e+02
2.387207794189453125e+02
2.154841918945312500e+02
1.981082305908203125e+02
1.816079254150390625e+02
1.820655822753906250e+02
1.821759338378906250e+02
1.824139709472656250e+02
1.770356292724609375e+02
1.638075103759765625e+02
1.539319000244140625e+02
1.450814056396484375e+02
1.440115356445312500e+02
1.382937927246093750e+02
1.379274291992187500e+02
1.402084655761718750e+02
1.320589141845703125e+02
1.263477859497070312e+02
1.222761230468750000e+02
1.159072952270507812e+02
1.119646606445312500e+02
1.119540634155273438e+02
1.097057876586914062e+02
1.092580108642578125e+02
1.058191833496093750e+02
1.025365066528320312e+02
1.002552185058593750e+02
9.729335021972656250e+01
9.516001892089843750e+01
9.346450042724609375e+01
9.233245849609375000e+01
9.019660186767578125e+01
8.935552215576171875e+01
8.774261474609375000e+01
8.512023162841796875e+01
8.335704803466796875e+01
8.206023406982421875e+01
8.082588195800781250e+01
7.960501861572265625e+01
7.935908508300781250e+01
7.912313079833984375e+01
7.895015716552734375e+01
7.861951446533203125e+01
7.837799072265625000e+01
7.819652557373046875e+01
7.792079925537109375e+01
7.774684906005859375e+01
7.747526550292968750e+01
7.721635437011718750e+01
7.671686553955078125e+01
7.594961547851562500e+01
7.452414703369140625e+01
7.249802398681640625e+01
6.900363159179687500e+01
6.532582855224609375e+01
6.256234741210937500e+01
6.154007339477539062e+01
6.036312484741210938e+01
5.935332107543945312e+01
5.743436050415039062e+01
5.622248840332031250e+01
5.520212554931640625e+01
5.399446105957031250e+01
5.309993743896484375e+01
5.225711441040039062e+01
5.159827804565429688e+01
5.102589797973632812e+01
5.049954986572265625e+01
4.935557937622070312e+01
4.844024658203125000e+01
4.750923538208007812e+01
4.678055953979492188e+01
4.619068145751953125e+01
4.592049789428710938e+01
4.539965820312500000e+01
4.506366729736328125e+01
4.459944915771484375e+01
4.415592956542968750e+01
4.336059951782226562e+01
4.295560836791992188e+01
4.270222473144531250e+01
4.262978744506835938e+01
4.251374435424804688e+01
4.228702545166015625e+01
4.194431686401367188e+01
4.165426254272460938e+01
4.132520294189453125e+01
4.117861938476562500e+01
4.052609634399414062e+01
4.020214462280273438e+01
3.996588897705078125e+01
3.971838760375976562e+01
3.921803283691406250e+01
3.872980499267578125e+01
3.708490371704101562e+01
3.620406723022460938e+01
3.536432266235351562e+01
3.514442443847656250e+01
3.497328186035156250e+01
3.466248321533203125e+01
3.433664321899414062e+01
3.398639678955078125e+01
3.341246795654296875e+01
3.323882293701171875e+01
3.298728179931640625e+01
3.283063507080078125e+01
3.273804855346679688e+01
3.261440277099609375e+01
3.243968200683593750e+01
3.184772872924804688e+01
3.067328643798828125e+01
3.010927772521972656e+01
2.878049659729003906e+01
2.827004814147949219e+01
2.801296234130859375e+01
2.791790008544921875e+01
2.776963615417480469e+01
2.767043304443359375e+01
2.742223548889160156e+01
2.717400550842285156e+01
2.665371704101562500e+01
2.608484649658203125e+01
2.547827529907226562e+01
2.520536804199218750e+01
2.505496597290039062e+01
2.491328239440917969e+01
2.483455657958984375e+01
2.477417945861816406e+01
2.465119934082031250e+01
2.453562545776367188e+01
2.447676658630371094e+01
2.432572364807128906e+01
2.418873405456542969e+01
2.380999183654785156e+01
2.355890655517578125e+01
2.332939720153808594e+01
2.318063926696777344e+01
2.305257415771484375e+01
2.295384597778320312e+01
2.293929290771484375e+01
2.290198707580566406e+01
2.281952667236328125e+01
2.268415069580078125e+01
2.238644599914550781e+01
2.222224044799804688e+01
2.187639617919921875e+01
2.167417144775390625e+01
2.138228416442871094e+01
2.115748214721679688e+01
2.086955451965332031e+01
2.059486198425292969e+01
2.020853996276855469e+01
1.977896308898925781e+01
1.965939331054687500e+01
1.943122673034667969e+01
1.929819297790527344e+01
1.921835708618164062e+01
1.902924537658691406e+01
1.902560043334960938e+01
1.895746612548828125e+01
1.888392829895019531e+01
1.878654670715332031e+01
1.868056678771972656e+01
1.856367492675781250e+01
1.832419586181640625e+01
1.781538963317871094e+01
1.754692649841308594e+01
1.646121788024902344e+01
1.579631423950195312e+01
1.539725399017333984e+01
1.514707469940185547e+01
1.491227817535400391e+01
1.469797134399414062e+01
1.459768486022949219e+01
1.451386451721191406e+01
1.444615173339843750e+01
1.437900352478027344e+01
1.432326412200927734e+01
1.425614547729492188e+01
1.423157882690429688e+01
1.418751144409179688e+01
1.414055824279785156e+01
1.412209320068359375e+01
1.409656906127929688e+01
1.402978134155273438e+01
1.402445030212402344e+01
1.400069808959960938e+01
1.400069808959960938e+01
1.400069808959960938e+01
