8.313573242187500000e+03
7.590428710937500000e+03
7.042386718750000000e+03
6.700948730468750000e+03
6.498808105468750000e+03
6.379586914062500000e+03
6.313774414062500000e+03
6.283227539062500000e+03
6.273463378906250000e+03
6.274129882812500000e+03
6.280251464843750000e+03
6.288975097656250000e+03
6.297845703125000000e+03
6.304561523437500000e+03
6.307104003906250000e+03
6.303856445312500000e+03
6.294639648437500000e+03
6.281530761718750000e+03
6.267625488281250000e+03
6.254944335937500000e+03
6.243448242187500000e+03
6.232100585937500000e+03
6.220727050781250000e+03
6.210465332031250000e+03
6.202680664062500000e+03
6.197788574218750000e+03
6.195184570312500000e+03
6.194147460937500000e+03
6.194390136718750000e+03
6.195686523437500000e+03
6.197369140625000000e+03
6.198534179687500000e+03
6.198735839843750000e+03
6.198197753906250000e+03
6.197373046875000000e+03
6.196533203125000000e+03
6.195706542968750000e+03
6.194776855468750000e+03
6.193564941406250000e+03
6.191968750000000000e+03
6.190105957031250000e+03
6.188241210937500000e+03
6.186534179687500000e+03
6.184954101562500000e+03
6.183461914062500000e+03
6.182124023437500000e+03
6.180974121093750000e+03
6.179891113281250000e+03
6.178763183593750000e+03
6.177666992187500000e+03
6.176760253906250000e+03
6.176044433593750000e+03
6.175378906250000000e+03
6.174682617187500000e+03
6.173983886718750000e+03
6.173319335937500000e+03
6.172677734375000000e+03
6.172043457031250000e+03
6.171408691406250000e+03
6.170748046875000000e+03
6.170027832031250000e+03
6.169229003906250000e+03
6.168355957031250000e+03
6.167448730468750000e+03
6.166562988281250000e+03
6.165713378906250000e+03
6.164869628906250000e+03
6.164013183593750000e+03
6.163158691406250000e+03
6.162308593750000000e+03
6.161448730468750000e+03
6.160588378906250000e+03
6.159751464843750000e+03
6.158928222656250000e+03
6.158100097656250000e+03
6.157275390625000000e+03
6.156466796875000000e+03
6.155667968750000000e+03
6.154868652343750000e+03
6.154073730468750000e+03
6.153280273437500000e+03
6.152479492187500000e+03
6.151675292968750000e+03
6.150875488281250000e+03
6.150083007812500000e+03
6.149295898437500000e+03
6.148512695312500000e+03
6.147735839843750000e+03
6.146964355468750000e+03
6.146201660156250000e+03
6.145450683593750000e+03
6.144715332031250000e+03
6.143994140625000000e+03
6.143285644531250000e+03
6.142591796875000000e+03
6.141912597656250000e+03
6.141248535156250000e+03
6.140601562500000000e+03
6.139972167968750000e+03
6.139357421875000000e+03
6.138759277343750000e+03
6.138177246093750000e+03
6.137610351562500000e+03
6.137060058593750000e+03
6.136526367187500000e+03
6.136007324218750000e+03
6.135503906250000000e+03
6.135015625000000000e+03
6.134543457031250000e+03
6.134086425781250000e+03
6.133644531250000000e+03
6.133217285156250000e+03
6.132801757812500000e+03
6.132400390625000000e+03
6.132009765625000000e+03
6.131631835937500000e+03
6.131264160156250000e+03
6.130906738281250000e+03
6.130558105468750000e+03
6.130217773437500000e+03
6.129884765625000000e+03
6.129558105468750000e+03
6.129238281250000000e+03
6.128922851562500000e+03
6.128614257812500000e+03
6.128308593750000000e+03
6.128005859375000000e+03
6.127707031250000000e+03
6.127412109375000000e+03
6.127118652343750000e+03
6.126826660156250000e+03
6.126536132812500000e+03
6.126246582031250000e+03
6.125957031250000000e+03
6.125667968750000000e+03
6.125379394531250000e+03
6.125089843750000000e+03
6.124799316406250000e+03
6.124508300781250000e+03
6.124216308593750000e+03
6.123921875000000000e+03
6.123626953125000000e+03
6.123330078125000000e+03
6.123031250000000000e+03
6.122730468750000000e+03
6.122427734375000000e+03
6.122123046875000000e+03
6.121815917968750000e+03
6.121506835937500000e+03
6.121194824218750000e+03
6.120880371093750000e+03
6.120563964843750000e+03
6.120244628906250000e+03
6.119923339843750000e+03
6.119599609375000000e+03
6.119271972656250000e+03
6.118943359375000000e+03
6.118611816406250000e+03
6.118277343750000000e+03
6.117940917968750000e+03
6.117602539062500000e+03
6.117261230468750000e+03
6.116917480468750000e+03
6.116572753906250000e+03
6.116226074218750000e+03
6.115876464843750000e+03
6.115525878906250000e+03
6.115172851562500000e+03
6.114819824218750000e+03
6.114464843750000000e+03
6.114107910156250000e+03
6.113750976562500000e+03
6.113392578125000000e+03
6.113034667968750000e+03
6.112674804687500000e+03
6.112316894531250000e+03
6.111957031250000000e+03
6.111598632812500000e+03
6.111240234375000000e+03
6.110881835937500000e+03
6.110525878906250000e+03
6.110169921875000000e+03
6.109815429687500000e+03
6.109462402343750000e+03
6.109111816406250000e+03
6.108763671875000000e+03
6.108416015625000000e+03
6.108072265625000000e+03
6.107730957031250000e+03
6.107392578125000000e+03
6.107057617187500000e+03
6.106724609375000000e+03
6.106396484375000000e+03
6.106071289062500000e+03
6.105750488281250000e+03
6.105433105468750000e+03
6.105119628906250000e+03
6.104810546875000000e+03
6.104506347656250000e+03
6.104205566406250000e+03
6.103477050781250000e+03
6.102863769531250000e+03
6.102130371093750000e+03
6.100929687500000000e+03
6.098664062500000000e+03
6.097878906250000000e+03
6.097131347656250000e+03
6.096919921875000000e+03
6.096877929687500000e+03
6.096786621093750000e+03
6.096588867187500000e+03
6.096222167968750000e+03
6.095420898437500000e+03
6.094483886718750000e+03
6.093680175781250000e+03
6.093158691406250000e+03
6.092825195312500000e+03
6.092447265625000000e+03
6.090995605468750000e+03
6.089458496093750000e+03
6.088255859375000000e+03
6.087452148437500000e+03
6.087197265625000000e+03
6.086679199218750000e+03
6.086199218750000000e+03
6.085671386718750000e+03
6.085201171875000000e+03
6.084776367187500000e+03
6.084367675781250000e+03
6.083071289062500000e+03
6.081405273437500000e+03
6.080754882812500000e+03
6.078534179687500000e+03
6.078231933593750000e+03
6.077818847656250000e+03
6.076906738281250000e+03
6.075854492187500000e+03
6.074746582031250000e+03
6.074136230468750000e+03
6.073760742187500000e+03
6.073225585937500000e+03
6.072670410156250000e+03
6.071762207031250000e+03
6.070901367187500000e+03
6.069243652343750000e+03
6.067382812500000000e+03
6.066103515625000000e+03
6.065459960937500000e+03
6.063879882812500000e+03
6.062090820312500000e+03
6.061791015625000000e+03
6.061520996093750000e+03
6.061153320312500000e+03
6.060677246093750000e+03
6.059832031250000000e+03
6.058205566406250000e+03
6.057057128906250000e+03
6.054310546875000000e+03
6.050416015625000000e+03
6.046827148437500000e+03
6.039280273437500000e+03
6.025814453125000000e+03
6.011008789062500000e+03
5.996239746093750000e+03
5.981329589843750000e+03
5.936549316406250000e+03
5.903962890625000000e+03
5.873556640625000000e+03
5.804031738281250000e+03
5.766054199218750000e+03
5.658980957031250000e+03
5.621981445312500000e+03
5.587611328125000000e+03
5.553925781250000000e+03
5.510082519531250000e+03
5.485101562500000000e+03
5.448434570312500000e+03
5.419992187500000000e+03
5.412480957031250000e+03
5.407387695312500000e+03
5.399461914062500000e+03
5.388212402343750000e+03
5.365751464843750000e+03
5.329041015625000000e+03
5.310799316406250000e+03
5.297675292968750000e+03
5.282601562500000000e+03
5.247720703125000000e+03
5.232111816406250000e+03
5.223847167968750000e+03
5.217118652343750000e+03
5.215479003906250000e+03
5.212645019531250000e+03
5.204891601562500000e+03
5.202297851562500000e+03
5.196897460937500000e+03
5.189186035156250000e+03
5.177836425781250000e+03
5.154030761718750000e+03
5.130976074218750000e+03
5.086945312500000000e+03
5.057764648437500000e+03
5.029281738281250000e+03
5.009078613281250000e+03
4.981398925781250000e+03
4.930820800781250000e+03
4.888260742187500000e+03
4.870933105468750000e+03
4.837622070312500000e+03
4.832838867187500000e+03
4.824628906250000000e+03
4.821643066406250000e+03
4.819413085937500000e+03
4.816536132812500000e+03
4.812554199218750000e+03
4.806938964843750000e+03
4.799943359375000000e+03
4.788431152343750000e+03
4.783520019531250000e+03
4.773978027343750000e+03
4.770580566406250000e+03
4.767312988281250000e+03
4.765342285156250000e+03
4.763615722656250000e+03
4.758994140625000000e+03
4.756030273437500000e+03
4.753171875000000000e+03
4.751332031250000000e+03
4.750303222656250000e+03
4.749939941406250000e+03
4.749557128906250000e+03
4.748475585937500000e+03
4.746971679687500000e+03
4.744932128906250000e+03
4.741328613281250000e+03
4.733677246093750000e+03
4.717019531250000000e+03
4.700382812500000000e+03
4.684022949218750000e+03
4.676530273437500000e+03
4.668604003906250000e+03
4.664156250000000000e+03
4.658498535156250000e+03
4.650371093750000000e+03
4.641090820312500000e+03
4.627335937500000000e+03
4.620382324218750000e+03
4.617281250000000000e+03
4.614013671875000000e+03
4.611967285156250000e+03
4.607555175781250000e+03
4.604100585937500000e+03
4.596583984375000000e+03
4.591973632812500000e+03
4.588815429687500000e+03
4.583319824218750000e+03
4.575820800781250000e+03
4.566536621093750000e+03
4.556252441406250000e+03
4.548935058593750000e+03
4.545979492187500000e+03
4.541317382812500000e+03
4.536800292968750000e+03
4.531675292968750000e+03
4.525474609375000000e+03
4.522078125000000000e+03
4.518970214843750000e+03
4.513981933593750000e+03
4.509246582031250000e+03
4.503762207031250000e+03
4.498416015625000000e+03
4.491593261718750000e+03
4.487738281250000000e+03
4.483471679687500000e+03
4.479628417968750000e+03
4.474389160156250000e+03
4.463342285156250000e+03
4.451062011718750000e+03
4.444084960937500000e+03
4.437510253906250000e+03
4.435059082031250000e+03
4.432702636718750000e+03
4.429749023437500000e+03
4.427340332031250000e+03
4.425368164062500000e+03
4.424551757812500000e+03
4.423695800781250000e+03
4.422401367187500000e+03
4.420889160156250000e+03
4.419038085937500000e+03
4.414630859375000000e+03
4.406682617187500000e+03
4.397887207031250000e+03
4.377891113281250000e+03
4.360671875000000000e+03
4.324953125000000000e+03
4.310535156250000000e+03
4.290872070312500000e+03
4.262370605468750000e+03
4.227822265625000000e+03
4.204969726562500000e+03
4.166256347656250000e+03
4.131075683593750000e+03
4.089705810546875000e+03
4.045248779296875000e+03
4.006947753906250000e+03
3.981687744140625000e+03
3.945133544921875000e+03
3.934952392578125000e+03
3.927964599609375000e+03
3.885016113281250000e+03
3.860296630859375000e+03
3.853545166015625000e+03
3.846687988281250000e+03
3.843545410156250000e+03
3.839164062500000000e+03
3.837446777343750000e+03
3.835199951171875000e+03
3.831273925781250000e+03
3.827725341796875000e+03
3.822100341796875000e+03
3.817643554687500000e+03
3.811497802734375000e+03
3.800540527343750000e+03
3.793385986328125000e+03
3.786814697265625000e+03
3.781922607421875000e+03
3.777551269531250000e+03
3.770384765625000000e+03
3.766158935546875000e+03
3.762210693359375000e+03
3.756600341796875000e+03
3.751538330078125000e+03
3.744920898437500000e+03
3.738615234375000000e+03
3.727845214843750000e+03
3.718170654296875000e+03
3.703546142578125000e+03
3.691986816406250000e+03
3.673869873046875000e+03
3.663016113281250000e+03
3.660455322265625000e+03
3.657142333984375000e+03
3.654020019531250000e+03
3.651689453125000000e+03
3.646193847656250000e+03
3.639474365234375000e+03
3.634441650390625000e+03
3.632265380859375000e+03
3.630331298828125000e+03
3.628725341796875000e+03
3.626286376953125000e+03
3.623688720703125000e+03
3.619924560546875000e+03
3.615231445312500000e+03
3.609651611328125000e+03
3.602298339843750000e+03
3.593683349609375000e+03
3.588617187500000000e+03
3.580302978515625000e+03
3.574514892578125000e+03
3.560860595703125000e+03
3.552692382812500000e+03
3.547588134765625000e+03
3.536528320312500000e+03
3.533113037109375000e+03
3.528402832031250000e+03
3.518964843750000000e+03
3.512415039062500000e+03
3.509082275390625000e+03
3.506420898437500000e+03
3.504081542968750000e+03
3.500521728515625000e+03
3.498436035156250000e+03
3.493961425781250000e+03
3.490189697265625000e+03
3.487829101562500000e+03
3.482752441406250000e+03
3.481762695312500000e+03
3.480521484375000000e+03
3.477789794921875000e+03
3.474293945312500000e+03
3.468453125000000000e+03
3.461257080078125000e+03
3.456611816406250000e+03
3.447512695312500000e+03
3.421361572265625000e+03
3.381953125000000000e+03
3.367589111328125000e+03
3.349149902343750000e+03
3.334788330078125000e+03
3.305212158203125000e+03
3.294408691406250000e+03
3.278891113281250000e+03
3.269451171875000000e+03
3.259785400390625000e+03
3.250263427734375000e+03
3.246681152343750000e+03
3.245018798828125000e+03
3.243518798828125000e+03
3.241762695312500000e+03
3.240368408203125000e+03
3.238943603515625000e+03
3.236445800781250000e+03
3.235063476562500000e+03
3.233778076171875000e+03
3.233010009765625000e+03
3.232271972656250000e+03
3.231543212890625000e+03
3.230960449218750000e+03
3.230434570312500000e+03
3.229946533203125000e+03
3.229211181640625000e+03
3.228431396484375000e+03
3.227747802734375000e+03
3.226173583984375000e+03
3.223702636718750000e+03
3.220798583984375000e+03
3.217022216796875000e+03
3.209933349609375000e+03
3.203766845703125000e+03
3.198614501953125000e+03
3.193168212890625000e+03
3.187212646484375000e+03
3.184856933593750000e+03
3.183262451171875000e+03
3.181924804687500000e+03
3.181027343750000000e+03
3.179724853515625000e+03
3.177433349609375000e+03
3.175940917968750000e+03
3.174185058593750000e+03
3.172869628906250000e+03
3.171637207031250000e+03
3.170561523437500000e+03
3.169269531250000000e+03
3.166932373046875000e+03
3.165240966796875000e+03
3.164028808593750000e+03
3.162543457031250000e+03
3.161565917968750000e+03
3.160276367187500000e+03
3.157861572265625000e+03
3.156810302734375000e+03
3.156193115234375000e+03
3.155795898437500000e+03
3.155405517578125000e+03
3.155077636718750000e+03
3.154668945312500000e+03
3.154321289062500000e+03
3.154133056640625000e+03
3.154012207031250000e+03
3.153904296875000000e+03
3.153516845703125000e+03
3.153043457031250000e+03
3.151951171875000000e+03
3.147700195312500000e+03
3.145881103515625000e+03
3.144728759765625000e+03
3.140449951171875000e+03
3.140024658203125000e+03
3.136967285156250000e+03
3.135833496093750000e+03
3.133553466796875000e+03
3.131420654296875000e+03
3.128387939453125000e+03
3.126763671875000000e+03
3.124471191406250000e+03
3.123006591796875000e+03
3.121025390625000000e+03
3.119789550781250000e+03
3.118184814453125000e+03
3.115922851562500000e+03
3.113596923828125000e+03
3.110231933593750000e+03
3.108135986328125000e+03
3.106413330078125000e+03
3.103429443359375000e+03
3.100666992187500000e+03
3.099575195312500000e+03
3.098084716796875000e+03
3.095739990234375000e+03
3.093858886718750000e+03
3.091211669921875000e+03
3.089153564453125000e+03
3.086171386718750000e+03
3.085004882812500000e+03
3.082875000000000000e+03
3.080550048828125000e+03
3.077961425781250000e+03
3.076427978515625000e+03
3.075400634765625000e+03
3.073953857421875000e+03
3.072923095703125000e+03
3.071686523437500000e+03
3.069806884765625000e+03
3.068014892578125000e+03
3.066330566406250000e+03
3.063813232421875000e+03
3.061799072265625000e+03
3.059855468750000000e+03
3.058309570312500000e+03
3.057166992187500000e+03
3.056279052734375000e+03
3.055726074218750000e+03
3.055197753906250000e+03
3.054792968750000000e+03
3.053955322265625000e+03
3.052378906250000000e+03
3.050767822265625000e+03
3.050511718750000000e+03
3.048498046875000000e+03
3.047299316406250000e+03
3.043777343750000000e+03
3.040452392578125000e+03
3.038329101562500000e+03
3.036306884765625000e+03
3.034112548828125000e+03
3.031986816406250000e+03
3.029476562500000000e+03
3.028246093750000000e+03
3.027630371093750000e+03
3.027321289062500000e+03
3.027115478515625000e+03
3.026910400390625000e+03
3.026371826171875000e+03
3.025731201171875000e+03
3.023970703125000000e+03
3.021221435546875000e+03
3.017176513671875000e+03
3.013181640625000000e+03
3.009515380859375000e+03
3.004114990234375000e+03
2.996774414062500000e+03
2.993571044921875000e+03
2.991498291015625000e+03
2.990287841796875000e+03
2.989535400390625000e+03
2.988680908203125000e+03
2.986924804687500000e+03
2.984773925781250000e+03
2.980752197265625000e+03
2.978905761718750000e+03
2.975764404296875000e+03
2.972114990234375000e+03
2.968782226562500000e+03
2.967885009765625000e+03
2.966007568359375000e+03
2.965027587890625000e+03
2.963891845703125000e+03
2.962564208984375000e+03
2.962026855468750000e+03
2.961673095703125000e+03
2.961300781250000000e+03
2.960780273437500000e+03
2.960391601562500000e+03
2.960121093750000000e+03
2.959692871093750000e+03
2.959315429687500000e+03
2.958898437500000000e+03
2.958350830078125000e+03
2.958217041015625000e+03
2.957860839843750000e+03
2.957570556640625000e+03
2.957248291015625000e+03
2.956871582031250000e+03
2.956209472656250000e+03
2.955087402343750000e+03
2.953947998046875000e+03
2.953545654296875000e+03
2.952933105468750000e+03
2.952852294921875000e+03
2.952677490234375000e+03
2.952371337890625000e+03
2.951851562500000000e+03
2.951339599609375000e+03
2.950983642578125000e+03
2.950765136718750000e+03
2.950659912109375000e+03
2.950600341796875000e+03
2.950549804687500000e+03
2.950518066406250000e+03
2.950486572265625000e+03
2.950454589843750000e+03
2.950418945312500000e+03
2.950349365234375000e+03
2.950226074218750000e+03
2.950037109375000000e+03
2.949830566406250000e+03
2.949490722656250000e+03
2.949156982421875000e+03
2.948709228515625000e+03
2.948179199218750000e+03
2.947714355468750000e+03
2.947377929687500000e+03
2.946803710937500000e+03
2.946459960937500000e+03
2.946322265625000000e+03
2.946025634765625000e+03
2.945601074218750000e+03
2.945266845703125000e+03
2.945221435546875000e+03
2.944986572265625000e+03
2.944790527343750000e+03
2.944662841796875000e+03
2.944523925781250000e+03
2.944446289062500000e+03
2.944410400390625000e+03
2.944320556640625000e+03
2.944272216796875000e+03
2.944240966796875000e+03
2.944170898437500000e+03
2.944103027343750000e+03
2.944050048828125000e+03
2.944000732421875000e+03
2.943905517578125000e+03
2.943848388671875000e+03
2.943653808593750000e+03
2.943584716796875000e+03
2.943403076171875000e+03
2.943131103515625000e+03
2.942912353515625000e+03
2.942837646484375000e+03
2.942721923828125000e+03
2.942715332031250000e+03
2.942336914062500000e+03
2.942178955078125000e+03
2.942013427734375000e+03
2.941724609375000000e+03
2.941650634765625000e+03
2.941340332031250000e+03
2.941209960937500000e+03
2.940906005859375000e+03
2.940703613281250000e+03
2.940472900390625000e+03
2.940274658203125000e+03
2.940129394531250000e+03
2.940035400390625000e+03
2.939963867187500000e+03
2.939847167968750000e+03
2.939722656250000000e+03
2.939633056640625000e+03
2.939516357421875000e+03
2.939468994140625000e+03
2.939409179687500000e+03
2.939385986328125000e+03
2.939362304687500000e+03
2.939339599609375000e+03
2.939304199218750000e+03
2.939187500000000000e+03
2.939077392578125000e+03
2.938904785156250000e+03
2.938768554687500000e+03
2.938708496093750000e+03
2.938652343750000000e+03
2.938611572265625000e+03
2.938570312500000000e+03
2.938528320312500000e+03
2.938453369140625000e+03
2.938328857421875000e+03
2.938177978515625000e+03
2.937927246093750000e+03
2.937520751953125000e+03
2.937089355468750000e+03
2.936653320312500000e+03
2.936327636718750000e+03
2.936072998046875000e+03
2.935927978515625000e+03
2.935718994140625000e+03
2.935540039062500000e+03
2.935358886718750000e+03
2.935116943359375000e+03
2.934892089843750000e+03
2.934725341796875000e+03
2.934656250000000000e+03
2.934437988281250000e+03
2.934388916015625000e+03
2.934320068359375000e+03
2.934256103515625000e+03
2.934222412109375000e+03
2.934195312500000000e+03
2.934169433593750000e+03
2.934139160156250000e+03
2.934119873046875000e+03
2.934049560546875000e+03
2.933961181640625000e+03
2.933860107421875000e+03
2.933760986328125000e+03
2.933627441406250000e+03
2.933490722656250000e+03
2.933357421875000000e+03
2.933312500000000000e+03
2.933270996093750000e+03
2.933247314453125000e+03
2.933222167968750000e+03
2.933170898437500000e+03
2.933107421875000000e+03
2.932963134765625000e+03
2.932821777343750000e+03
2.932700683593750000e+03
2.932593505859375000e+03
2.932454345703125000e+03
2.932369628906250000e+03
2.932262695312500000e+03
2.932147705078125000e+03
2.932089599609375000e+03
2.932056640625000000e+03
2.932029052734375000e+03
2.931990966796875000e+03
2.931943603515625000e+03
2.931819824218750000e+03
2.931722167968750000e+03
2.931579101562500000e+03
2.931405273437500000e+03
2.931247558593750000e+03
2.931055908203125000e+03
2.930924804687500000e+03
2.930790527343750000e+03
2.930716552734375000e+03
2.930541259765625000e+03
2.930331054687500000e+03
2.930057861328125000e+03
2.929920166015625000e+03
2.929807617187500000e+03
2.929542968750000000e+03
2.929373779296875000e+03
2.929245361328125000e+03
2.929095947265625000e+03
2.929017822265625000e+03
2.928926269531250000e+03
2.928810791015625000e+03
2.928741210937500000e+03
2.928680908203125000e+03
2.928599609375000000e+03
2.928463378906250000e+03
2.928413818359375000e+03
2.928277343750000000e+03
2.928207031250000000e+03
2.928065185546875000e+03
2.927892089843750000e+03
2.927811279296875000e+03
2.927719238281250000e+03
2.927664794921875000e+03
2.927616210937500000e+03
2.927531005859375000e+03
2.927418212890625000e+03
2.927367431640625000e+03
2.927259765625000000e+03
2.927202636718750000e+03
2.927155273437500000e+03
2.927100341796875000e+03
2.927051025390625000e+03
2.927000976562500000e+03
2.926921142578125000e+03
2.926834716796875000e+03
2.926750488281250000e+03
2.926620605468750000e+03
2.926406982421875000e+03
2.926234130859375000e+03
2.926164062500000000e+03
2.926129638671875000e+03
2.926011962890625000e+03
2.925959716796875000e+03
2.925920654296875000e+03
2.925841796875000000e+03
2.925790771484375000e+03
2.925688232421875000e+03
2.925624511718750000e+03
2.925558593750000000e+03
2.925418701171875000e+03
2.925263427734375000e+03
2.925077636718750000e+03
2.924916992187500000e+03
2.924740478515625000e+03
2.924591796875000000e+03
2.924510742187500000e+03
2.924436035156250000e+03
2.924381835937500000e+03
2.924331298828125000e+03
2.924273925781250000e+03
2.924248779296875000e+03
2.924211914062500000e+03
2.924150146484375000e+03
2.924060302734375000e+03
2.924043457031250000e+03
2.923947021484375000e+03
2.923875000000000000e+03
2.923754638671875000e+03
2.923624267578125000e+03
2.923505126953125000e+03
2.923333740234375000e+03
2.923242919921875000e+03
2.923053955078125000e+03
2.922910156250000000e+03
2.922731445312500000e+03
2.922602783203125000e+03
2.922231201171875000e+03
2.921935546875000000e+03
2.921799072265625000e+03
2.921386718750000000e+03
2.921110351562500000e+03
2.920534179687500000e+03
2.920204833984375000e+03
2.919779052734375000e+03
2.919395019531250000e+03
2.919229003906250000e+03
2.919007812500000000e+03
2.918798828125000000e+03
2.918715332031250000e+03
2.918554199218750000e+03
2.918221435546875000e+03
2.917577148437500000e+03
2.917392333984375000e+03
2.916689208984375000e+03
2.916390136718750000e+03
2.916046630859375000e+03
2.915463623046875000e+03
2.915120117187500000e+03
2.914411865234375000e+03
2.914175048828125000e+03
2.913920166015625000e+03
2.913663085937500000e+03
2.913468505859375000e+03
2.913301513671875000e+03
2.913133056640625000e+03
2.912863037109375000e+03
2.912696289062500000e+03
2.912626464843750000e+03
2.912548583984375000e+03
2.912512207031250000e+03
2.912455810546875000e+03
2.912400146484375000e+03
2.912373046875000000e+03
2.912324462890625000e+03
2.912265869140625000e+03
2.912090576171875000e+03
2.911960937500000000e+03
2.911844482421875000e+03
2.911709472656250000e+03
2.911530761718750000e+03
2.911270019531250000e+03
2.910989746093750000e+03
2.910843750000000000e+03
2.910650878906250000e+03
2.910380126953125000e+03
2.909927001953125000e+03
2.909758789062500000e+03
2.909547851562500000e+03
2.909294189453125000e+03
2.908965576171875000e+03
2.908690185546875000e+03
2.908497070312500000e+03
2.908275634765625000e+03
2.908026611328125000e+03
2.907941650390625000e+03
2.907843994140625000e+03
2.907805419921875000e+03
2.907773437500000000e+03
2.907739501953125000e+03
2.907716796875000000e+03
2.907706054687500000e+03
2.907656250000000000e+03
2.907611328125000000e+03
2.907585205078125000e+03
2.907534912109375000e+03
2.907499755859375000e+03
2.907419921875000000e+03
2.907250244140625000e+03
2.907156494140625000e+03
2.907040283203125000e+03
2.906930419921875000e+03
2.906828857421875000e+03
2.906754638671875000e+03
2.906656494140625000e+03
2.906568359375000000e+03
2.906508300781250000e+03
2.906467041015625000e+03
2.906404052734375000e+03
2.906315185546875000e+03
2.906190917968750000e+03
2.906100341796875000e+03
2.906060058593750000e+03
2.905979248046875000e+03
2.905952880859375000e+03
2.905909667968750000e+03
2.905889648437500000e+03
2.905865722656250000e+03
2.905836425781250000e+03
2.905823974609375000e+03
2.905810058593750000e+03
2.905791992187500000e+03
2.905766357421875000e+03
2.905739990234375000e+03
2.905705566406250000e+03
2.905664306640625000e+03
2.905616455078125000e+03
2.905562255859375000e+03
2.905525146484375000e+03
2.905441894531250000e+03
2.905306152343750000e+03
2.905105957031250000e+03
2.904876708984375000e+03
2.904377197265625000e+03
2.903933837890625000e+03
2.903496093750000000e+03
2.902497802734375000e+03
2.901623046875000000e+03
2.901194580078125000e+03
2.900589599609375000e+03
2.900392578125000000e+03
2.899846923828125000e+03
2.899478027343750000e+03
2.899086425781250000e+03
2.898606201171875000e+03
2.898434082031250000e+03
2.898180419921875000e+03
2.897989501953125000e+03
2.897754394531250000e+03
2.897407226562500000e+03
2.897192871093750000e+03
2.897102050781250000e+03
2.896932128906250000e+03
2.896787841796875000e+03
2.896618164062500000e+03
2.896366210937500000e+03
2.896301269531250000e+03
2.896180419921875000e+03
2.896131835937500000e+03
2.896062988281250000e+03
2.895953857421875000e+03
2.895878417968750000e+03
2.895783935546875000e+03
2.895689941406250000e+03
2.895594970703125000e+03
2.895528076171875000e+03
2.895418701171875000e+03
2.895380371093750000e+03
2.895352783203125000e+03
2.895331054687500000e+03
2.895238769531250000e+03
2.895148925781250000e+03
2.894843505859375000e+03
2.894530517578125000e+03
2.894207031250000000e+03
2.893986328125000000e+03
2.893625732421875000e+03
2.893312011718750000e+03
2.892993408203125000e+03
2.892680419921875000e+03
2.892498291015625000e+03
2.892308837890625000e+03
2.892137939453125000e+03
2.891987304687500000e+03
2.891904052734375000e+03
2.891775634765625000e+03
2.891583740234375000e+03
2.891427001953125000e+03
2.891154541015625000e+03
2.890840820312500000e+03
2.890366455078125000e+03
2.890137695312500000e+03
2.890009277343750000e+03
2.889584472656250000e+03
2.889308837890625000e+03
2.889101562500000000e+03
2.888996337890625000e+03
2.888760498046875000e+03
2.888484130859375000e+03
2.888260009765625000e+03
2.888052978515625000e+03
2.887888427734375000e+03
2.887698486328125000e+03
2.887553955078125000e+03
2.887365966796875000e+03
2.886969726562500000e+03
2.886585449218750000e+03
2.886126953125000000e+03
2.885421142578125000e+03
2.885181396484375000e+03
2.885155029296875000e+03
2.884847900390625000e+03
2.884717041015625000e+03
2.884549560546875000e+03
2.884290039062500000e+03
2.884166259765625000e+03
2.884011474609375000e+03
2.883905273437500000e+03
2.883836425781250000e+03
2.883811279296875000e+03
2.883783691406250000e+03
2.883744140625000000e+03
2.883715087890625000e+03
2.883691650390625000e+03
2.883673583984375000e+03
2.883651611328125000e+03
2.883606689453125000e+03
2.883551513671875000e+03
2.883529541015625000e+03
2.883418945312500000e+03
2.883358398437500000e+03
2.883323486328125000e+03
2.883303710937500000e+03
2.883279541015625000e+03
2.883237060546875000e+03
2.883177490234375000e+03
2.883091796875000000e+03
2.882966308593750000e+03
2.882914550781250000e+03
2.882795654296875000e+03
2.882659667968750000e+03
2.882571289062500000e+03
2.882416259765625000e+03
2.882216064453125000e+03
2.882061767578125000e+03
2.881807128906250000e+03
2.881636718750000000e+03
2.881538574218750000e+03
2.881464111328125000e+03
2.881412109375000000e+03
2.881386718750000000e+03
2.881369140625000000e+03
2.881345947265625000e+03
2.881266845703125000e+03
2.881186035156250000e+03
2.881041503906250000e+03
2.880876953125000000e+03
2.880725830078125000e+03
2.880578125000000000e+03
2.880467529296875000e+03
2.880405517578125000e+03
2.880347167968750000e+03
2.880262207031250000e+03
2.880230957031250000e+03
2.880208251953125000e+03
2.880192382812500000e+03
2.880178466796875000e+03
2.880170166015625000e+03
2.880161376953125000e+03
2.880148925781250000e+03
2.880124511718750000e+03
2.880117919921875000e+03
2.880092529296875000e+03
2.880084472656250000e+03
2.880067138671875000e+03
2.880063964843750000e+03
2.880055664062500000e+03
2.880050781250000000e+03
2.880043701171875000e+03
2.880031005859375000e+03
2.880009033203125000e+03
2.879975830078125000e+03
2.879943847656250000e+03
2.879933105468750000e+03
2.879876953125000000e+03
2.879824218750000000e+03
2.879759033203125000e+03
2.879606933593750000e+03
2.879463134765625000e+03
2.879302734375000000e+03
2.879103515625000000e+03
2.879009521484375000e+03
2.878864013671875000e+03
2.878767578125000000e+03
2.878688476562500000e+03
2.878640380859375000e+03
2.878618408203125000e+03
2.878590087890625000e+03
2.878543701171875000e+03
2.878516845703125000e+03
2.878498291015625000e+03
2.878492675781250000e+03
2.878490234375000000e+03
2.878488037109375000e+03
2.878486083984375000e+03
2.878481933593750000e+03
2.878474853515625000e+03
2.878472656250000000e+03
2.878468261718750000e+03
2.878464599609375000e+03
2.878463378906250000e+03
2.878457763671875000e+03
2.878450683593750000e+03
2.878438964843750000e+03
2.878428222656250000e+03
2.878421386718750000e+03
2.878414062500000000e+03
2.878410644531250000e+03
2.878403320312500000e+03
2.878399414062500000e+03
2.878394775390625000e+03
2.878391113281250000e+03
2.878387207031250000e+03
2.878385986328125000e+03
2.878382812500000000e+03
2.878380126953125000e+03
2.878377929687500000e+03
2.878369628906250000e+03
2.878364013671875000e+03
2.878352294921875000e+03
2.878341064453125000e+03
2.878324707031250000e+03
2.878300292968750000e+03
2.878266113281250000e+03
2.878232910156250000e+03
2.878206787109375000e+03
2.878176025390625000e+03
2.878140380859375000e+03
2.878115966796875000e+03
2.878072509765625000e+03
2.878029785156250000e+03
2.878007324218750000e+03
2.877992675781250000e+03
2.877989746093750000e+03
2.877981933593750000e+03
2.877976806640625000e+03
2.877965576171875000e+03
2.877952636718750000e+03
2.877927490234375000e+03
2.877916992187500000e+03
2.877898925781250000e+03
2.877864013671875000e+03
2.877842285156250000e+03
2.877832763671875000e+03
2.877819335937500000e+03
2.877812255859375000e+03
2.877802246093750000e+03
2.877795166015625000e+03
2.877790527343750000e+03
2.877783935546875000e+03
2.877781005859375000e+03
2.877778320312500000e+03
2.877770019531250000e+03
2.877764404296875000e+03
2.877758789062500000e+03
2.877752685546875000e+03
2.877746093750000000e+03
2.877741210937500000e+03
2.877736328125000000e+03
2.877728271484375000e+03
2.877723632812500000e+03
2.877718994140625000e+03
2.877711914062500000e+03
2.877705810546875000e+03
2.877696777343750000e+03
2.877680908203125000e+03
2.877659423828125000e+03
2.877637695312500000e+03
2.877610595703125000e+03
2.877584228515625000e+03
2.877543212890625000e+03
2.877524658203125000e+03
2.877471191406250000e+03
2.877414062500000000e+03
2.877343505859375000e+03
2.877232910156250000e+03
2.877104980468750000e+03
2.876978515625000000e+03
2.876839843750000000e+03
2.876678466796875000e+03
2.876557617187500000e+03
2.876435546875000000e+03
2.876380371093750000e+03
2.876220947265625000e+03
2.875975097656250000e+03
2.875695068359375000e+03
2.875442138671875000e+03
2.875241699218750000e+03
2.874884277343750000e+03
2.874397460937500000e+03
2.873599121093750000e+03
2.872937255859375000e+03
2.872402343750000000e+03
2.871865722656250000e+03
2.871351318359375000e+03
2.870850585937500000e+03
2.869966308593750000e+03
2.869520751953125000e+03
2.869154541015625000e+03
2.868714843750000000e+03
2.868173828125000000e+03
2.867633789062500000e+03
2.867325195312500000e+03
2.867065185546875000e+03
2.866793212890625000e+03
2.866514892578125000e+03
2.866305419921875000e+03
2.866033691406250000e+03
2.865799072265625000e+03
2.865228759765625000e+03
2.864743408203125000e+03
2.864157958984375000e+03
2.863756347656250000e+03
2.862811523437500000e+03
2.862030029296875000e+03
2.861414550781250000e+03
2.860740234375000000e+03
2.860460205078125000e+03
2.860066162109375000e+03
2.859860839843750000e+03
2.859596923828125000e+03
2.859094238281250000e+03
2.858572753906250000e+03
2.858336425781250000e+03
2.858094970703125000e+03
2.857802246093750000e+03
2.857506103515625000e+03
2.857358154296875000e+03
2.857198974609375000e+03
2.857019042968750000e+03
2.856791015625000000e+03
2.856542480468750000e+03
2.856369140625000000e+03
2.856323242187500000e+03
2.856180664062500000e+03
2.856011718750000000e+03
2.855868408203125000e+03
2.855793457031250000e+03
2.855773193359375000e+03
2.855753662109375000e+03
2.855735351562500000e+03
2.855715332031250000e+03
2.855696533203125000e+03
2.855677978515625000e+03
2.855595458984375000e+03
2.855479980468750000e+03
2.855236083984375000e+03
2.854939208984375000e+03
2.854848388671875000e+03
2.854533935546875000e+03
2.854355224609375000e+03
2.854192871093750000e+03
2.853965087890625000e+03
2.853449707031250000e+03
2.853073730468750000e+03
2.852681884765625000e+03
2.852523681640625000e+03
2.852155517578125000e+03
2.851921142578125000e+03
2.851467285156250000e+03
2.850845703125000000e+03
2.850307861328125000e+03
2.849990722656250000e+03
2.849241455078125000e+03
2.848855712890625000e+03
2.848389404296875000e+03
2.847926513671875000e+03
2.847677734375000000e+03
2.847493408203125000e+03
2.847434570312500000e+03
2.847209228515625000e+03
2.846841308593750000e+03
2.846373291015625000e+03
2.845937500000000000e+03
2.845515380859375000e+03
2.845001220703125000e+03
2.844501220703125000e+03
2.844121826171875000e+03
2.843839599609375000e+03
2.843662597656250000e+03
2.843548583984375000e+03
2.843460205078125000e+03
2.843375732421875000e+03
2.843288085937500000e+03
2.843195312500000000e+03
2.843157714843750000e+03
2.843088134765625000e+03
2.842926025390625000e+03
2.842840820312500000e+03
2.842769287109375000e+03
2.842658203125000000e+03
2.842564208984375000e+03
2.842403076171875000e+03
2.842233642578125000e+03
2.842034667968750000e+03
2.841731201171875000e+03
2.841385253906250000e+03
2.841029296875000000e+03
2.840383789062500000e+03
2.839789306640625000e+03
2.839027832031250000e+03
2.838123291015625000e+03
2.837284179687500000e+03
2.836753417968750000e+03
2.836603759765625000e+03
2.836345947265625000e+03
2.836275390625000000e+03
2.836173828125000000e+03
2.836055908203125000e+03
2.836017089843750000e+03
2.835983886718750000e+03
2.835932373046875000e+03
2.835859863281250000e+03
2.835774658203125000e+03
2.835699218750000000e+03
2.835556884765625000e+03
2.835459228515625000e+03
2.835378417968750000e+03
2.835291015625000000e+03
2.835134765625000000e+03
2.834936035156250000e+03
2.834687255859375000e+03
2.834429687500000000e+03
2.834160400390625000e+03
2.833959716796875000e+03
2.833551757812500000e+03
2.832559082031250000e+03
2.832336914062500000e+03
2.831711669921875000e+03
2.831143066406250000e+03
2.830520263671875000e+03
2.830292724609375000e+03
2.830054443359375000e+03
2.829749267578125000e+03
2.829473632812500000e+03
2.829235595703125000e+03
2.829023681640625000e+03
2.828952392578125000e+03
2.828921142578125000e+03
2.828830078125000000e+03
2.828780761718750000e+03
2.828705078125000000e+03
2.828567138671875000e+03
2.828455810546875000e+03
2.828393066406250000e+03
2.828342529296875000e+03
2.828325195312500000e+03
2.828311523437500000e+03
2.828298339843750000e+03
2.828288574218750000e+03
2.828275390625000000e+03
2.828265869140625000e+03
2.828248779296875000e+03
2.828229248046875000e+03
2.828203369140625000e+03
2.828174560546875000e+03
2.828144531250000000e+03
2.828114501953125000e+03
2.828077148437500000e+03
2.828017822265625000e+03
2.827915527343750000e+03
2.827764160156250000e+03
2.827655273437500000e+03
2.827489746093750000e+03
2.827339843750000000e+03
2.827137451171875000e+03
2.826832763671875000e+03
2.826739990234375000e+03
2.826636474609375000e+03
2.826440917968750000e+03
2.826168457031250000e+03
2.825850830078125000e+03
2.825626953125000000e+03
2.825401855468750000e+03
2.825243652343750000e+03
2.824966064453125000e+03
2.824760498046875000e+03
2.824595947265625000e+03
2.824447021484375000e+03
2.824280761718750000e+03
2.824064453125000000e+03
2.823704101562500000e+03
2.823379394531250000e+03
2.823195068359375000e+03
2.822963378906250000e+03
2.822910156250000000e+03
2.822538085937500000e+03
2.822303710937500000e+03
2.821479980468750000e+03
2.820150878906250000e+03
2.818459716796875000e+03
2.816704101562500000e+03
2.815938720703125000e+03
2.814263671875000000e+03
2.812040527343750000e+03
2.810589599609375000e+03
2.808634765625000000e+03
2.808404541015625000e+03
2.807027832031250000e+03
2.806500732421875000e+03
2.804337646484375000e+03
2.802616210937500000e+03
2.800695068359375000e+03
2.799475830078125000e+03
2.798484130859375000e+03
2.797385009765625000e+03
2.796440429687500000e+03
2.796001220703125000e+03
2.795616455078125000e+03
2.794950927734375000e+03
2.793941162109375000e+03
2.792972412109375000e+03
2.792056640625000000e+03
2.791014892578125000e+03
2.790198730468750000e+03
2.789409912109375000e+03
2.788497558593750000e+03
2.787370605468750000e+03
2.786231201171875000e+03
2.785135986328125000e+03
2.784340332031250000e+03
2.782595458984375000e+03
2.781542968750000000e+03
2.780161865234375000e+03
2.779485351562500000e+03
2.778772460937500000e+03
2.778298828125000000e+03
2.777769531250000000e+03
2.777447265625000000e+03
2.777060058593750000e+03
2.776486083984375000e+03
2.775924072265625000e+03
2.775478515625000000e+03
2.774858642578125000e+03
2.774310302734375000e+03
2.773686035156250000e+03
2.772762451171875000e+03
2.772074218750000000e+03
2.771260986328125000e+03
2.770193359375000000e+03
2.769197509765625000e+03
2.767500000000000000e+03
2.766211181640625000e+03
2.765009033203125000e+03
2.764664794921875000e+03
2.764246337890625000e+03
2.763271484375000000e+03
2.762942626953125000e+03
2.762466064453125000e+03
2.761873535156250000e+03
2.760997070312500000e+03
2.760460937500000000e+03
2.759807128906250000e+03
2.759194335937500000e+03
2.758770507812500000e+03
2.758460205078125000e+03
2.758120361328125000e+03
2.757591308593750000e+03
2.757151611328125000e+03
2.756690917968750000e+03
2.755825439453125000e+03
2.755114746093750000e+03
2.753892333984375000e+03
2.752724853515625000e+03
2.751832275390625000e+03
2.750428710937500000e+03
2.748709472656250000e+03
2.747010253906250000e+03
2.745583740234375000e+03
2.744928466796875000e+03
2.744402587890625000e+03
2.744052490234375000e+03
2.743419921875000000e+03
2.742535156250000000e+03
2.741714599609375000e+03
2.740648925781250000e+03
2.739846679687500000e+03
2.739674316406250000e+03
2.738890136718750000e+03
2.738517578125000000e+03
2.738084960937500000e+03
2.737932617187500000e+03
2.737640625000000000e+03
2.737363037109375000e+03
2.737002441406250000e+03
2.736633789062500000e+03
2.736327148437500000e+03
2.735905273437500000e+03
2.734759277343750000e+03
2.734291015625000000e+03
2.732574707031250000e+03
2.732451171875000000e+03
2.730456787109375000e+03
2.729525390625000000e+03
2.727860595703125000e+03
2.726143310546875000e+03
2.723719238281250000e+03
2.722079101562500000e+03
2.721056640625000000e+03
2.720133544921875000e+03
2.719392089843750000e+03
2.718640869140625000e+03
2.718074951171875000e+03
2.717514404296875000e+03
2.716908447265625000e+03
2.716261718750000000e+03
2.715592041015625000e+03
2.714932861328125000e+03
2.714070068359375000e+03
2.712896728515625000e+03
2.712475097656250000e+03
2.712226318359375000e+03
2.712020507812500000e+03
2.711823486328125000e+03
2.711366210937500000e+03
2.711121093750000000e+03
2.710847167968750000e+03
2.710605712890625000e+03
2.710206787109375000e+03
2.709827636718750000e+03
2.709670166015625000e+03
2.709315673828125000e+03
2.709064453125000000e+03
2.708694824218750000e+03
2.708507324218750000e+03
2.708047363281250000e+03
2.707633300781250000e+03
2.706932617187500000e+03
2.705575439453125000e+03
2.704163330078125000e+03
2.703073242187500000e+03
2.702642822265625000e+03
2.702520507812500000e+03
2.702160156250000000e+03
2.702074218750000000e+03
2.701964111328125000e+03
2.701728515625000000e+03
2.701528076171875000e+03
2.701332031250000000e+03
2.701041259765625000e+03
2.700775146484375000e+03
2.700437500000000000e+03
2.700103759765625000e+03
2.699960937500000000e+03
2.699666992187500000e+03
2.699403808593750000e+03
2.699154541015625000e+03
2.698841308593750000e+03
2.698625488281250000e+03
2.698295410156250000e+03
2.697892333984375000e+03
2.697164794921875000e+03
2.696593017578125000e+03
2.696176757812500000e+03
2.696038574218750000e+03
2.695885986328125000e+03
2.695808837890625000e+03
2.695697509765625000e+03
2.695536865234375000e+03
2.695481201171875000e+03
2.695314697265625000e+03
2.695129882812500000e+03
2.695009765625000000e+03
2.694872070312500000e+03
2.694682861328125000e+03
2.694555664062500000e+03
2.694439941406250000e+03
2.694377197265625000e+03
2.694183837890625000e+03
2.694083984375000000e+03
2.693940185546875000e+03
2.693735839843750000e+03
2.693375244140625000e+03
2.692777099609375000e+03
2.691533935546875000e+03
2.689921630859375000e+03
2.689050292968750000e+03
2.688573974609375000e+03
2.687956787109375000e+03
2.686800292968750000e+03
2.686417236328125000e+03
2.685745361328125000e+03
2.685099121093750000e+03
2.684280761718750000e+03
2.682665283203125000e+03
2.681239257812500000e+03
2.680673828125000000e+03
2.679883544921875000e+03
2.679263183593750000e+03
2.678527587890625000e+03
2.677773193359375000e+03
2.677291015625000000e+03
2.676283935546875000e+03
2.675966552734375000e+03
2.675261718750000000e+03
2.674713867187500000e+03
2.673477539062500000e+03
2.672062255859375000e+03
2.669760253906250000e+03
2.668880371093750000e+03
2.667293701171875000e+03
2.666576660156250000e+03
2.665982666015625000e+03
2.664933593750000000e+03
2.663998291015625000e+03
2.662389648437500000e+03
2.660685058593750000e+03
2.659166015625000000e+03
2.657900390625000000e+03
2.656612548828125000e+03
2.655821777343750000e+03
2.654945068359375000e+03
2.653965087890625000e+03
2.653034179687500000e+03
2.651274169921875000e+03
2.650595458984375000e+03
2.647673583984375000e+03
2.645891845703125000e+03
2.643479736328125000e+03
2.639275146484375000e+03
2.632106201171875000e+03
2.627107421875000000e+03
2.616967773437500000e+03
2.610896240234375000e+03
2.603987060546875000e+03
2.599276123046875000e+03
2.592796142578125000e+03
2.587645996093750000e+03
2.576011962890625000e+03
2.566775878906250000e+03
2.555922607421875000e+03
2.534618164062500000e+03
2.509197265625000000e+03
2.486537353515625000e+03
2.467145263671875000e+03
2.427244873046875000e+03
2.411700683593750000e+03
2.405256591796875000e+03
2.369360839843750000e+03
2.334095947265625000e+03
2.311570312500000000e+03
2.294660400390625000e+03
2.251852539062500000e+03
2.232164306640625000e+03
2.199863769531250000e+03
2.172855224609375000e+03
2.140658447265625000e+03
2.129202636718750000e+03
2.103002929687500000e+03
2.087137939453125000e+03
2.081881103515625000e+03
2.065486328125000000e+03
2.057147216796875000e+03
2.041115722656250000e+03
2.030069580078125000e+03
2.018726074218750000e+03
2.010919555664062500e+03
2.004796386718750000e+03
1.996341552734375000e+03
1.989922485351562500e+03
1.986008300781250000e+03
1.982041503906250000e+03
1.978025146484375000e+03
1.974279663085937500e+03
1.967739868164062500e+03
1.961583984375000000e+03
1.959046142578125000e+03
1.953920776367187500e+03
1.951430786132812500e+03
1.947502807617187500e+03
1.942547241210937500e+03
1.935521484375000000e+03
1.932273925781250000e+03
1.927389526367187500e+03
1.922090698242187500e+03
1.918083618164062500e+03
1.910965209960937500e+03
1.905870117187500000e+03
1.903032836914062500e+03
1.900080566406250000e+03
1.897303833007812500e+03
1.893821166992187500e+03
1.890475341796875000e+03
1.885412231445312500e+03
1.878521728515625000e+03
1.870619995117187500e+03
1.858075683593750000e+03
1.848690795898437500e+03
1.842001098632812500e+03
1.836175415039062500e+03
1.831581298828125000e+03
1.824981933593750000e+03
1.818373168945312500e+03
1.809202758789062500e+03
1.803327636718750000e+03
1.800117187500000000e+03
1.797583007812500000e+03
1.795364624023437500e+03
1.791104370117187500e+03
1.787941528320312500e+03
1.782859619140625000e+03
1.775972412109375000e+03
1.770437500000000000e+03
1.765558349609375000e+03
1.759730712890625000e+03
1.752844726562500000e+03
1.747037353515625000e+03
1.739811889648437500e+03
1.734221069335937500e+03
1.729248657226562500e+03
1.726129760742187500e+03
1.722595581054687500e+03
1.718300537109375000e+03
1.714262695312500000e+03
1.711078125000000000e+03
1.709636962890625000e+03
1.702747314453125000e+03
1.700051513671875000e+03
1.697437988281250000e+03
1.694408569335937500e+03
1.688973144531250000e+03
1.682926147460937500e+03
1.675530761718750000e+03
1.666400512695312500e+03
1.655514160156250000e+03
1.650413940429687500e+03
1.646653198242187500e+03
1.640290893554687500e+03
1.635417846679687500e+03
1.632766601562500000e+03
1.627527221679687500e+03
1.622989501953125000e+03
1.615679931640625000e+03
1.608271606445312500e+03
1.600287353515625000e+03
1.591946533203125000e+03
1.587168457031250000e+03
1.583627319335937500e+03
1.579982543945312500e+03
1.574110839843750000e+03
1.565690673828125000e+03
1.556669433593750000e+03
1.550621459960937500e+03
1.548544677734375000e+03
1.532344848632812500e+03
1.526491210937500000e+03
1.523097656250000000e+03
1.515211547851562500e+03
1.507261230468750000e+03
1.502314697265625000e+03
1.496789916992187500e+03
1.491945922851562500e+03
1.490046386718750000e+03
1.488266357421875000e+03
1.485880615234375000e+03
1.482500122070312500e+03
1.477156738281250000e+03
1.471024047851562500e+03
1.462348266601562500e+03
1.456672973632812500e+03
1.443883056640625000e+03
1.436509277343750000e+03
1.434840087890625000e+03
1.430922607421875000e+03
1.426382446289062500e+03
1.421462890625000000e+03
1.416842895507812500e+03
1.414565673828125000e+03
1.413300537109375000e+03
1.412226806640625000e+03
1.410294555664062500e+03
1.407198974609375000e+03
1.404812622070312500e+03
1.402980957031250000e+03
1.401710205078125000e+03
1.400592773437500000e+03
1.399664672851562500e+03
1.396711303710937500e+03
1.393692138671875000e+03
1.389622558593750000e+03
1.385348876953125000e+03
1.383036621093750000e+03
1.378874511718750000e+03
1.375653076171875000e+03
1.374150756835937500e+03
1.372785034179687500e+03
1.371323364257812500e+03
1.368809692382812500e+03
1.365029174804687500e+03
1.361464355468750000e+03
1.355721557617187500e+03
1.350805908203125000e+03
1.344725341796875000e+03
1.338659667968750000e+03
1.331909423828125000e+03
1.323313598632812500e+03
1.319944580078125000e+03
1.316245361328125000e+03
1.312790405273437500e+03
1.310678344726562500e+03
1.308684814453125000e+03
1.307437255859375000e+03
1.305559326171875000e+03
1.303140747070312500e+03
1.300572875976562500e+03
1.296759765625000000e+03
1.293635986328125000e+03
1.292611206054687500e+03
1.290434326171875000e+03
1.289358398437500000e+03
1.287238403320312500e+03
1.285859985351562500e+03
1.284881591796875000e+03
1.283928955078125000e+03
1.282794799804687500e+03
1.281269775390625000e+03
1.279698730468750000e+03
1.278449218750000000e+03
1.277239501953125000e+03
1.275264282226562500e+03
1.272820556640625000e+03
1.269667602539062500e+03
1.266181274414062500e+03
1.263228881835937500e+03
1.261414550781250000e+03
1.260516845703125000e+03
1.258942382812500000e+03
1.257349487304687500e+03
1.255444335937500000e+03
1.253727905273437500e+03
1.251431640625000000e+03
1.249069213867187500e+03
1.246639160156250000e+03
1.243760864257812500e+03
1.242165649414062500e+03
1.240320190429687500e+03
1.236710449218750000e+03
1.227375000000000000e+03
1.222593750000000000e+03
1.215569824218750000e+03
1.204802612304687500e+03
1.192807617187500000e+03
1.178669311523437500e+03
1.153665405273437500e+03
1.149901000976562500e+03
1.132260742187500000e+03
1.127421020507812500e+03
1.118653686523437500e+03
1.110577880859375000e+03
1.107042724609375000e+03
1.101321899414062500e+03
1.096543090820312500e+03
1.091950073242187500e+03
1.087174438476562500e+03
1.080694824218750000e+03
1.072786865234375000e+03
1.066445312500000000e+03
1.061391845703125000e+03
1.057132934570312500e+03
1.051553100585937500e+03
1.047092895507812500e+03
1.039320190429687500e+03
1.031658935546875000e+03
1.024808349609375000e+03
1.016515563964843750e+03
1.008240722656250000e+03
1.006534301757812500e+03
1.003738220214843750e+03
1.002171997070312500e+03
9.990100097656250000e+02
9.949125366210937500e+02
9.928237304687500000e+02
9.892687377929687500e+02
9.833547363281250000e+02
9.782841186523437500e+02
9.736604614257812500e+02
9.708673706054687500e+02
9.688042602539062500e+02
9.650568237304687500e+02
9.633666992187500000e+02
9.609144897460937500e+02
9.581416015625000000e+02
9.551840820312500000e+02
9.534131469726562500e+02
9.517977294921875000e+02
9.493933105468750000e+02
9.471213989257812500e+02
9.434988403320312500e+02
9.396818847656250000e+02
9.357783203125000000e+02
9.325119018554687500e+02
9.292048950195312500e+02
9.269123535156250000e+02
9.244810791015625000e+02
9.224140625000000000e+02
9.203178100585937500e+02
9.181939086914062500e+02
9.157980957031250000e+02
9.124862060546875000e+02
9.094265136718750000e+02
9.044375000000000000e+02
8.977597656250000000e+02
8.947266845703125000e+02
8.922011108398437500e+02
8.890697021484375000e+02
8.859908447265625000e+02
8.820899047851562500e+02
8.799447021484375000e+02
8.786345214843750000e+02
8.773082885742187500e+02
8.761754150390625000e+02
8.741109619140625000e+02
8.711118164062500000e+02
8.668038940429687500e+02
8.622155151367187500e+02
8.588934326171875000e+02
8.570955810546875000e+02
8.552226562500000000e+02
8.535051269531250000e+02
8.522564086914062500e+02
8.498414916992187500e+02
8.470515136718750000e+02
8.422172851562500000e+02
8.348597412109375000e+02
8.254996337890625000e+02
8.211969604492187500e+02
8.137666015625000000e+02
8.107861328125000000e+02
8.093157348632812500e+02
7.991989746093750000e+02
7.959438476562500000e+02
7.925716552734375000e+02
7.891114501953125000e+02
7.867062988281250000e+02
7.842004394531250000e+02
7.820219116210937500e+02
7.811003417968750000e+02
7.799464111328125000e+02
7.779207763671875000e+02
7.770382690429687500e+02
7.757767944335937500e+02
7.745087280273437500e+02
7.735915527343750000e+02
7.732645263671875000e+02
7.728960571289062500e+02
7.723634033203125000e+02
7.720665283203125000e+02
7.715485229492187500e+02
7.699683227539062500e+02
7.683782958984375000e+02
7.674120483398437500e+02
7.665071411132812500e+02
7.662363281250000000e+02
7.657086791992187500e+02
7.656173095703125000e+02
7.651994628906250000e+02
7.650134887695312500e+02
7.646937866210937500e+02
7.643303222656250000e+02
7.634860839843750000e+02
7.622719726562500000e+02
7.615747680664062500e+02
7.599830932617187500e+02
7.584614257812500000e+02
7.574455566406250000e+02
7.558793334960937500e+02
7.540348510742187500e+02
7.527224121093750000e+02
7.525584106445312500e+02
7.517137451171875000e+02
7.515538330078125000e+02
7.513666381835937500e+02
7.513165283203125000e+02
7.504391479492187500e+02
7.491755371093750000e+02
7.471835327148437500e+02
7.456313476562500000e+02
7.440145874023437500e+02
7.424457397460937500e+02
7.412827148437500000e+02
7.400486450195312500e+02
7.387660522460937500e+02
7.375400390625000000e+02
7.360681762695312500e+02
7.348292846679687500e+02
7.329257202148437500e+02
7.315847167968750000e+02
7.302739257812500000e+02
7.295780029296875000e+02
7.292286376953125000e+02
7.281944580078125000e+02
7.278190917968750000e+02
7.270521240234375000e+02
7.266416625976562500e+02
7.262694091796875000e+02
7.259442749023437500e+02
7.256451416015625000e+02
7.254103393554687500e+02
7.252241210937500000e+02
7.249916381835937500e+02
7.247200927734375000e+02
7.243931274414062500e+02
7.236024169921875000e+02
7.222956542968750000e+02
7.202014160156250000e+02
7.166888427734375000e+02
7.140794677734375000e+02
7.111828002929687500e+02
7.092276611328125000e+02
7.079527587890625000e+02
7.066705322265625000e+02
7.051981201171875000e+02
7.030028686523437500e+02
6.986035156250000000e+02
6.941752319335937500e+02
6.885776367187500000e+02
6.844675903320312500e+02
6.800972290039062500e+02
6.744987182617187500e+02
6.694002685546875000e+02
6.663882446289062500e+02
6.598229980468750000e+02
6.541002197265625000e+02
6.451103515625000000e+02
6.374600219726562500e+02
6.320754394531250000e+02
6.286800537109375000e+02
6.235451660156250000e+02
6.164645385742187500e+02
6.077032470703125000e+02
5.984731445312500000e+02
5.950806884765625000e+02
5.932349853515625000e+02
5.885288085937500000e+02
5.862790527343750000e+02
5.844481201171875000e+02
5.798934936523437500e+02
5.732808837890625000e+02
5.658682861328125000e+02
5.614454345703125000e+02
5.540299072265625000e+02
5.491093139648437500e+02
5.458668823242187500e+02
5.414661254882812500e+02
5.353494262695312500e+02
5.311611938476562500e+02
5.265783081054687500e+02
5.237528076171875000e+02
5.227463378906250000e+02
5.205911254882812500e+02
5.193226928710937500e+02
5.177587280273437500e+02
5.163972167968750000e+02
5.139722290039062500e+02
5.132248535156250000e+02
5.097346191406250000e+02
5.089106750488281250e+02
5.081266479492187500e+02
5.068940734863281250e+02
5.055659484863281250e+02
5.041660461425781250e+02
5.014809875488281250e+02
4.990246887207031250e+02
4.953837585449218750e+02
4.932258300781250000e+02
4.915089111328125000e+02
4.900081481933593750e+02
4.885710449218750000e+02
4.861881103515625000e+02
4.842107849121093750e+02
4.831033020019531250e+02
4.814163818359375000e+02
4.803188171386718750e+02
4.795391540527343750e+02
4.789556274414062500e+02
4.784546508789062500e+02
4.778394470214843750e+02
4.770055541992187500e+02
4.762480468750000000e+02
4.757460327148437500e+02
4.747284240722656250e+02
4.740610961914062500e+02
4.732557067871093750e+02
4.718614501953125000e+02
4.707350463867187500e+02
4.684256286621093750e+02
4.638544921875000000e+02
4.621455078125000000e+02
4.607095336914062500e+02
4.593184509277343750e+02
4.570220031738281250e+02
4.542319641113281250e+02
4.518326110839843750e+02
4.501881713867187500e+02
4.490784606933593750e+02
4.479383850097656250e+02
4.465373840332031250e+02
4.435933837890625000e+02
4.408624572753906250e+02
4.391567382812500000e+02
4.363936157226562500e+02
4.352067871093750000e+02
4.341875305175781250e+02
4.327197265625000000e+02
4.309091491699218750e+02
4.303449401855468750e+02
4.281682739257812500e+02
4.266925354003906250e+02
4.262134704589843750e+02
4.247950439453125000e+02
4.234823608398437500e+02
4.226378173828125000e+02
4.219913635253906250e+02
4.210041503906250000e+02
4.191228942871093750e+02
4.174894409179687500e+02
4.161591491699218750e+02
4.152421264648437500e+02
4.143636474609375000e+02
4.133233032226562500e+02
4.121240234375000000e+02
4.101838073730468750e+02
4.097835693359375000e+02
4.068216857910156250e+02
4.059360351562500000e+02
4.050854492187500000e+02
4.037829895019531250e+02
4.030955810546875000e+02
4.023146972656250000e+02
4.017100524902343750e+02
4.009982604980468750e+02
4.008290100097656250e+02
3.999573669433593750e+02
3.988805236816406250e+02
3.980553588867187500e+02
3.972673339843750000e+02
3.966483764648437500e+02
3.959305114746093750e+02
3.951347351074218750e+02
3.940973510742187500e+02
3.928780822753906250e+02
3.906987304687500000e+02
3.894710998535156250e+02
3.882016601562500000e+02
3.874328613281250000e+02
3.868078918457031250e+02
3.860600280761718750e+02
3.849603271484375000e+02
3.844533691406250000e+02
3.839085693359375000e+02
3.834503479003906250e+02
3.830376281738281250e+02
3.823868408203125000e+02
3.818567199707031250e+02
3.812800598144531250e+02
3.808344116210937500e+02
3.804908447265625000e+02
3.803409729003906250e+02
3.801512451171875000e+02
3.799721069335937500e+02
3.796615600585937500e+02
3.795122985839843750e+02
3.791863708496093750e+02
3.778792724609375000e+02
3.771835632324218750e+02
3.750065307617187500e+02
3.726237792968750000e+02
3.717226867675781250e+02
3.707937316894531250e+02
3.694962768554687500e+02
3.687492980957031250e+02
3.681933593750000000e+02
3.675178833007812500e+02
3.669617919921875000e+02
3.664647521972656250e+02
3.660444946289062500e+02
3.655050048828125000e+02
3.648757934570312500e+02
3.641796264648437500e+02
3.636011962890625000e+02
3.630689392089843750e+02
3.625002441406250000e+02
3.617217102050781250e+02
3.609382934570312500e+02
3.599213256835937500e+02
3.590714721679687500e+02
3.581698913574218750e+02
3.576522827148437500e+02
3.573817138671875000e+02
3.572346801757812500e+02
3.571736755371093750e+02
3.569072265625000000e+02
3.568127136230468750e+02
3.566071777343750000e+02
3.565187072753906250e+02
3.563750610351562500e+02
3.560480346679687500e+02
3.557638244628906250e+02
3.554195556640625000e+02
3.551882324218750000e+02
3.550507507324218750e+02
3.549667968750000000e+02
3.548128356933593750e+02
3.546033630371093750e+02
3.540815124511718750e+02
3.537440795898437500e+02
3.530752258300781250e+02
3.524363098144531250e+02
3.515305786132812500e+02
3.505642700195312500e+02
3.500492858886718750e+02
3.491484985351562500e+02
3.484662780761718750e+02
3.479632263183593750e+02
3.471885986328125000e+02
3.461734313964843750e+02
3.458150329589843750e+02
3.452486877441406250e+02
3.448345336914062500e+02
3.442917785644531250e+02
3.437521972656250000e+02
3.431493835449218750e+02
3.421651916503906250e+02
3.412133789062500000e+02
3.403781433105468750e+02
3.398445129394531250e+02
3.389787292480468750e+02
3.380582885742187500e+02
3.370113220214843750e+02
3.356910705566406250e+02
3.351445617675781250e+02
3.346161193847656250e+02
3.341571655273437500e+02
3.338763427734375000e+02
3.335938415527343750e+02
3.333825378417968750e+02
3.331048583984375000e+02
3.328475952148437500e+02
3.326869812011718750e+02
3.325812377929687500e+02
3.325295104980468750e+02
3.324051208496093750e+02
3.323046264648437500e+02
3.321876525878906250e+02
3.320652160644531250e+02
3.319940185546875000e+02
3.317174377441406250e+02
3.314784545898437500e+02
3.312127685546875000e+02
3.310912780761718750e+02
3.307630615234375000e+02
3.298077697753906250e+02
3.289486694335937500e+02
3.281694946289062500e+02
3.275461120605468750e+02
3.267037963867187500e+02
3.263346557617187500e+02
3.258489990234375000e+02
3.253034667968750000e+02
3.245834350585937500e+02
3.239196777343750000e+02
3.237696533203125000e+02
3.230395202636718750e+02
3.225938720703125000e+02
3.218717346191406250e+02
3.209441528320312500e+02
3.203553771972656250e+02
3.197762756347656250e+02
3.190681152343750000e+02
3.184964904785156250e+02
3.175377807617187500e+02
3.166882934570312500e+02
3.154383239746093750e+02
3.133349609375000000e+02
3.124314575195312500e+02
3.107610168457031250e+02
3.100083007812500000e+02
3.092647399902343750e+02
3.086489562988281250e+02
3.078695678710937500e+02
3.062540588378906250e+02
3.050333557128906250e+02
3.044872436523437500e+02
3.040746459960937500e+02
3.039014892578125000e+02
3.037398681640625000e+02
3.035476684570312500e+02
3.032790222167968750e+02
3.029236145019531250e+02
3.027650451660156250e+02
3.022999267578125000e+02
3.014164733886718750e+02
3.004458007812500000e+02
2.995463256835937500e+02
2.991004943847656250e+02
2.986004028320312500e+02
2.983708496093750000e+02
2.982625122070312500e+02
2.981859741210937500e+02
2.980380859375000000e+02
2.978077697753906250e+02
2.974695739746093750e+02
2.970456542968750000e+02
2.967309265136718750e+02
2.963967590332031250e+02
2.961980285644531250e+02
2.957329711914062500e+02
2.955356445312500000e+02
2.953122863769531250e+02
2.949704284667968750e+02
2.945640869140625000e+02
2.942544250488281250e+02
2.939151306152343750e+02
2.938554687500000000e+02
2.934873657226562500e+02
2.932920532226562500e+02
2.930852966308593750e+02
2.928854370117187500e+02
2.928014831542968750e+02
2.927026977539062500e+02
2.925898437500000000e+02
2.925149230957031250e+02
2.924064941406250000e+02
2.922709960937500000e+02
2.921348571777343750e+02
2.919582824707031250e+02
2.918202209472656250e+02
2.915541381835937500e+02
2.913785400390625000e+02
2.911186828613281250e+02
2.909436645507812500e+02
2.907043151855468750e+02
2.904818725585937500e+02
2.903001098632812500e+02
2.901528320312500000e+02
2.900668640136718750e+02
2.900251159667968750e+02
2.899664001464843750e+02
2.899336242675781250e+02
2.898129272460937500e+02
2.896720275878906250e+02
2.893753051757812500e+02
2.885882873535156250e+02
2.878320617675781250e+02
2.873513183593750000e+02
2.868566894531250000e+02
2.860717468261718750e+02
2.856132507324218750e+02
2.853793640136718750e+02
2.851166992187500000e+02
2.847773437500000000e+02
2.845614013671875000e+02
2.843576049804687500e+02
2.841933898925781250e+02
2.839995727539062500e+02
2.836813354492187500e+02
2.831477661132812500e+02
2.828035888671875000e+02
2.820137939453125000e+02
2.810234375000000000e+02
2.807588195800781250e+02
2.804724731445312500e+02
2.803458557128906250e+02
2.802393493652343750e+02
2.799959716796875000e+02
2.795668945312500000e+02
2.790275268554687500e+02
2.783545532226562500e+02
2.779822692871093750e+02
2.778002014160156250e+02
2.776031799316406250e+02
2.774503784179687500e+02
2.771656188964843750e+02
2.769295043945312500e+02
2.764185180664062500e+02
2.759168395996093750e+02
2.754955139160156250e+02
2.754171142578125000e+02
2.752946166992187500e+02
2.752312011718750000e+02
2.751443176269531250e+02
2.750645141601562500e+02
2.749808959960937500e+02
2.748764343261718750e+02
2.747844848632812500e+02
2.747012939453125000e+02
2.746120910644531250e+02
2.744360656738281250e+02
2.743346557617187500e+02
2.741858520507812500e+02
2.739550170898437500e+02
2.737134094238281250e+02
2.734913024902343750e+02
2.731841735839843750e+02
2.727676086425781250e+02
2.726058654785156250e+02
2.725236206054687500e+02
2.723712768554687500e+02
2.722821960449218750e+02
2.722284545898437500e+02
2.720661926269531250e+02
2.719075622558593750e+02
2.715416564941406250e+02
2.713956604003906250e+02
2.710031738281250000e+02
2.708609619140625000e+02
2.706752014160156250e+02
2.703713989257812500e+02
2.700065612792968750e+02
2.695402221679687500e+02
2.691274108886718750e+02
2.687931213378906250e+02
2.685104370117187500e+02
2.680722656250000000e+02
2.679064941406250000e+02
2.677626037597656250e+02
2.676891479492187500e+02
2.676754760742187500e+02
2.676448974609375000e+02
2.676350708007812500e+02
2.676206665039062500e+02
2.676026000976562500e+02
2.675769348144531250e+02
2.675400390625000000e+02
2.674710083007812500e+02
2.673998413085937500e+02
2.672279052734375000e+02
2.670543212890625000e+02
2.668916015625000000e+02
2.668241271972656250e+02
2.667383117675781250e+02
2.666477661132812500e+02
2.665841369628906250e+02
2.664400939941406250e+02
2.663327636718750000e+02
2.662202758789062500e+02
2.661402282714843750e+02
2.660728759765625000e+02
2.659753417968750000e+02
2.658955993652343750e+02
2.658126220703125000e+02
2.657291564941406250e+02
2.656940917968750000e+02
2.656264953613281250e+02
2.655792236328125000e+02
2.655508117675781250e+02
2.654967346191406250e+02
2.653894653320312500e+02
2.652446289062500000e+02
2.650754089355468750e+02
2.649567565917968750e+02
2.648161926269531250e+02
2.647141723632812500e+02
2.646157531738281250e+02
2.645244445800781250e+02
2.643363647460937500e+02
2.641037292480468750e+02
2.640027465820312500e+02
2.638321838378906250e+02
2.637072448730468750e+02
2.636540832519531250e+02
2.635868835449218750e+02
2.635131835937500000e+02
2.634316711425781250e+02
2.631837768554687500e+02
2.628348388671875000e+02
2.624216308593750000e+02
2.623374023437500000e+02
2.618585205078125000e+02
2.615762634277343750e+02
2.611503601074218750e+02
2.608175659179687500e+02
2.604871826171875000e+02
2.600945434570312500e+02
2.600036315917968750e+02
2.599629211425781250e+02
2.599433288574218750e+02
2.599062805175781250e+02
2.598712158203125000e+02
2.598176574707031250e+02
2.597767028808593750e+02
2.597371826171875000e+02
2.596611633300781250e+02
2.596043395996093750e+02
2.595561828613281250e+02
2.595000000000000000e+02
2.594408569335937500e+02
2.593842468261718750e+02
2.593555603027343750e+02
2.592755432128906250e+02
2.592328491210937500e+02
2.591499938964843750e+02
2.589999389648437500e+02
2.588097839355468750e+02
2.587420654296875000e+02
2.585414733886718750e+02
2.582657165527343750e+02
2.581152648925781250e+02
2.580239868164062500e+02
2.579097900390625000e+02
2.578472290039062500e+02
2.577694396972656250e+02
2.577027282714843750e+02
2.576558837890625000e+02
2.576158142089843750e+02
2.575563049316406250e+02
2.575046386718750000e+02
2.574338378906250000e+02
2.573064575195312500e+02
2.572346801757812500e+02
2.571522521972656250e+02
2.570102539062500000e+02
2.568973999023437500e+02
2.567005310058593750e+02
2.564547729492187500e+02
2.561720275878906250e+02
2.560014648437500000e+02
2.558815460205078125e+02
2.557972259521484375e+02
2.556923065185546875e+02
2.555641174316406250e+02
2.553645629882812500e+02
2.551611022949218750e+02
2.550506286621093750e+02
2.548471984863281250e+02
2.547217102050781250e+02
2.545184326171875000e+02
2.543490905761718750e+02
2.540822906494140625e+02
2.539201812744140625e+02
2.535650329589843750e+02
2.534746856689453125e+02
2.532311248779296875e+02
2.530555572509765625e+02
2.528710632324218750e+02
2.526014251708984375e+02
2.523518524169921875e+02
2.521940307617187500e+02
2.519277343750000000e+02
2.515311279296875000e+02
2.511620025634765625e+02
2.509888305664062500e+02
2.508548736572265625e+02
2.507950744628906250e+02
2.507383117675781250e+02
2.506897888183593750e+02
2.505495758056640625e+02
2.504680786132812500e+02
2.503276977539062500e+02
2.502568359375000000e+02
2.502010955810546875e+02
2.501251831054687500e+02
2.500529479980468750e+02
2.500190277099609375e+02
2.499386138916015625e+02
2.499033355712890625e+02
2.498570251464843750e+02
2.498163909912109375e+02
2.497963104248046875e+02
2.497848052978515625e+02
2.497684020996093750e+02
2.497597045898437500e+02
2.497452850341796875e+02
2.497275695800781250e+02
2.496936035156250000e+02
2.496592102050781250e+02
2.496420288085937500e+02
2.496316986083984375e+02
2.496236114501953125e+02
2.496018218994140625e+02
2.495953063964843750e+02
2.495897369384765625e+02
2.495724487304687500e+02
2.495532226562500000e+02
2.495314636230468750e+02
2.495086059570312500e+02
2.494761505126953125e+02
2.494425964355468750e+02
2.494070587158203125e+02
2.493719482421875000e+02
2.492885589599609375e+02
2.492290344238281250e+02
2.491872863769531250e+02
2.490479736328125000e+02
2.489396057128906250e+02
2.488237915039062500e+02
2.487214202880859375e+02
2.486455688476562500e+02
2.485846710205078125e+02
2.485041809082031250e+02
2.484360809326171875e+02
2.483849487304687500e+02
2.483221130371093750e+02
2.482752532958984375e+02
2.482301177978515625e+02
2.481682739257812500e+02
2.480799713134765625e+02
2.480372924804687500e+02
2.479991912841796875e+02
2.479768218994140625e+02
2.479570922851562500e+02
2.479256896972656250e+02
2.478588256835937500e+02
2.478309936523437500e+02
2.477551727294921875e+02
2.476554260253906250e+02
2.475765686035156250e+02
2.475172729492187500e+02
2.474768981933593750e+02
2.474569854736328125e+02
2.474440460205078125e+02
2.474399108886718750e+02
2.474340820312500000e+02
2.474265136718750000e+02
2.474200134277343750e+02
2.474081726074218750e+02
2.473946533203125000e+02
2.473812255859375000e+02
2.473700103759765625e+02
2.473522949218750000e+02
2.473427429199218750e+02
2.473120727539062500e+02
2.472687377929687500e+02
2.472408294677734375e+02
2.472013702392578125e+02
2.471702423095703125e+02
2.471399230957031250e+02
2.471017761230468750e+02
2.470925903320312500e+02
2.470426940917968750e+02
2.470349884033203125e+02
2.469996643066406250e+02
2.469715423583984375e+02
2.469255676269531250e+02
2.468799743652343750e+02
2.468403625488281250e+02
2.467764129638671875e+02
2.467517395019531250e+02
2.466747131347656250e+02
2.466065368652343750e+02
2.464912261962890625e+02
2.464530639648437500e+02
2.463352050781250000e+02
2.462002410888671875e+02
2.461495513916015625e+02
2.459974822998046875e+02
2.458929138183593750e+02
2.457844543457031250e+02
2.457264099121093750e+02
2.456611328125000000e+02
2.455881958007812500e+02
2.454983062744140625e+02
2.454262695312500000e+02
2.453064270019531250e+02
2.452284851074218750e+02
2.451188354492187500e+02
2.450197448730468750e+02
2.448677368164062500e+02
2.447482299804687500e+02
2.446312103271484375e+02
2.445768432617187500e+02
2.444619140625000000e+02
2.444232788085937500e+02
2.443500061035156250e+02
2.441674041748046875e+02
2.441217193603515625e+02
2.441018981933593750e+02
2.440585174560546875e+02
2.440371246337890625e+02
2.440004272460937500e+02
2.439372558593750000e+02
2.438759613037109375e+02
2.438066101074218750e+02
2.437699432373046875e+02
2.437540435791015625e+02
2.437348632812500000e+02
2.437168884277343750e+02
2.436892242431640625e+02
2.436694488525390625e+02
2.436522827148437500e+02
2.436337585449218750e+02
2.436131286621093750e+02
2.435978240966796875e+02
2.435843048095703125e+02
2.435749511718750000e+02
2.435611877441406250e+02
2.435408782958984375e+02
2.435223846435546875e+02
2.435005187988281250e+02
2.435001678466796875e+02
2.434899444580078125e+02
2.434837493896484375e+02
2.434786071777343750e+02
2.434774780273437500e+02
2.434753265380859375e+02
2.434708404541015625e+02
2.434647521972656250e+02
2.434604797363281250e+02
2.434548034667968750e+02
2.434528350830078125e+02
2.434439697265625000e+02
2.434416046142578125e+02
2.434304504394531250e+02
2.434263916015625000e+02
2.434202575683593750e+02
2.434137878417968750e+02
2.434088745117187500e+02
2.433930206298828125e+02
2.433871765136718750e+02
2.433713836669921875e+02
2.433609008789062500e+02
2.433430328369140625e+02
2.433192749023437500e+02
2.433132019042968750e+02
2.432703094482421875e+02
2.431420745849609375e+02
2.430789947509765625e+02
2.430555419921875000e+02
2.429837341308593750e+02
2.429648437500000000e+02
2.429477233886718750e+02
2.429350433349609375e+02
2.429032287597656250e+02
2.428877410888671875e+02
2.428812866210937500e+02
2.428671722412109375e+02
2.428524169921875000e+02
2.428465881347656250e+02
2.428274230957031250e+02
2.428062438964843750e+02
2.427998962402343750e+02
2.427787628173828125e+02
2.427635192871093750e+02
2.427378387451171875e+02
2.427248229980468750e+02
2.427044982910156250e+02
2.426851806640625000e+02
2.426699523925781250e+02
2.426585845947265625e+02
2.426434936523437500e+02
2.426290283203125000e+02
2.426098632812500000e+02
2.426004333496093750e+02
2.425694274902343750e+02
2.425655212402343750e+02
2.425370330810546875e+02
2.425167846679687500e+02
2.424974365234375000e+02
2.424891510009765625e+02
2.424851989746093750e+02
2.424746398925781250e+02
2.424640045166015625e+02
2.424550628662109375e+02
2.424515380859375000e+02
2.424430541992187500e+02
2.424381866455078125e+02
2.424226989746093750e+02
2.424019470214843750e+02
2.423881835937500000e+02
2.423698120117187500e+02
2.423544616699218750e+02
2.423216857910156250e+02
2.422969360351562500e+02
2.422791900634765625e+02
2.422554626464843750e+02
2.422364044189453125e+02
2.422182006835937500e+02
2.421914215087890625e+02
2.421762542724609375e+02
2.421600494384765625e+02
2.421438903808593750e+02
2.421316375732421875e+02
2.421219177246093750e+02
2.421140441894531250e+02
2.420979614257812500e+02
2.420713348388671875e+02
2.420579986572265625e+02
2.420305480957031250e+02
2.420101470947265625e+02
2.420038146972656250e+02
2.419938659667968750e+02
2.419870605468750000e+02
2.419749145507812500e+02
2.419648132324218750e+02
2.419573669433593750e+02
2.419547882080078125e+02
2.419449310302734375e+02
2.419391784667968750e+02
2.419340972900390625e+02
2.419227600097656250e+02
2.419089660644531250e+02
2.419075012207031250e+02
2.419016418457031250e+02
2.418876342773437500e+02
2.418724365234375000e+02
2.418517608642578125e+02
2.418232574462890625e+02
2.417879943847656250e+02
2.417478027343750000e+02
2.417343750000000000e+02
2.416767272949218750e+02
2.416173400878906250e+02
2.415475158691406250e+02
2.414640197753906250e+02
2.413697662353515625e+02
2.412812957763671875e+02
2.411911926269531250e+02
2.411322326660156250e+02
2.410447235107421875e+02
2.409507446289062500e+02
2.408847351074218750e+02
2.408775329589843750e+02
2.408147277832031250e+02
2.407949676513671875e+02
2.407581176757812500e+02
2.406930847167968750e+02
2.406486511230468750e+02
2.405772705078125000e+02
2.405207519531250000e+02
2.404220733642578125e+02
2.403988037109375000e+02
2.403565979003906250e+02
2.403121337890625000e+02
2.402766418457031250e+02
2.402212829589843750e+02
2.401850280761718750e+02
2.401493530273437500e+02
2.400994873046875000e+02
2.400742492675781250e+02
2.400369873046875000e+02
2.400172882080078125e+02
2.399694976806640625e+02
2.399272003173828125e+02
2.399048309326171875e+02
2.398733825683593750e+02
2.398566894531250000e+02
2.398158569335937500e+02
2.397972717285156250e+02
2.397875366210937500e+02
2.397835235595703125e+02
2.397785339355468750e+02
2.397740173339843750e+02
2.397683715820312500e+02
2.397590026855468750e+02
2.397490234375000000e+02
2.397280578613281250e+02
2.397261199951171875e+02
2.397010955810546875e+02
2.396752929687500000e+02
2.396648254394531250e+02
2.396542968750000000e+02
2.396425170898437500e+02
2.396246032714843750e+02
2.395998687744140625e+02
2.395645599365234375e+02
2.395507965087890625e+02
2.395349121093750000e+02
2.395172882080078125e+02
2.395099029541015625e+02
2.394990692138671875e+02
2.394744873046875000e+02
2.394678344726562500e+02
2.394423828125000000e+02
2.394283294677734375e+02
2.394171752929687500e+02
2.394115753173828125e+02
2.394014282226562500e+02
2.393998107910156250e+02
2.393951721191406250e+02
2.393951721191406250e+02
2.393951721191406250e+02
