6.295722167968750000e+03
6.291097167968750000e+03
6.286057128906250000e+03
6.276782226562500000e+03
6.266720214843750000e+03
6.247897460937500000e+03
6.216441406250000000e+03
6.178860839843750000e+03
6.147702148437500000e+03
6.112667968750000000e+03
6.078920410156250000e+03
6.032792480468750000e+03
5.966833496093750000e+03
5.897860839843750000e+03
5.829952148437500000e+03
5.751938964843750000e+03
5.666168457031250000e+03
5.582805175781250000e+03
5.515558593750000000e+03
5.450092285156250000e+03
5.382643066406250000e+03
5.309097656250000000e+03
5.230573242187500000e+03
5.136153320312500000e+03
5.043584960937500000e+03
4.968770507812500000e+03
4.902022949218750000e+03
4.852750488281250000e+03
4.803925292968750000e+03
4.759450195312500000e+03
4.710285644531250000e+03
4.664732910156250000e+03
4.607770019531250000e+03
4.561345214843750000e+03
4.518361328125000000e+03
4.472874511718750000e+03
4.428395996093750000e+03
4.406988281250000000e+03
4.377463378906250000e+03
4.353902343750000000e+03
4.353196289062500000e+03
4.325487792968750000e+03
4.275426757812500000e+03
4.251033203125000000e+03
4.222218750000000000e+03
4.222591796875000000e+03
4.171725585937500000e+03
4.147976562500000000e+03
4.082610595703125000e+03
4.053864746093750000e+03
4.039286376953125000e+03
4.024970703125000000e+03
3.976708496093750000e+03
3.971099853515625000e+03
3.952507080078125000e+03
3.952722167968750000e+03
3.952364013671875000e+03
3.939599853515625000e+03
3.917835937500000000e+03
3.889418945312500000e+03
3.869830566406250000e+03
3.878315917968750000e+03
3.876872802734375000e+03
3.861813720703125000e+03
3.834668945312500000e+03
3.832191406250000000e+03
3.828534179687500000e+03
3.835915771484375000e+03
3.813049804687500000e+03
3.799455078125000000e+03
3.783318115234375000e+03
3.777790039062500000e+03
3.771400878906250000e+03
3.769197265625000000e+03
3.766630126953125000e+03
3.752679443359375000e+03
3.739440429687500000e+03
3.724343505859375000e+03
3.711214599609375000e+03
3.701859375000000000e+03
3.691009521484375000e+03
3.689067382812500000e+03
3.690789306640625000e+03
3.705250976562500000e+03
3.703835693359375000e+03
3.707134765625000000e+03
3.661123535156250000e+03
3.636339843750000000e+03
3.640602539062500000e+03
3.653027343750000000e+03
3.651792724609375000e+03
3.605981445312500000e+03
3.588721435546875000e+03
3.603557128906250000e+03
3.600444824218750000e+03
3.561894531250000000e+03
3.541837402343750000e+03
3.552823242187500000e+03
3.550959960937500000e+03
3.520759521484375000e+03
3.511999267578125000e+03
3.521484130859375000e+03
3.510641601562500000e+03
3.504139404296875000e+03
3.524563232421875000e+03
3.576048339843750000e+03
3.516931152343750000e+03
3.455389404296875000e+03
3.458391601562500000e+03
3.461684570312500000e+03
3.464214599609375000e+03
3.469868408203125000e+03
3.423576171875000000e+03
3.393369384765625000e+03
3.403556152343750000e+03
3.383447021484375000e+03
3.356706787109375000e+03
3.366604248046875000e+03
3.352457275390625000e+03
3.324485839843750000e+03
3.325083007812500000e+03
3.309271484375000000e+03
3.295120117187500000e+03
3.288830078125000000e+03
3.258245361328125000e+03
3.255748535156250000e+03
3.257463378906250000e+03
3.217851562500000000e+03
3.211540039062500000e+03
3.210741455078125000e+03
3.181749511718750000e+03
3.170909179687500000e+03
3.164778320312500000e+03
3.145596191406250000e+03
3.135555175781250000e+03
3.121286132812500000e+03
3.102531494140625000e+03
3.096000000000000000e+03
3.083046630859375000e+03
3.064735107421875000e+03
3.054361083984375000e+03
3.050875244140625000e+03
3.045127197265625000e+03
3.043560302734375000e+03
3.041453613281250000e+03
3.032266845703125000e+03
2.999390625000000000e+03
2.965681152343750000e+03
2.931152587890625000e+03
2.919722412109375000e+03
2.925038574218750000e+03
2.908714843750000000e+03
2.875429931640625000e+03
2.848178710937500000e+03
2.836762207031250000e+03
2.827251953125000000e+03
2.814151855468750000e+03
2.799469238281250000e+03
2.776127929687500000e+03
2.756276855468750000e+03
2.748015380859375000e+03
2.741737304687500000e+03
2.731242919921875000e+03
2.718023193359375000e+03
2.704014404296875000e+03
2.686745605468750000e+03
2.672976074218750000e+03
2.663798583984375000e+03
2.653892089843750000e+03
2.643253906250000000e+03
2.633607910156250000e+03
2.624688476562500000e+03
2.614224121093750000e+03
2.607437500000000000e+03
2.611436523437500000e+03
2.633695556640625000e+03
2.643422363281250000e+03
2.617495361328125000e+03
2.571781250000000000e+03
2.559586914062500000e+03
2.564300048828125000e+03
2.566322753906250000e+03
2.563857177734375000e+03
2.535168457031250000e+03
2.511120605468750000e+03
2.518544921875000000e+03
2.529031250000000000e+03
2.517543457031250000e+03
2.496035400390625000e+03
2.487464111328125000e+03
2.478963134765625000e+03
2.470634765625000000e+03
2.475087646484375000e+03
2.486176025390625000e+03
2.479240478515625000e+03
2.470865722656250000e+03
2.480695068359375000e+03
2.492698730468750000e+03
2.533107910156250000e+03
2.565927734375000000e+03
2.410465820312500000e+03
2.402370117187500000e+03
2.401655029296875000e+03
2.400672119140625000e+03
2.400109863281250000e+03
2.398554443359375000e+03
2.397195312500000000e+03
2.395871826171875000e+03
2.393742675781250000e+03
2.391816406250000000e+03
2.385133789062500000e+03
2.376839111328125000e+03
2.364124511718750000e+03
2.336045654296875000e+03
2.311682861328125000e+03
2.296505126953125000e+03
2.292610839843750000e+03
2.262971191406250000e+03
2.257059570312500000e+03
2.249019775390625000e+03
2.236770507812500000e+03
2.225257324218750000e+03
2.220541992187500000e+03
2.210737304687500000e+03
2.203192138671875000e+03
2.193882568359375000e+03
2.184146972656250000e+03
2.174100585937500000e+03
2.167346923828125000e+03
2.164046875000000000e+03
2.160096923828125000e+03
2.155619140625000000e+03
2.145572753906250000e+03
2.129836425781250000e+03
2.118084716796875000e+03
2.111806396484375000e+03
2.108818847656250000e+03
2.106285156250000000e+03
2.101005859375000000e+03
2.094451416015625000e+03
2.088711669921875000e+03
2.084468261718750000e+03
2.082579833984375000e+03
2.079164306640625000e+03
2.072432617187500000e+03
2.059953613281250000e+03
2.053824462890625000e+03
2.048736328125000000e+03
2.045569091796875000e+03
2.042363037109375000e+03
2.035946533203125000e+03
2.028721435546875000e+03
2.021823242187500000e+03
2.017847534179687500e+03
2.015314453125000000e+03
2.011619750976562500e+03
2.009510375976562500e+03
2.005861694335937500e+03
2.001652221679687500e+03
1.994674682617187500e+03
1.984676635742187500e+03
1.965580200195312500e+03
1.944102050781250000e+03
1.934077758789062500e+03
1.928895629882812500e+03
1.926597900390625000e+03
1.919191162109375000e+03
1.898034423828125000e+03
1.882837158203125000e+03
1.869847045898437500e+03
1.863233154296875000e+03
1.859033569335937500e+03
1.855957763671875000e+03
1.854004272460937500e+03
1.853555664062500000e+03
1.852956298828125000e+03
1.849864501953125000e+03
1.845182739257812500e+03
1.837894287109375000e+03
1.825343627929687500e+03
1.810567993164062500e+03
1.801184692382812500e+03
1.796684204101562500e+03
1.795060058593750000e+03
1.794094848632812500e+03
1.793468627929687500e+03
1.792651367187500000e+03
1.789995849609375000e+03
1.784926757812500000e+03
1.771676147460937500e+03
1.753250976562500000e+03
1.734280761718750000e+03
1.710518432617187500e+03
1.702041870117187500e+03
1.696498535156250000e+03
1.693097534179687500e+03
1.691144775390625000e+03
1.689701660156250000e+03
1.687350708007812500e+03
1.684895751953125000e+03
1.679006835937500000e+03
1.671658447265625000e+03
1.660222900390625000e+03
1.648785522460937500e+03
1.631692138671875000e+03
1.615513305664062500e+03
1.606844238281250000e+03
1.601268798828125000e+03
1.593268920898437500e+03
1.587109375000000000e+03
1.582323852539062500e+03
1.576235717773437500e+03
1.572311035156250000e+03
1.568620849609375000e+03
1.564918701171875000e+03
1.561614868164062500e+03
1.554058593750000000e+03
1.548232421875000000e+03
1.536363281250000000e+03
1.519434082031250000e+03
1.502091064453125000e+03
1.486082275390625000e+03
1.469906860351562500e+03
1.458045776367187500e+03
1.452293579101562500e+03
1.438413696289062500e+03
1.426496215820312500e+03
1.400357543945312500e+03
1.373951293945312500e+03
1.340226684570312500e+03
1.315353393554687500e+03
1.294914184570312500e+03
1.266122680664062500e+03
1.244685302734375000e+03
1.218250366210937500e+03
1.194321533203125000e+03
1.181909179687500000e+03
1.151759155273437500e+03
1.135832153320312500e+03
1.115606933593750000e+03
1.106570434570312500e+03
1.097798095703125000e+03
1.091057495117187500e+03
1.075852416992187500e+03
1.065883056640625000e+03
1.036787841796875000e+03
9.980845947265625000e+02
9.827539062500000000e+02
9.620512084960937500e+02
9.347528686523437500e+02
9.265045776367187500e+02
9.177473144531250000e+02
8.994142456054687500e+02
8.924620971679687500e+02
8.841660766601562500e+02
8.767146606445312500e+02
8.680197753906250000e+02
8.575313110351562500e+02
8.435783691406250000e+02
8.380816650390625000e+02
8.258872680664062500e+02
8.129976196289062500e+02
7.977441406250000000e+02
7.842955932617187500e+02
7.671503906250000000e+02
7.475698852539062500e+02
7.322326660156250000e+02
7.159812622070312500e+02
6.965348510742187500e+02
6.769444580078125000e+02
6.662239379882812500e+02
6.461665649414062500e+02
6.389612426757812500e+02
6.333038330078125000e+02
6.276727905273437500e+02
6.199551391601562500e+02
6.113249511718750000e+02
6.015224609375000000e+02
5.888543701171875000e+02
5.787824707031250000e+02
5.695098876953125000e+02
5.610317382812500000e+02
5.469585571289062500e+02
5.357888183593750000e+02
5.271807861328125000e+02
5.218864746093750000e+02
5.201044311523437500e+02
5.187895507812500000e+02
5.174496459960937500e+02
5.161116943359375000e+02
5.133696899414062500e+02
5.096791687011718750e+02
5.030580444335937500e+02
4.995045776367187500e+02
4.954558105468750000e+02
4.925762939453125000e+02
4.894190063476562500e+02
4.882107849121093750e+02
4.872177124023437500e+02
4.858287353515625000e+02
4.841513671875000000e+02
4.799507446289062500e+02
4.740393676757812500e+02
4.642726440429687500e+02
4.513055725097656250e+02
4.468807678222656250e+02
4.461162719726562500e+02
4.447861633300781250e+02
4.437573242187500000e+02
4.427187500000000000e+02
4.417414245605468750e+02
4.409601440429687500e+02
4.404146423339843750e+02
4.396988525390625000e+02
4.384311218261718750e+02
4.365216674804687500e+02
4.326400146484375000e+02
4.294619140625000000e+02
4.255917968750000000e+02
4.230093383789062500e+02
4.223163757324218750e+02
4.214135437011718750e+02
4.207217102050781250e+02
4.202848510742187500e+02
4.198963317871093750e+02
4.193782043457031250e+02
4.186687622070312500e+02
4.181645507812500000e+02
4.172439880371093750e+02
4.164625244140625000e+02
4.155882568359375000e+02
4.138501281738281250e+02
4.109137268066406250e+02
4.084838562011718750e+02
4.015369567871093750e+02
3.952260131835937500e+02
3.875810852050781250e+02
3.838820495605468750e+02
3.830028381347656250e+02
3.824733886718750000e+02
3.822523193359375000e+02
3.819217224121093750e+02
3.811834106445312500e+02
3.803475341796875000e+02
3.792315063476562500e+02
3.771639404296875000e+02
3.747918395996093750e+02
3.719483642578125000e+02
3.703831176757812500e+02
3.689968261718750000e+02
3.671663513183593750e+02
3.657993164062500000e+02
3.639864501953125000e+02
3.621299743652343750e+02
3.607565002441406250e+02
3.601087646484375000e+02
3.582041320800781250e+02
3.564077758789062500e+02
3.551524353027343750e+02
3.543095703125000000e+02
3.531630554199218750e+02
3.523820800781250000e+02
3.520003662109375000e+02
3.514431457519531250e+02
3.511203002929687500e+02
3.506663818359375000e+02
3.502255859375000000e+02
3.497960510253906250e+02
3.495274353027343750e+02
3.492644348144531250e+02
3.485028076171875000e+02
3.476591186523437500e+02
3.457297973632812500e+02
3.441784667968750000e+02
3.403555603027343750e+02
3.388500671386718750e+02
3.351460266113281250e+02
3.290540466308593750e+02
3.267217102050781250e+02
3.230480651855468750e+02
3.225848999023437500e+02
3.223298950195312500e+02
3.220603942871093750e+02
3.219317321777343750e+02
3.217947082519531250e+02
3.217113342285156250e+02
3.216349792480468750e+02
3.215967407226562500e+02
3.215376892089843750e+02
3.214798278808593750e+02
3.214020080566406250e+02
3.213143920898437500e+02
3.211526489257812500e+02
3.207497863769531250e+02
3.202600708007812500e+02
3.199281616210937500e+02
3.194586791992187500e+02
3.186704101562500000e+02
3.175507507324218750e+02
3.162033691406250000e+02
3.154721374511718750e+02
3.131966552734375000e+02
3.117630920410156250e+02
3.080352783203125000e+02
3.059275817871093750e+02
3.028254394531250000e+02
3.009385070800781250e+02
2.994148559570312500e+02
2.980504760742187500e+02
2.971870117187500000e+02
2.962924499511718750e+02
2.958886413574218750e+02
2.957501525878906250e+02
2.956959228515625000e+02
2.956473083496093750e+02
2.954354858398437500e+02
2.953530273437500000e+02
2.952341613769531250e+02
2.950257263183593750e+02
2.948088378906250000e+02
2.945073852539062500e+02
2.941357116699218750e+02
2.939960021972656250e+02
2.929349060058593750e+02
2.918666992187500000e+02
2.902236938476562500e+02
2.883508605957031250e+02
2.861225585937500000e+02
2.819786071777343750e+02
2.768098754882812500e+02
2.740603637695312500e+02
2.724010925292968750e+02
2.717458496093750000e+02
2.712733154296875000e+02
2.710936279296875000e+02
2.705159301757812500e+02
2.700892639160156250e+02
2.697916870117187500e+02
2.695917053222656250e+02
2.695323181152343750e+02
2.694137878417968750e+02
2.693418273925781250e+02
2.693028564453125000e+02
2.692193603515625000e+02
2.691262512207031250e+02
2.690667419433593750e+02
2.689008789062500000e+02
2.686465148925781250e+02
2.684203186035156250e+02
2.682242736816406250e+02
2.678521118164062500e+02
2.666179809570312500e+02
2.661729125976562500e+02
2.652485046386718750e+02
2.641415710449218750e+02
2.625823364257812500e+02
2.597590637207031250e+02
2.547792663574218750e+02
2.520969543457031250e+02
2.506647796630859375e+02
2.496233825683593750e+02
2.492468261718750000e+02
2.489320678710937500e+02
2.486589202880859375e+02
2.485350036621093750e+02
2.480136413574218750e+02
2.477716979980468750e+02
2.474367218017578125e+02
2.472442779541015625e+02
2.470830078125000000e+02
2.469561767578125000e+02
2.468207855224609375e+02
2.467554016113281250e+02
2.465522003173828125e+02
2.464255523681640625e+02
2.463403320312500000e+02
2.461215667724609375e+02
2.458329162597656250e+02
2.456308746337890625e+02
2.451832733154296875e+02
2.445466766357421875e+02
2.438642578125000000e+02
2.423991699218750000e+02
2.415558929443359375e+02
2.401520996093750000e+02
2.388959503173828125e+02
2.382083740234375000e+02
2.375353698730468750e+02
2.367384948730468750e+02
2.362971038818359375e+02
2.354220733642578125e+02
2.348947296142578125e+02
2.344227447509765625e+02
2.339888305664062500e+02
2.338184814453125000e+02
2.336370391845703125e+02
2.333860778808593750e+02
2.331341094970703125e+02
2.329754943847656250e+02
2.328333740234375000e+02
2.326446533203125000e+02
2.325265045166015625e+02
2.323249511718750000e+02
2.321933898925781250e+02
2.321110687255859375e+02
2.320133056640625000e+02
2.318943023681640625e+02
2.318157958984375000e+02
2.316997985839843750e+02
2.316570434570312500e+02
2.315611724853515625e+02
2.313804321289062500e+02
2.312998962402343750e+02
2.309903869628906250e+02
2.306947937011718750e+02
2.304652252197265625e+02
2.302872772216796875e+02
2.301198425292968750e+02
2.298681488037109375e+02
2.294246215820312500e+02
2.291236419677734375e+02
2.287977142333984375e+02
2.283311157226562500e+02
2.271986083984375000e+02
2.255090942382812500e+02
2.237714538574218750e+02
2.227358093261718750e+02
2.208362274169921875e+02
2.199534606933593750e+02
2.193116149902343750e+02
2.184917602539062500e+02
2.180419616699218750e+02
2.175511932373046875e+02
2.170958099365234375e+02
2.167378845214843750e+02
2.163272705078125000e+02
2.162279815673828125e+02
2.160441436767578125e+02
2.157646789550781250e+02
2.155714569091796875e+02
2.153214111328125000e+02
2.151509399414062500e+02
2.150939025878906250e+02
2.150556030273437500e+02
2.150179138183593750e+02
2.149809265136718750e+02
2.149274444580078125e+02
2.149044342041015625e+02
2.148184661865234375e+02
2.147169189453125000e+02
2.145460205078125000e+02
2.143267211914062500e+02
2.141050567626953125e+02
2.137981262207031250e+02
2.135129394531250000e+02
2.128579101562500000e+02
2.120938110351562500e+02
2.113836059570312500e+02
2.104141235351562500e+02
2.096522674560546875e+02
2.085025787353515625e+02
2.074855957031250000e+02
2.067038726806640625e+02
2.063192138671875000e+02
2.058551788330078125e+02
2.053567199707031250e+02
2.036277770996093750e+02
2.023753204345703125e+02
2.014913635253906250e+02
2.007002410888671875e+02
2.000059814453125000e+02
1.995279083251953125e+02
1.990363006591796875e+02
1.984991455078125000e+02
1.980214385986328125e+02
1.975988464355468750e+02
1.971065368652343750e+02
1.965951385498046875e+02
1.961871337890625000e+02
1.957476654052734375e+02
1.955975952148437500e+02
1.955047302246093750e+02
1.945946044921875000e+02
1.938185119628906250e+02
1.934070739746093750e+02
1.928815460205078125e+02
1.922153320312500000e+02
1.916076660156250000e+02
1.911637420654296875e+02
1.909216308593750000e+02
1.907396240234375000e+02
1.906931152343750000e+02
1.905398864746093750e+02
1.904125823974609375e+02
1.903142700195312500e+02
1.902367095947265625e+02
1.901706085205078125e+02
1.900967559814453125e+02
1.900425109863281250e+02
1.899743499755859375e+02
1.898690948486328125e+02
1.897451782226562500e+02
1.896691436767578125e+02
1.895871734619140625e+02
1.895449676513671875e+02
1.894747161865234375e+02
1.893526611328125000e+02
1.891267395019531250e+02
1.889729003906250000e+02
1.888385772705078125e+02
1.887729644775390625e+02
1.887371520996093750e+02
1.886557617187500000e+02
1.885832214355468750e+02
1.884877166748046875e+02
1.883851318359375000e+02
1.882366180419921875e+02
1.881248626708984375e+02
1.880188140869140625e+02
1.879146881103515625e+02
1.878409881591796875e+02
1.877435150146484375e+02
1.876526031494140625e+02
1.875151672363281250e+02
1.873403015136718750e+02
1.872151947021484375e+02
1.871103363037109375e+02
1.869829711914062500e+02
1.868238525390625000e+02
1.865764770507812500e+02
1.863831634521484375e+02
1.861995239257812500e+02
1.860144042968750000e+02
1.858524322509765625e+02
1.856782379150390625e+02
1.854620666503906250e+02
1.851868286132812500e+02
1.851280517578125000e+02
1.847927246093750000e+02
1.846747436523437500e+02
1.845364532470703125e+02
1.844297943115234375e+02
1.843568572998046875e+02
1.842107543945312500e+02
1.840402679443359375e+02
1.838075561523437500e+02
1.836398162841796875e+02
1.835693664550781250e+02
1.834736022949218750e+02
1.834283447265625000e+02
1.833741149902343750e+02
1.832980804443359375e+02
1.831755523681640625e+02
1.830581817626953125e+02
1.829526062011718750e+02
1.828927001953125000e+02
1.827914428710937500e+02
1.827105102539062500e+02
1.826552124023437500e+02
1.825969085693359375e+02
1.825602874755859375e+02
1.825104675292968750e+02
1.824711761474609375e+02
1.824255065917968750e+02
1.823830261230468750e+02
1.823123168945312500e+02
1.821813049316406250e+02
1.821043243408203125e+02
1.820314483642578125e+02
1.818854522705078125e+02
1.816798553466796875e+02
1.814367370605468750e+02
1.812974395751953125e+02
1.811688385009765625e+02
1.810434112548828125e+02
1.809823760986328125e+02
1.809082946777343750e+02
1.808522033691406250e+02
1.807079620361328125e+02
1.805455017089843750e+02
1.804031372070312500e+02
1.803030395507812500e+02
1.801953430175781250e+02
1.801273193359375000e+02
1.800855865478515625e+02
1.800117492675781250e+02
1.799264831542968750e+02
1.798251342773437500e+02
1.796610717773437500e+02
1.796337585449218750e+02
1.795960235595703125e+02
1.794789123535156250e+02
1.793402709960937500e+02
1.791987304687500000e+02
1.790389099121093750e+02
1.789368591308593750e+02
1.788106384277343750e+02
1.786576843261718750e+02
1.784510345458984375e+02
1.783297576904296875e+02
1.781965942382812500e+02
1.780446319580078125e+02
1.779283142089843750e+02
1.777519073486328125e+02
1.776505889892578125e+02
1.774617309570312500e+02
1.770801849365234375e+02
1.767242736816406250e+02
1.765519714355468750e+02
1.764461822509765625e+02
1.763052368164062500e+02
1.761827392578125000e+02
1.759631347656250000e+02
1.758097381591796875e+02
1.757100067138671875e+02
1.756198730468750000e+02
1.754645080566406250e+02
1.752564392089843750e+02
1.751908721923828125e+02
1.749893798828125000e+02
1.747101135253906250e+02
1.744633941650390625e+02
1.740652618408203125e+02
1.739385375976562500e+02
1.737352142333984375e+02
1.735877227783203125e+02
1.734770965576171875e+02
1.733769989013671875e+02
1.732395629882812500e+02
1.731165466308593750e+02
1.730380859375000000e+02
1.728605957031250000e+02
1.726335754394531250e+02
1.722751770019531250e+02
1.719117736816406250e+02
1.716490173339843750e+02
1.713379211425781250e+02
1.711777954101562500e+02
1.710014190673828125e+02
1.708782348632812500e+02
1.707599945068359375e+02
1.705734405517578125e+02
1.702447967529296875e+02
1.701275939941406250e+02
1.698574523925781250e+02
1.697062530517578125e+02
1.694323272705078125e+02
1.690658569335937500e+02
1.687528076171875000e+02
1.685706787109375000e+02
1.684103698730468750e+02
1.681857147216796875e+02
1.678747253417968750e+02
1.677654113769531250e+02
1.674751281738281250e+02
1.673309326171875000e+02
1.671260070800781250e+02
1.669696044921875000e+02
1.668553466796875000e+02
1.667430877685546875e+02
1.666560058593750000e+02
1.665077819824218750e+02
1.663091430664062500e+02
1.662045440673828125e+02
1.659241485595703125e+02
1.657450256347656250e+02
1.654633941650390625e+02
1.653800659179687500e+02
1.651871490478515625e+02
1.650454101562500000e+02
1.649558105468750000e+02
1.648790588378906250e+02
1.647811889648437500e+02
1.647079162597656250e+02
1.646398010253906250e+02
1.645187835693359375e+02
1.644263916015625000e+02
1.643483734130859375e+02
1.643353576660156250e+02
1.642677307128906250e+02
1.642447814941406250e+02
1.641912841796875000e+02
1.641450500488281250e+02
1.640902099609375000e+02
1.640559692382812500e+02
1.640064849853515625e+02
1.639579010009765625e+02
1.639262390136718750e+02
1.639002075195312500e+02
1.638753967285156250e+02
1.638263244628906250e+02
1.637889099121093750e+02
1.637466125488281250e+02
1.636916503906250000e+02
1.636183319091796875e+02
1.635977478027343750e+02
1.635027160644531250e+02
1.633308563232421875e+02
1.630680999755859375e+02
1.627938537597656250e+02
1.627681884765625000e+02
1.625381317138671875e+02
1.624683074951171875e+02
1.623903503417968750e+02
1.622887268066406250e+02
1.622083129882812500e+02
1.621442565917968750e+02
1.620797729492187500e+02
1.620326995849609375e+02
1.619702758789062500e+02
1.619297485351562500e+02
1.618631896972656250e+02
1.618074188232421875e+02
1.617009582519531250e+02
1.616444702148437500e+02
1.615211334228515625e+02
1.614629821777343750e+02
1.614229125976562500e+02
1.613018188476562500e+02
1.610020141601562500e+02
1.605864868164062500e+02
1.601373291015625000e+02
1.599097747802734375e+02
1.598193664550781250e+02
1.597650604248046875e+02
1.596990509033203125e+02
1.595941009521484375e+02
1.594714965820312500e+02
1.593688659667968750e+02
1.593189239501953125e+02
1.592622833251953125e+02
1.592261199951171875e+02
1.591925201416015625e+02
1.591752777099609375e+02
1.591571197509765625e+02
1.591365814208984375e+02
1.591146850585937500e+02
1.590884094238281250e+02
1.590616760253906250e+02
1.590363922119140625e+02
1.590063781738281250e+02
1.589723205566406250e+02
1.589195404052734375e+02
1.588445129394531250e+02
1.587556762695312500e+02
1.586631622314453125e+02
1.585324707031250000e+02
1.584297790527343750e+02
1.583281555175781250e+02
1.582389373779296875e+02
1.581106872558593750e+02
1.579655609130859375e+02
1.578214416503906250e+02
1.576450195312500000e+02
1.575231018066406250e+02
1.573991241455078125e+02
1.573184661865234375e+02
1.571039733886718750e+02
1.569321594238281250e+02
1.567162170410156250e+02
1.564359436035156250e+02
1.560477447509765625e+02
1.555710449218750000e+02
1.551508636474609375e+02
1.546526794433593750e+02
1.543413391113281250e+02
1.541545562744140625e+02
1.538845214843750000e+02
1.535391693115234375e+02
1.534636840820312500e+02
1.532557830810546875e+02
1.530907592773437500e+02
1.529910125732421875e+02
1.528928833007812500e+02
1.527241210937500000e+02
1.524783477783203125e+02
1.523421478271484375e+02
1.522602539062500000e+02
1.522320404052734375e+02
1.521641845703125000e+02
1.520625305175781250e+02
1.519442443847656250e+02
1.518573455810546875e+02
1.517653045654296875e+02
1.516818084716796875e+02
1.515081634521484375e+02
1.513579101562500000e+02
1.511099243164062500e+02
1.509158935546875000e+02
1.508402862548828125e+02
1.506965484619140625e+02
1.505520782470703125e+02
1.504564056396484375e+02
1.503795166015625000e+02
1.503263244628906250e+02
1.502761535644531250e+02
1.502348785400390625e+02
1.501840972900390625e+02
1.501391754150390625e+02
1.500648803710937500e+02
1.499867858886718750e+02
1.498995208740234375e+02
1.497702789306640625e+02
1.496127624511718750e+02
1.494861907958984375e+02
1.494493713378906250e+02
1.493808593750000000e+02
1.492932434082031250e+02
1.491882781982421875e+02
1.491695404052734375e+02
1.491008300781250000e+02
1.490520477294921875e+02
1.490107421875000000e+02
1.489696197509765625e+02
1.489273376464843750e+02
1.488876190185546875e+02
1.488548278808593750e+02
1.488223266601562500e+02
1.487891845703125000e+02
1.487291564941406250e+02
1.486680755615234375e+02
1.486354980468750000e+02
1.486194915771484375e+02
1.485413818359375000e+02
1.484999237060546875e+02
1.484565734863281250e+02
1.483374938964843750e+02
1.480933990478515625e+02
1.479608764648437500e+02
1.476963348388671875e+02
1.475035247802734375e+02
1.473562316894531250e+02
1.472740783691406250e+02
1.472224884033203125e+02
1.471482391357421875e+02
1.470825500488281250e+02
1.470117797851562500e+02
1.469172973632812500e+02
1.468420410156250000e+02
1.467114562988281250e+02
1.466735687255859375e+02
1.466331939697265625e+02
1.465880737304687500e+02
1.465686950683593750e+02
1.465439453125000000e+02
1.465204010009765625e+02
1.464991149902343750e+02
1.464869079589843750e+02
1.464732055664062500e+02
1.464520416259765625e+02
1.464373016357421875e+02
1.463965606689453125e+02
1.463512878417968750e+02
1.463063507080078125e+02
1.462154235839843750e+02
1.461617126464843750e+02
1.460863342285156250e+02
1.460171356201171875e+02
1.459408569335937500e+02
1.458715515136718750e+02
1.458060455322265625e+02
1.457428894042968750e+02
1.457076110839843750e+02
1.456785888671875000e+02
1.456667785644531250e+02
1.456452941894531250e+02
1.456047058105468750e+02
1.455782775878906250e+02
1.455276794433593750e+02
1.455029144287109375e+02
1.454846038818359375e+02
1.454749908447265625e+02
1.454626159667968750e+02
1.454385833740234375e+02
1.454235076904296875e+02
1.454087219238281250e+02
1.453976745605468750e+02
1.453737792968750000e+02
1.453361206054687500e+02
1.453060302734375000e+02
1.452630462646484375e+02
1.452225952148437500e+02
1.451952972412109375e+02
1.451587219238281250e+02
1.451400146484375000e+02
1.450935363769531250e+02
1.450414733886718750e+02
1.449684753417968750e+02
1.449148864746093750e+02
1.448894348144531250e+02
1.448081817626953125e+02
1.447552185058593750e+02
1.447510375976562500e+02
1.446415863037109375e+02
1.445040283203125000e+02
1.443210144042968750e+02
1.441357879638671875e+02
1.437611694335937500e+02
1.435429687500000000e+02
1.432643127441406250e+02
1.431244964599609375e+02
1.430554504394531250e+02
1.429785614013671875e+02
1.429304504394531250e+02
1.428314361572265625e+02
1.428023376464843750e+02
1.427469177246093750e+02
1.426943359375000000e+02
1.426446990966796875e+02
1.425952453613281250e+02
1.425520324707031250e+02
1.424886016845703125e+02
1.424709930419921875e+02
1.424026794433593750e+02
1.423282470703125000e+02
1.422666168212890625e+02
1.421825103759765625e+02
1.420958709716796875e+02
1.420263977050781250e+02
1.419797210693359375e+02
1.418936767578125000e+02
1.418378601074218750e+02
1.417487487792968750e+02
1.416812744140625000e+02
1.416240692138671875e+02
1.415692749023437500e+02
1.414738006591796875e+02
1.414518280029296875e+02
1.413704528808593750e+02
1.412766876220703125e+02
1.412195434570312500e+02
1.411272888183593750e+02
1.410445404052734375e+02
1.409683227539062500e+02
1.409494628906250000e+02
1.408640441894531250e+02
1.408344573974609375e+02
1.407683105468750000e+02
1.406104736328125000e+02
1.404853973388671875e+02
1.403757019042968750e+02
1.403164062500000000e+02
1.402801055908203125e+02
1.402244415283203125e+02
1.401652069091796875e+02
1.401123809814453125e+02
1.400973052978515625e+02
1.400736999511718750e+02
1.400502471923828125e+02
1.400293273925781250e+02
1.399887237548828125e+02
1.399739227294921875e+02
1.399511108398437500e+02
1.399380950927734375e+02
1.399230041503906250e+02
1.398900909423828125e+02
1.398404388427734375e+02
1.397550354003906250e+02
1.397006072998046875e+02
1.396586608886718750e+02
1.396192932128906250e+02
1.396032714843750000e+02
1.395771484375000000e+02
1.395601806640625000e+02
1.394733886718750000e+02
1.394516601562500000e+02
1.393944091796875000e+02
1.393451690673828125e+02
1.393221435546875000e+02
1.393022613525390625e+02
1.392551269531250000e+02
1.391617736816406250e+02
1.390802154541015625e+02
1.389695281982421875e+02
1.388766784667968750e+02
1.388203125000000000e+02
1.386743621826171875e+02
1.385980377197265625e+02
1.384617919921875000e+02
1.383462524414062500e+02
1.382425994873046875e+02
1.381440429687500000e+02
1.381025543212890625e+02
1.380425415039062500e+02
1.379619750976562500e+02
1.379043884277343750e+02
1.378187255859375000e+02
1.376819152832031250e+02
1.374765625000000000e+02
1.371592254638671875e+02
1.369582519531250000e+02
1.367959289550781250e+02
1.366441955566406250e+02
1.365704803466796875e+02
1.364837036132812500e+02
1.364343261718750000e+02
1.363725738525390625e+02
1.363468475341796875e+02
1.362553558349609375e+02
1.361692657470703125e+02
1.360653076171875000e+02
1.359195861816406250e+02
1.358061981201171875e+02
1.357348632812500000e+02
1.356715087890625000e+02
1.356129455566406250e+02
1.355477600097656250e+02
1.354748840332031250e+02
1.353927001953125000e+02
1.352638702392578125e+02
1.352023010253906250e+02
1.350938262939453125e+02
1.350373229980468750e+02
1.350090637207031250e+02
1.349245605468750000e+02
1.348789062500000000e+02
1.347792816162109375e+02
1.346723022460937500e+02
1.344553833007812500e+02
1.342120666503906250e+02
1.341047363281250000e+02
1.339195404052734375e+02
1.338300476074218750e+02
1.337807769775390625e+02
1.337131652832031250e+02
1.336282196044921875e+02
1.335064086914062500e+02
1.334020996093750000e+02
1.332989349365234375e+02
1.331210632324218750e+02
1.328840179443359375e+02
1.327937011718750000e+02
1.324868469238281250e+02
1.323702087402343750e+02
1.323164672851562500e+02
1.322938842773437500e+02
1.322027282714843750e+02
1.321462707519531250e+02
1.320837402343750000e+02
1.320448455810546875e+02
1.320154113769531250e+02
1.319602661132812500e+02
1.319082031250000000e+02
1.318568572998046875e+02
1.317882995605468750e+02
1.317044982910156250e+02
1.315480041503906250e+02
1.313897705078125000e+02
1.312662658691406250e+02
1.312021331787109375e+02
1.311390533447265625e+02
1.310844879150390625e+02
1.309212036132812500e+02
1.307438507080078125e+02
1.305477905273437500e+02
1.305260314941406250e+02
1.303838653564453125e+02
1.303317565917968750e+02
1.302534179687500000e+02
1.301790008544921875e+02
1.301163635253906250e+02
1.300862426757812500e+02
1.300562133789062500e+02
1.300054473876953125e+02
1.299750976562500000e+02
1.298872528076171875e+02
1.298180541992187500e+02
1.297185821533203125e+02
1.296712799072265625e+02
1.295060119628906250e+02
1.294264373779296875e+02
1.293316345214843750e+02
1.292747802734375000e+02
1.291726379394531250e+02
1.289180145263671875e+02
1.288285827636718750e+02
1.286068267822265625e+02
1.283990783691406250e+02
1.282664337158203125e+02
1.282382659912109375e+02
1.281674041748046875e+02
1.281236877441406250e+02
1.280553894042968750e+02
1.279873352050781250e+02
1.278801727294921875e+02
1.277983245849609375e+02
1.277075424194335938e+02
1.276558837890625000e+02
1.275863723754882812e+02
1.275172729492187500e+02
1.274233703613281250e+02
1.273502578735351562e+02
1.272576370239257812e+02
1.271518859863281250e+02
1.270044479370117188e+02
1.269170608520507812e+02
1.268094787597656250e+02
1.267372283935546875e+02
1.266632080078125000e+02
1.266202239990234375e+02
1.265894165039062500e+02
1.265693588256835938e+02
1.265413818359375000e+02
1.265077362060546875e+02
1.264405517578125000e+02
1.264305496215820312e+02
1.263699035644531250e+02
1.263216857910156250e+02
1.262445297241210938e+02
1.261941070556640625e+02
1.261863479614257812e+02
1.261641540527343750e+02
1.261522827148437500e+02
1.261431732177734375e+02
1.261220855712890625e+02
1.260809936523437500e+02
1.260556716918945312e+02
1.260398406982421875e+02
1.260238418579101562e+02
1.260036315917968750e+02
1.259628372192382812e+02
1.259454040527343750e+02
1.258711395263671875e+02
1.258331756591796875e+02
1.258005218505859375e+02
1.257769699096679688e+02
1.257435455322265625e+02
1.257143402099609375e+02
1.256716461181640625e+02
1.256220397949218750e+02
1.255668869018554688e+02
1.255214614868164062e+02
1.254844741821289062e+02
1.254287033081054688e+02
1.253668975830078125e+02
1.252876586914062500e+02
1.251902847290039062e+02
1.250817642211914062e+02
1.250455017089843750e+02
1.250276489257812500e+02
1.249549942016601562e+02
1.248943634033203125e+02
1.248357620239257812e+02
1.247591018676757812e+02
1.247119979858398438e+02
1.246846466064453125e+02
1.246790008544921875e+02
1.246654663085937500e+02
1.246501312255859375e+02
1.246228942871093750e+02
1.245961761474609375e+02
1.245765151977539062e+02
1.245656509399414062e+02
1.245535430908203125e+02
1.245416259765625000e+02
1.245258789062500000e+02
1.245062255859375000e+02
1.244958343505859375e+02
1.244652709960937500e+02
1.244343566894531250e+02
1.243897247314453125e+02
1.243387680053710938e+02
1.243099288940429688e+02
1.242537689208984375e+02
1.241990356445312500e+02
1.241590347290039062e+02
1.241009674072265625e+02
1.240585021972656250e+02
1.239594116210937500e+02
1.238672332763671875e+02
1.238186950683593750e+02
1.236512145996093750e+02
1.235701751708984375e+02
1.234877929687500000e+02
1.233865737915039062e+02
1.232479476928710938e+02
1.231243896484375000e+02
1.229996185302734375e+02
1.229300689697265625e+02
1.228873977661132812e+02
1.228686218261718750e+02
1.228414154052734375e+02
1.228324279785156250e+02
1.227893371582031250e+02
1.227247924804687500e+02
1.226587829589843750e+02
1.225972900390625000e+02
1.225194244384765625e+02
1.224266815185546875e+02
1.223716430664062500e+02
1.222996520996093750e+02
1.222733078002929688e+02
1.221549682617187500e+02
1.220826873779296875e+02
1.219367065429687500e+02
1.218728866577148438e+02
1.217952575683593750e+02
1.217719573974609375e+02
1.217113037109375000e+02
1.216635131835937500e+02
1.215996246337890625e+02
1.215682525634765625e+02
1.215099639892578125e+02
1.214608306884765625e+02
1.213839797973632812e+02
1.213036956787109375e+02
1.212261962890625000e+02
1.211424407958984375e+02
1.211060028076171875e+02
1.210601348876953125e+02
1.210265197753906250e+02
1.210044097900390625e+02
1.209885864257812500e+02
1.209632110595703125e+02
1.209419708251953125e+02
1.209367752075195312e+02
1.209172973632812500e+02
1.208966674804687500e+02
1.208671722412109375e+02
1.208357086181640625e+02
1.207958908081054688e+02
1.207440032958984375e+02
1.207079772949218750e+02
1.206917877197265625e+02
1.206668853759765625e+02
1.206377105712890625e+02
1.206228332519531250e+02
1.206011199951171875e+02
1.205691070556640625e+02
1.205445175170898438e+02
1.205084609985351562e+02
1.204754409790039062e+02
1.204619598388671875e+02
1.204516143798828125e+02
1.204402084350585938e+02
1.204225463867187500e+02
1.204065856933593750e+02
1.203837280273437500e+02
1.203742904663085938e+02
1.203419799804687500e+02
1.203023376464843750e+02
1.202541351318359375e+02
1.202098007202148438e+02
1.201576995849609375e+02
1.200900268554687500e+02
1.200317077636718750e+02
1.199773101806640625e+02
1.199544372558593750e+02
1.199285278320312500e+02
1.198971252441406250e+02
1.198195495605468750e+02
1.197743148803710938e+02
1.197374496459960938e+02
1.196930694580078125e+02
1.196641998291015625e+02
1.196304931640625000e+02
1.195938568115234375e+02
1.195507659912109375e+02
1.195324707031250000e+02
1.194911346435546875e+02
1.194637756347656250e+02
1.194339447021484375e+02
1.194265899658203125e+02
1.193884658813476562e+02
1.193272552490234375e+02
1.192608489990234375e+02
1.191938247680664062e+02
1.190897216796875000e+02
1.190771255493164062e+02
1.189861679077148438e+02
1.189048233032226562e+02
1.188401641845703125e+02
1.187793579101562500e+02
1.187321319580078125e+02
1.186947479248046875e+02
1.186652069091796875e+02
1.186323699951171875e+02
1.185780792236328125e+02
1.184658203125000000e+02
1.183972473144531250e+02
1.182668609619140625e+02
1.181552124023437500e+02
1.181267852783203125e+02
1.180281600952148438e+02
1.179478836059570312e+02
1.178835067749023438e+02
1.178489532470703125e+02
1.178328628540039062e+02
1.178087005615234375e+02
1.177866744995117188e+02
1.177285919189453125e+02
1.177080688476562500e+02
1.176142578125000000e+02
1.175423126220703125e+02
1.174459533691406250e+02
1.173864974975585938e+02
1.173258743286132812e+02
1.172638397216796875e+02
1.172039184570312500e+02
1.171936645507812500e+02
1.171822814941406250e+02
1.171703186035156250e+02
1.171463546752929688e+02
1.171022491455078125e+02
1.170389862060546875e+02
1.170021286010742188e+02
1.169436187744140625e+02
1.169107513427734375e+02
1.168955078125000000e+02
1.168868942260742188e+02
1.168797760009765625e+02
1.168708496093750000e+02
1.168571166992187500e+02
1.168388214111328125e+02
1.168271636962890625e+02
1.168106765747070312e+02
1.168001403808593750e+02
1.167877807617187500e+02
1.167783203125000000e+02
1.167568664550781250e+02
1.167348632812500000e+02
1.167124404907226562e+02
1.166664657592773438e+02
1.166490097045898438e+02
1.166220397949218750e+02
1.165528259277343750e+02
1.165162353515625000e+02
1.164771499633789062e+02
1.164200286865234375e+02
1.164056854248046875e+02
1.163362579345703125e+02
1.163114929199218750e+02
1.162892913818359375e+02
1.162684631347656250e+02
1.162518310546875000e+02
1.162293624877929688e+02
1.162136001586914062e+02
1.162075729370117188e+02
1.162035140991210938e+02
1.161877899169921875e+02
1.161764068603515625e+02
1.161659393310546875e+02
1.161530914306640625e+02
1.161361083984375000e+02
1.161090316772460938e+02
1.160714874267578125e+02
1.159861145019531250e+02
1.159660339355468750e+02
1.159325256347656250e+02
1.159141540527343750e+02
1.158919906616210938e+02
1.158751068115234375e+02
1.158538970947265625e+02
1.158222351074218750e+02
1.158063812255859375e+02
1.157893829345703125e+02
1.157739105224609375e+02
1.157542037963867188e+02
1.157404556274414062e+02
1.157208786010742188e+02
1.157087173461914062e+02
1.156796646118164062e+02
1.156612854003906250e+02
1.156257171630859375e+02
1.155784454345703125e+02
1.155584259033203125e+02
1.155469360351562500e+02
1.155401458740234375e+02
1.155258712768554688e+02
1.154822540283203125e+02
1.154712677001953125e+02
1.154589920043945312e+02
1.154347229003906250e+02
1.154077758789062500e+02
1.153846435546875000e+02
1.153658218383789062e+02
1.153567810058593750e+02
1.153400115966796875e+02
1.153271636962890625e+02
1.153142547607421875e+02
1.153034667968750000e+02
1.152876129150390625e+02
1.152772445678710938e+02
1.152434692382812500e+02
1.152217102050781250e+02
1.151971435546875000e+02
1.151900329589843750e+02
1.151596145629882812e+02
1.151317443847656250e+02
1.150911102294921875e+02
1.150664672851562500e+02
1.150340957641601562e+02
1.150117034912109375e+02
1.149921112060546875e+02
1.149771728515625000e+02
1.149436187744140625e+02
1.148859863281250000e+02
1.148508682250976562e+02
1.148276977539062500e+02
1.148046646118164062e+02
1.147871551513671875e+02
1.147696456909179688e+02
1.147526626586914062e+02
1.147408294677734375e+02
1.147209854125976562e+02
1.146881866455078125e+02
1.146498336791992188e+02
1.146068878173828125e+02
1.145608444213867188e+02
1.145092620849609375e+02
1.144805450439453125e+02
1.144473876953125000e+02
1.144005279541015625e+02
1.143665161132812500e+02
1.143189239501953125e+02
1.142845306396484375e+02
1.142557067871093750e+02
1.142208251953125000e+02
1.141671142578125000e+02
1.141348495483398438e+02
1.141049728393554688e+02
1.140599975585937500e+02
1.139535064697265625e+02
1.139101028442382812e+02
1.138322753906250000e+02
1.138260803222656250e+02
1.137827301025390625e+02
1.137391357421875000e+02
1.137044525146484375e+02
1.136534881591796875e+02
1.136483001708984375e+02
1.135916976928710938e+02
1.135518646240234375e+02
1.135093383789062500e+02
1.134874114990234375e+02
1.134645919799804688e+02
1.134406585693359375e+02
1.134166717529296875e+02
1.133963928222656250e+02
1.133653411865234375e+02
1.133267517089843750e+02
1.132666015625000000e+02
1.132475433349609375e+02
1.132111053466796875e+02
1.131867980957031250e+02
1.131711578369140625e+02
1.131450805664062500e+02
1.131091766357421875e+02
1.130823974609375000e+02
1.130573120117187500e+02
1.129882049560546875e+02
1.129801101684570312e+02
1.129471282958984375e+02
1.129373626708984375e+02
1.128448791503906250e+02
1.128117675781250000e+02
1.127467041015625000e+02
1.127103652954101562e+02
1.126488037109375000e+02
1.126031799316406250e+02
1.125772552490234375e+02
1.125557937622070312e+02
1.125295562744140625e+02
1.125058975219726562e+02
1.124804992675781250e+02
1.124681243896484375e+02
1.124243316650390625e+02
1.123720092773437500e+02
1.123592224121093750e+02
1.122966156005859375e+02
1.122400360107421875e+02
1.121627578735351562e+02
1.120519866943359375e+02
1.119092025756835938e+02
1.118506698608398438e+02
1.117781677246093750e+02
1.117321319580078125e+02
1.116834564208984375e+02
1.116056518554687500e+02
1.115631027221679688e+02
1.115064697265625000e+02
1.114761123657226562e+02
1.114578628540039062e+02
1.114408416748046875e+02
1.114298782348632812e+02
1.114013061523437500e+02
1.113554458618164062e+02
1.113359527587890625e+02
1.112868270874023438e+02
1.112505645751953125e+02
1.112213897705078125e+02
1.112011718750000000e+02
1.111466827392578125e+02
1.110462188720703125e+02
1.110109710693359375e+02
1.109346160888671875e+02
1.108848419189453125e+02
1.108029632568359375e+02
1.107335662841796875e+02
1.106775817871093750e+02
1.106642608642578125e+02
1.106159744262695312e+02
1.105773696899414062e+02
1.104317779541015625e+02
1.101319046020507812e+02
1.099353561401367188e+02
1.097985534667968750e+02
1.097066650390625000e+02
1.096411819458007812e+02
1.095890960693359375e+02
1.095833587646484375e+02
1.095547409057617188e+02
1.095278778076171875e+02
1.094927062988281250e+02
1.094524154663085938e+02
1.094341278076171875e+02
1.093940429687500000e+02
1.093053131103515625e+02
1.092402114868164062e+02
1.092221679687500000e+02
1.091717681884765625e+02
1.091502685546875000e+02
1.091358642578125000e+02
1.091264495849609375e+02
1.091056213378906250e+02
1.090826416015625000e+02
1.090513153076171875e+02
1.090294799804687500e+02
1.089942626953125000e+02
1.089682769775390625e+02
1.089399642944335938e+02
1.089348754882812500e+02
1.088959350585937500e+02
1.088765563964843750e+02
1.088448638916015625e+02
1.088180541992187500e+02
1.087886657714843750e+02
1.087232513427734375e+02
1.086846313476562500e+02
1.086303710937500000e+02
1.085903854370117188e+02
1.085309448242187500e+02
1.084693908691406250e+02
1.084149780273437500e+02
1.083723373413085938e+02
1.083271102905273438e+02
1.083076782226562500e+02
1.082838592529296875e+02
1.082648162841796875e+02
1.082400588989257812e+02
1.082320098876953125e+02
1.082042694091796875e+02
1.081716003417968750e+02
1.081360015869140625e+02
1.080782241821289062e+02
1.079935913085937500e+02
1.079054946899414062e+02
1.077983398437500000e+02
1.076682891845703125e+02
1.074961395263671875e+02
1.073688812255859375e+02
1.073367156982421875e+02
1.072459030151367188e+02
1.072160644531250000e+02
1.071816101074218750e+02
1.071370010375976562e+02
1.070900726318359375e+02
1.070527191162109375e+02
1.069870758056640625e+02
1.069376983642578125e+02
1.069204864501953125e+02
1.068346862792968750e+02
1.067161788940429688e+02
1.066110229492187500e+02
1.065926971435546875e+02
1.064534683227539062e+02
1.063569641113281250e+02
1.062801513671875000e+02
1.062246017456054688e+02
1.061750106811523438e+02
1.061155548095703125e+02
1.060628280639648438e+02
1.060033111572265625e+02
1.059632492065429688e+02
1.059275512695312500e+02
1.058809585571289062e+02
1.058091583251953125e+02
1.057730407714843750e+02
1.057429809570312500e+02
1.057153625488281250e+02
1.056868362426757812e+02
1.056571655273437500e+02
1.056365203857421875e+02
1.055775909423828125e+02
1.055195617675781250e+02
1.054775848388671875e+02
1.054448928833007812e+02
1.053710556030273438e+02
1.053252868652343750e+02
1.052584686279296875e+02
1.052206649780273438e+02
1.051841430664062500e+02
1.051569519042968750e+02
1.051214599609375000e+02
1.050933761596679688e+02
1.050641784667968750e+02
1.050362091064453125e+02
1.050172729492187500e+02
1.050092773437500000e+02
1.050053482055664062e+02
1.049974975585937500e+02
1.049880981445312500e+02
1.049813156127929688e+02
1.049741668701171875e+02
1.049708709716796875e+02
1.049638366699218750e+02
1.049580993652343750e+02
1.049410095214843750e+02
1.049337997436523438e+02
1.049274444580078125e+02
1.049132308959960938e+02
1.049063339233398438e+02
1.048929901123046875e+02
1.048803253173828125e+02
1.048689575195312500e+02
1.048561477661132812e+02
1.048516616821289062e+02
1.048334655761718750e+02
1.047997283935546875e+02
1.047716598510742188e+02
1.047472305297851562e+02
1.047285461425781250e+02
1.047171020507812500e+02
1.047030029296875000e+02
1.046922607421875000e+02
1.046879196166992188e+02
1.046725616455078125e+02
1.046534194946289062e+02
1.046492462158203125e+02
1.046370391845703125e+02
1.046317443847656250e+02
1.046258850097656250e+02
1.046190338134765625e+02
1.046090698242187500e+02
1.045995025634765625e+02
1.045787124633789062e+02
1.045651092529296875e+02
1.045457687377929688e+02
1.045227508544921875e+02
1.045087738037109375e+02
1.045036163330078125e+02
1.044888992309570312e+02
1.044710235595703125e+02
1.044523773193359375e+02
1.044351348876953125e+02
1.044300079345703125e+02
1.044244995117187500e+02
1.044156188964843750e+02
1.043930511474609375e+02
1.043726501464843750e+02
1.043356628417968750e+02
1.042957534790039062e+02
1.042707214355468750e+02
1.042329406738281250e+02
1.042105560302734375e+02
1.041919479370117188e+02
1.041798248291015625e+02
1.041669311523437500e+02
1.041463928222656250e+02
1.040972595214843750e+02
1.040677642822265625e+02
1.040320434570312500e+02
1.040052261352539062e+02
1.039825668334960938e+02
1.039647598266601562e+02
1.039495086669921875e+02
1.039408874511718750e+02
1.039341430664062500e+02
1.039248809814453125e+02
1.039091186523437500e+02
1.038847427368164062e+02
1.038770370483398438e+02
1.038394775390625000e+02
1.038110122680664062e+02
1.037825927734375000e+02
1.037618408203125000e+02
1.037398757934570312e+02
1.037151489257812500e+02
1.036896514892578125e+02
1.036643676757812500e+02
1.036389465332031250e+02
1.036303024291992188e+02
1.035974044799804688e+02
1.035712432861328125e+02
1.035504608154296875e+02
1.035315551757812500e+02
1.035079650878906250e+02
1.034796371459960938e+02
1.034354019165039062e+02
1.033946609497070312e+02
1.033894653320312500e+02
1.033319091796875000e+02
1.033016357421875000e+02
1.032737426757812500e+02
1.032450408935546875e+02
1.032099990844726562e+02
1.031725769042968750e+02
1.031508407592773438e+02
1.031343078613281250e+02
1.031117095947265625e+02
1.030711746215820312e+02
1.030096893310546875e+02
1.029326705932617188e+02
1.027815093994140625e+02
1.027123870849609375e+02
1.026001815795898438e+02
1.025692977905273438e+02
1.023884963989257812e+02
1.022827606201171875e+02
1.021746520996093750e+02
1.021214752197265625e+02
1.020886993408203125e+02
1.020550079345703125e+02
1.019984283447265625e+02
1.018722229003906250e+02
1.018276062011718750e+02
1.017532043457031250e+02
1.016888885498046875e+02
1.016042480468750000e+02
1.015036621093750000e+02
1.013862533569335938e+02
1.012937164306640625e+02
1.011593093872070312e+02
1.010312194824218750e+02
1.009826965332031250e+02
1.008954772949218750e+02
1.008487548828125000e+02
1.008177947998046875e+02
1.007851943969726562e+02
1.007570648193359375e+02
1.007128372192382812e+02
1.006279754638671875e+02
1.005319137573242188e+02
1.004753875732421875e+02
1.004274139404296875e+02
1.003941268920898438e+02
1.003659820556640625e+02
1.003350830078125000e+02
1.003051300048828125e+02
1.002771682739257812e+02
1.002116241455078125e+02
1.001371841430664062e+02
1.001193923950195312e+02
1.000770568847656250e+02
1.000330963134765625e+02
9.999015808105468750e+01
9.996143341064453125e+01
9.990120697021484375e+01
9.987996673583984375e+01
9.985729217529296875e+01
9.983007812500000000e+01
9.976727294921875000e+01
9.968993377685546875e+01
9.957478332519531250e+01
9.945965576171875000e+01
9.943821716308593750e+01
9.936991882324218750e+01
9.933480834960937500e+01
9.931602478027343750e+01
9.927824401855468750e+01
9.922505187988281250e+01
9.921394348144531250e+01
9.914581298828125000e+01
9.912020874023437500e+01
9.903211212158203125e+01
9.898937988281250000e+01
9.894189453125000000e+01
9.889562988281250000e+01
9.885690307617187500e+01
9.882727813720703125e+01
9.881416320800781250e+01
9.875135803222656250e+01
9.868524169921875000e+01
9.861898803710937500e+01
9.857116699218750000e+01
9.854000091552734375e+01
9.851860809326171875e+01
9.850619506835937500e+01
9.849855041503906250e+01
9.848828887939453125e+01
9.847955322265625000e+01
9.846569824218750000e+01
9.844489288330078125e+01
9.841874694824218750e+01
9.839978027343750000e+01
9.837584686279296875e+01
9.835524749755859375e+01
9.833425140380859375e+01
9.832308959960937500e+01
9.830189514160156250e+01
9.828422546386718750e+01
9.827424621582031250e+01
9.826327514648437500e+01
9.825384521484375000e+01
9.824514770507812500e+01
9.822783660888671875e+01
9.822215270996093750e+01
9.819114685058593750e+01
9.815152740478515625e+01
9.796502685546875000e+01
9.791821289062500000e+01
9.786733245849609375e+01
9.784271240234375000e+01
9.780746459960937500e+01
9.776808166503906250e+01
9.774353027343750000e+01
9.770384216308593750e+01
9.767797851562500000e+01
9.765200805664062500e+01
9.762939453125000000e+01
9.761302947998046875e+01
9.758721923828125000e+01
9.756836700439453125e+01
9.753755187988281250e+01
9.749073791503906250e+01
9.744432067871093750e+01
9.740902709960937500e+01
9.739527130126953125e+01
9.738738250732421875e+01
9.738276672363281250e+01
9.738011169433593750e+01
9.737709045410156250e+01
9.737113952636718750e+01
9.735627746582031250e+01
9.733174896240234375e+01
9.731375122070312500e+01
9.728111267089843750e+01
9.721965026855468750e+01
9.720423889160156250e+01
9.717108154296875000e+01
9.715361022949218750e+01
9.712063598632812500e+01
9.710125732421875000e+01
9.708680725097656250e+01
9.707702636718750000e+01
9.706714630126953125e+01
9.705766296386718750e+01
9.705558776855468750e+01
9.705023956298828125e+01
9.703723144531250000e+01
9.701945495605468750e+01
9.700181579589843750e+01
9.699594116210937500e+01
9.699227905273437500e+01
9.698323059082031250e+01
9.697380065917968750e+01
9.696382141113281250e+01
9.695564270019531250e+01
9.694628906250000000e+01
9.692897033691406250e+01
9.691461181640625000e+01
9.690554809570312500e+01
9.689711761474609375e+01
9.689266204833984375e+01
9.688433837890625000e+01
9.686761474609375000e+01
9.685466003417968750e+01
9.684071350097656250e+01
9.682215881347656250e+01
9.681944274902343750e+01
9.679866027832031250e+01
9.678382873535156250e+01
9.677674865722656250e+01
9.677171325683593750e+01
9.676438140869140625e+01
9.675747680664062500e+01
9.675212097167968750e+01
9.673303222656250000e+01
9.671194458007812500e+01
9.667575073242187500e+01
9.666796875000000000e+01
9.665354156494140625e+01
9.662849426269531250e+01
9.661489868164062500e+01
9.660217285156250000e+01
9.658737182617187500e+01
9.656465148925781250e+01
9.653229522705078125e+01
9.649507904052734375e+01
9.648089599609375000e+01
9.643759155273437500e+01
9.641668701171875000e+01
9.640293121337890625e+01
9.639458465576171875e+01
9.638720703125000000e+01
9.638385772705078125e+01
9.637908935546875000e+01
9.636801147460937500e+01
9.636286926269531250e+01
9.635313415527343750e+01
9.634585571289062500e+01
9.633019256591796875e+01
9.629182434082031250e+01
9.626095581054687500e+01
9.623257446289062500e+01
9.622126770019531250e+01
9.620475769042968750e+01
9.617848205566406250e+01
9.616006469726562500e+01
9.613350677490234375e+01
9.610752868652343750e+01
9.608187866210937500e+01
9.605186462402343750e+01
9.603071594238281250e+01
9.601637268066406250e+01
9.600465393066406250e+01
9.599534606933593750e+01
9.597918701171875000e+01
9.596113586425781250e+01
9.592816162109375000e+01
9.589016723632812500e+01
9.585026550292968750e+01
9.580737304687500000e+01
9.576176452636718750e+01
9.568539428710937500e+01
9.566409301757812500e+01
9.556986236572265625e+01
9.550639343261718750e+01
9.546446228027343750e+01
9.544474792480468750e+01
9.543408966064453125e+01
9.542382812500000000e+01
9.540654754638671875e+01
9.538580322265625000e+01
9.536543273925781250e+01
9.535607910156250000e+01
9.533399963378906250e+01
9.529136657714843750e+01
9.525903320312500000e+01
9.522299957275390625e+01
9.519802856445312500e+01
9.517673492431640625e+01
9.515423583984375000e+01
9.513323974609375000e+01
9.511896514892578125e+01
9.510282897949218750e+01
9.507057189941406250e+01
9.505388641357421875e+01
9.503594970703125000e+01
9.501513671875000000e+01
9.501055908203125000e+01
9.499549102783203125e+01
9.496576690673828125e+01
9.493699645996093750e+01
9.490254974365234375e+01
9.485227203369140625e+01
9.479812622070312500e+01
9.475067138671875000e+01
9.473149108886718750e+01
9.469790649414062500e+01
9.465745544433593750e+01
9.464442443847656250e+01
9.461415100097656250e+01
9.458852386474609375e+01
9.455522155761718750e+01
9.450729370117187500e+01
9.445233154296875000e+01
9.440773010253906250e+01
9.436647033691406250e+01
9.435061645507812500e+01
9.434038543701171875e+01
9.433016967773437500e+01
9.431692504882812500e+01
9.429778289794921875e+01
9.427171325683593750e+01
9.424281311035156250e+01
9.418960571289062500e+01
9.415672302246093750e+01
9.411952972412109375e+01
9.409267425537109375e+01
9.407610321044921875e+01
9.404055786132812500e+01
9.401144409179687500e+01
9.398784637451171875e+01
9.395549011230468750e+01
9.393075561523437500e+01
9.392257690429687500e+01
9.390788269042968750e+01
9.389357757568359375e+01
9.387513732910156250e+01
9.385482788085937500e+01
9.383193969726562500e+01
9.376918792724609375e+01
9.372216796875000000e+01
9.365505981445312500e+01
9.356890869140625000e+01
9.351712036132812500e+01
9.349177551269531250e+01
9.344764709472656250e+01
9.336615753173828125e+01
9.331436157226562500e+01
9.325933837890625000e+01
9.318857574462890625e+01
9.316304779052734375e+01
9.313311767578125000e+01
9.311325073242187500e+01
9.308883666992187500e+01
9.305400848388671875e+01
9.302284240722656250e+01
9.299119567871093750e+01
9.294838714599609375e+01
9.286945343017578125e+01
9.281179809570312500e+01
9.272448730468750000e+01
9.266514587402343750e+01
9.259455871582031250e+01
9.246720123291015625e+01
9.231282043457031250e+01
9.214341735839843750e+01
9.197662353515625000e+01
9.185391998291015625e+01
9.176697540283203125e+01
9.166329956054687500e+01
9.154850769042968750e+01
9.150205993652343750e+01
9.138550567626953125e+01
9.132617187500000000e+01
9.126721191406250000e+01
9.123648834228515625e+01
9.121077728271484375e+01
9.118717956542968750e+01
9.115727233886718750e+01
9.113891601562500000e+01
9.111398315429687500e+01
9.109837341308593750e+01
9.109091186523437500e+01
9.108259582519531250e+01
9.105326843261718750e+01
9.100085449218750000e+01
9.096640014648437500e+01
9.093650054931640625e+01
9.091336822509765625e+01
9.086992645263671875e+01
9.082096862792968750e+01
9.071796417236328125e+01
9.067331695556640625e+01
9.062371826171875000e+01
9.059717559814453125e+01
9.057011413574218750e+01
9.054100036621093750e+01
9.052102661132812500e+01
9.047100830078125000e+01
9.044638061523437500e+01
9.040470123291015625e+01
9.037655639648437500e+01
9.033924102783203125e+01
9.031423950195312500e+01
9.028980255126953125e+01
9.024043273925781250e+01
9.020541381835937500e+01
9.017861938476562500e+01
9.015422058105468750e+01
9.012873840332031250e+01
9.010903930664062500e+01
9.008203125000000000e+01
9.006269836425781250e+01
9.002801513671875000e+01
8.994998168945312500e+01
8.990263366699218750e+01
8.988603210449218750e+01
8.985925292968750000e+01
8.984542083740234375e+01
8.983396148681640625e+01
8.982540893554687500e+01
8.981344604492187500e+01
8.980703735351562500e+01
8.979261016845703125e+01
8.977915954589843750e+01
8.976475524902343750e+01
8.975449371337890625e+01
8.974017333984375000e+01
8.973318481445312500e+01
8.972538757324218750e+01
8.970230102539062500e+01
8.969411468505859375e+01
8.968277740478515625e+01
8.967161560058593750e+01
8.963375854492187500e+01
8.959530639648437500e+01
8.956809997558593750e+01
8.952354431152343750e+01
8.950798797607421875e+01
8.949697875976562500e+01
8.948779296875000000e+01
8.947984313964843750e+01
8.946662902832031250e+01
8.946269226074218750e+01
8.945303344726562500e+01
8.944568634033203125e+01
8.942935943603515625e+01
8.940730285644531250e+01
8.938495635986328125e+01
8.935675048828125000e+01
8.934710693359375000e+01
8.932421112060546875e+01
8.931201171875000000e+01
8.928619384765625000e+01
8.923479461669921875e+01
8.919506835937500000e+01
8.916315460205078125e+01
8.914002227783203125e+01
8.911579895019531250e+01
8.909308624267578125e+01
8.906216430664062500e+01
8.903747558593750000e+01
8.901096343994140625e+01
8.899440002441406250e+01
8.895715332031250000e+01
8.894542694091796875e+01
8.892027282714843750e+01
8.888557434082031250e+01
8.887101745605468750e+01
8.886821746826171875e+01
8.884382629394531250e+01
8.883460235595703125e+01
8.882045745849609375e+01
8.879627227783203125e+01
8.878464508056640625e+01
8.877088165283203125e+01
8.875202941894531250e+01
8.874249267578125000e+01
8.872785949707031250e+01
8.866082000732421875e+01
8.863648223876953125e+01
8.860157775878906250e+01
8.855026245117187500e+01
8.847290039062500000e+01
8.842424774169921875e+01
8.838362121582031250e+01
8.833689117431640625e+01
8.830288696289062500e+01
8.827969360351562500e+01
8.826324462890625000e+01
8.823844146728515625e+01
8.822509765625000000e+01
8.820928955078125000e+01
8.818616485595703125e+01
8.817260742187500000e+01
8.814264678955078125e+01
8.809378051757812500e+01
8.805006408691406250e+01
8.800688934326171875e+01
8.796795654296875000e+01
8.792829895019531250e+01
8.790657806396484375e+01
8.789042663574218750e+01
8.787677001953125000e+01
8.786144256591796875e+01
8.784451293945312500e+01
8.781550598144531250e+01
8.778744506835937500e+01
8.775386047363281250e+01
8.773085021972656250e+01
8.772242736816406250e+01
8.766476440429687500e+01
8.759014129638671875e+01
8.751667785644531250e+01
8.746575164794921875e+01
8.742729187011718750e+01
8.740740966796875000e+01
8.735942077636718750e+01
8.732418060302734375e+01
8.727255249023437500e+01
8.722161102294921875e+01
8.719815063476562500e+01
8.719471740722656250e+01
8.717509460449218750e+01
8.714272308349609375e+01
8.712095642089843750e+01
8.711372375488281250e+01
8.709601593017578125e+01
8.708516693115234375e+01
8.705834960937500000e+01
8.702511596679687500e+01
8.698487854003906250e+01
8.692479705810546875e+01
8.689093017578125000e+01
8.677923583984375000e+01
8.666899108886718750e+01
8.659107971191406250e+01
8.655230712890625000e+01
8.654870605468750000e+01
8.653279113769531250e+01
8.650444030761718750e+01
8.647455596923828125e+01
8.644864654541015625e+01
8.641938781738281250e+01
8.639293670654296875e+01
8.634319305419921875e+01
8.628491210937500000e+01
8.623915100097656250e+01
8.619360351562500000e+01
8.615600585937500000e+01
8.612516784667968750e+01
8.608734130859375000e+01
8.608430480957031250e+01
8.606683349609375000e+01
8.605731964111328125e+01
8.605397033691406250e+01
8.604562377929687500e+01
8.603547668457031250e+01
8.602276611328125000e+01
8.600585174560546875e+01
8.598426818847656250e+01
8.595384216308593750e+01
8.591129302978515625e+01
8.588378906250000000e+01
8.586721801757812500e+01
8.583872222900390625e+01
8.582011413574218750e+01
8.577085876464843750e+01
8.569795227050781250e+01
8.558421325683593750e+01
8.554020690917968750e+01
8.547690582275390625e+01
8.540550231933593750e+01
8.536004638671875000e+01
8.534098815917968750e+01
8.530927276611328125e+01
8.529112243652343750e+01
8.527180480957031250e+01
8.525324249267578125e+01
8.523249053955078125e+01
8.520736694335937500e+01
8.520252990722656250e+01
8.516857910156250000e+01
8.515747070312500000e+01
8.513870239257812500e+01
8.510295867919921875e+01
8.501797485351562500e+01
8.494398498535156250e+01
8.487351989746093750e+01
8.482217407226562500e+01
8.478540039062500000e+01
8.476956176757812500e+01
8.474102783203125000e+01
8.470158386230468750e+01
8.469176483154296875e+01
8.468524169921875000e+01
8.467651367187500000e+01
8.465657043457031250e+01
8.463836669921875000e+01
8.459719848632812500e+01
8.455202484130859375e+01
8.451783752441406250e+01
8.446357727050781250e+01
8.441082000732421875e+01
8.436318206787109375e+01
8.434658050537109375e+01
8.433711242675781250e+01
8.432762908935546875e+01
8.428186798095703125e+01
8.422778320312500000e+01
8.413519287109375000e+01
8.406764221191406250e+01
8.399864196777343750e+01
8.392198181152343750e+01
8.381137847900390625e+01
8.375793457031250000e+01
8.371902465820312500e+01
8.369052124023437500e+01
8.366390991210937500e+01
8.361019897460937500e+01
8.359855651855468750e+01
8.356405639648437500e+01
8.352194213867187500e+01
8.350104522705078125e+01
8.346529388427734375e+01
8.344067382812500000e+01
8.340089416503906250e+01
8.336740112304687500e+01
8.333273315429687500e+01
8.332141113281250000e+01
8.331098175048828125e+01
8.330152893066406250e+01
8.328781127929687500e+01
8.328070068359375000e+01
8.325665283203125000e+01
8.322631072998046875e+01
8.316535949707031250e+01
8.309744262695312500e+01
8.306101989746093750e+01
8.297640228271484375e+01
8.283589172363281250e+01
8.270523071289062500e+01
8.262942504882812500e+01
8.258926391601562500e+01
8.250570678710937500e+01
8.248583984375000000e+01
8.242195129394531250e+01
8.238058471679687500e+01
8.232971191406250000e+01
8.228261566162109375e+01
8.224810791015625000e+01
8.223313903808593750e+01
8.222122192382812500e+01
8.220303344726562500e+01
8.217585754394531250e+01
8.214863586425781250e+01
8.212442016601562500e+01
8.209298706054687500e+01
8.206085205078125000e+01
8.202309417724609375e+01
8.198205566406250000e+01
8.194262695312500000e+01
8.190235900878906250e+01
8.188926696777343750e+01
8.185780334472656250e+01
8.184033203125000000e+01
8.181929779052734375e+01
8.180755615234375000e+01
8.178590393066406250e+01
8.173579406738281250e+01
8.169522094726562500e+01
8.166562652587890625e+01
8.164778137207031250e+01
8.162325286865234375e+01
8.156707763671875000e+01
8.152921295166015625e+01
8.147905731201171875e+01
8.145420837402343750e+01
8.141017150878906250e+01
8.138296508789062500e+01
8.133618927001953125e+01
8.130175781250000000e+01
8.125570678710937500e+01
8.122050476074218750e+01
8.118690490722656250e+01
8.114253234863281250e+01
8.112357330322265625e+01
8.106936645507812500e+01
8.105857086181640625e+01
8.103115844726562500e+01
8.099736022949218750e+01
8.098138427734375000e+01
8.095745849609375000e+01
8.092852020263671875e+01
8.089476776123046875e+01
8.083912658691406250e+01
8.071160125732421875e+01
8.068859863281250000e+01
8.052820587158203125e+01
8.039848327636718750e+01
8.017222595214843750e+01
8.003377532958984375e+01
7.988387298583984375e+01
7.982369995117187500e+01
7.967243194580078125e+01
7.958744812011718750e+01
7.950418090820312500e+01
7.938453674316406250e+01
7.928311157226562500e+01
7.914508819580078125e+01
7.902265167236328125e+01
7.891476440429687500e+01
7.883508300781250000e+01
7.877502441406250000e+01
7.867022705078125000e+01
7.861386871337890625e+01
7.857348632812500000e+01
7.855023193359375000e+01
7.849108886718750000e+01
7.846331787109375000e+01
7.842764282226562500e+01
7.836051940917968750e+01
7.830992889404296875e+01
7.824871826171875000e+01
7.815860748291015625e+01
7.813722229003906250e+01
7.806867980957031250e+01
7.804254913330078125e+01
7.801765441894531250e+01
7.800062561035156250e+01
7.798002624511718750e+01
7.795915222167968750e+01
7.794277954101562500e+01
7.793851470947265625e+01
7.793165588378906250e+01
7.791403198242187500e+01
7.789419555664062500e+01
7.786985778808593750e+01
7.783824920654296875e+01
7.782460021972656250e+01
7.781109619140625000e+01
7.778457641601562500e+01
7.774922943115234375e+01
7.770681762695312500e+01
7.767802429199218750e+01
7.766265106201171875e+01
7.765911865234375000e+01
7.764318847656250000e+01
7.764012908935546875e+01
7.763543701171875000e+01
7.763029479980468750e+01
7.762233734130859375e+01
7.761268615722656250e+01
7.760181427001953125e+01
7.758672332763671875e+01
7.757936096191406250e+01
7.756085205078125000e+01
7.752613830566406250e+01
7.739709472656250000e+01
7.732910156250000000e+01
7.727330017089843750e+01
7.725028991699218750e+01
7.722326660156250000e+01
7.717720794677734375e+01
7.713087463378906250e+01
7.708210754394531250e+01
7.706802368164062500e+01
7.704769897460937500e+01
7.702580261230468750e+01
7.700398254394531250e+01
7.699125671386718750e+01
7.696231079101562500e+01
7.693140411376953125e+01
7.689299011230468750e+01
7.686615753173828125e+01
7.684309387207031250e+01
7.682438659667968750e+01
7.680511474609375000e+01
7.677427673339843750e+01
7.674395751953125000e+01
7.671769714355468750e+01
7.671417236328125000e+01
7.668704986572265625e+01
7.665238952636718750e+01
7.661351013183593750e+01
7.656637573242187500e+01
7.654341888427734375e+01
7.652402496337890625e+01
7.649883270263671875e+01
7.646839904785156250e+01
7.641012573242187500e+01
7.637312316894531250e+01
7.634842681884765625e+01
7.632256317138671875e+01
7.629090881347656250e+01
7.627575683593750000e+01
7.624411010742187500e+01
7.621420288085937500e+01
7.616909790039062500e+01
7.615008544921875000e+01
7.610684967041015625e+01
7.605133819580078125e+01
7.600556945800781250e+01
7.598213195800781250e+01
7.595176696777343750e+01
7.592124938964843750e+01
7.591242980957031250e+01
7.590423583984375000e+01
7.589205932617187500e+01
7.588337707519531250e+01
7.587180328369140625e+01
7.585159301757812500e+01
7.582873535156250000e+01
7.580967712402343750e+01
7.580017089843750000e+01
7.579128265380859375e+01
7.577777099609375000e+01
7.576295471191406250e+01
7.573188781738281250e+01
7.572074890136718750e+01
7.569824218750000000e+01
7.568040466308593750e+01
7.566609954833984375e+01
7.565585327148437500e+01
7.564842224121093750e+01
7.563406372070312500e+01
7.561233520507812500e+01
7.559939575195312500e+01
7.558264160156250000e+01
7.557274627685546875e+01
7.556195068359375000e+01
7.553169250488281250e+01
7.550325012207031250e+01
7.548551940917968750e+01
7.547621154785156250e+01
7.546537780761718750e+01
7.544868469238281250e+01
7.542797851562500000e+01
7.542510986328125000e+01
7.541336822509765625e+01
7.540676116943359375e+01
7.539611816406250000e+01
7.537738037109375000e+01
7.534920501708984375e+01
7.532910919189453125e+01
7.532135009765625000e+01
7.528946685791015625e+01
7.527748870849609375e+01
7.526341247558593750e+01
7.524198913574218750e+01
7.523321533203125000e+01
7.521878051757812500e+01
7.520959472656250000e+01
7.519321441650390625e+01
7.515753173828125000e+01
7.510739135742187500e+01
7.505320739746093750e+01
7.504135894775390625e+01
7.494468688964843750e+01
7.489733886718750000e+01
7.487037658691406250e+01
7.485334014892578125e+01
7.482824707031250000e+01
7.478599548339843750e+01
7.474801635742187500e+01
7.471440124511718750e+01
7.469100952148437500e+01
7.465288543701171875e+01
7.463862609863281250e+01
7.461335754394531250e+01
7.455979156494140625e+01
7.452784729003906250e+01
7.448800659179687500e+01
7.445367431640625000e+01
7.442459106445312500e+01
7.439299011230468750e+01
7.436323547363281250e+01
7.435238647460937500e+01
7.432493591308593750e+01
7.429383850097656250e+01
7.425632476806640625e+01
7.421711730957031250e+01
7.418011474609375000e+01
7.415917205810546875e+01
7.414106750488281250e+01
7.412211608886718750e+01
7.410382080078125000e+01
7.409335327148437500e+01
7.408486938476562500e+01
7.407482910156250000e+01
7.406724548339843750e+01
7.404338073730468750e+01
7.400202941894531250e+01
7.396125793457031250e+01
7.391334533691406250e+01
7.387162780761718750e+01
7.382498168945312500e+01
7.379795837402343750e+01
7.378736877441406250e+01
7.375126647949218750e+01
7.373445892333984375e+01
7.371038055419921875e+01
7.367883300781250000e+01
7.365100097656250000e+01
7.361629486083984375e+01
7.359714508056640625e+01
7.358385467529296875e+01
7.357231140136718750e+01
7.356158447265625000e+01
7.355155181884765625e+01
7.353315734863281250e+01
7.351110839843750000e+01
7.346534729003906250e+01
7.341906738281250000e+01
7.337007141113281250e+01
7.333338165283203125e+01
7.332180786132812500e+01
7.329861450195312500e+01
7.325732421875000000e+01
7.322132110595703125e+01
7.319268798828125000e+01
7.315525817871093750e+01
7.312030029296875000e+01
7.310889434814453125e+01
7.307443237304687500e+01
7.305454254150390625e+01
7.300643920898437500e+01
7.295617675781250000e+01
7.288561248779296875e+01
7.283535766601562500e+01
7.278071594238281250e+01
7.274884033203125000e+01
7.270420837402343750e+01
7.268354797363281250e+01
7.264251708984375000e+01
7.259537506103515625e+01
7.254861450195312500e+01
7.251367187500000000e+01
7.249063110351562500e+01
7.247246551513671875e+01
7.246694183349609375e+01
7.245156860351562500e+01
7.244134521484375000e+01
7.242384338378906250e+01
7.240411376953125000e+01
7.238627624511718750e+01
7.237353515625000000e+01
7.236395263671875000e+01
7.236080932617187500e+01
7.234864807128906250e+01
7.234111785888671875e+01
7.232279968261718750e+01
7.229672241210937500e+01
7.226202392578125000e+01
7.221859741210937500e+01
7.219701385498046875e+01
7.218078613281250000e+01
7.217153167724609375e+01
7.214559936523437500e+01
7.213556671142578125e+01
7.211990356445312500e+01
7.211315917968750000e+01
7.210763549804687500e+01
7.209585571289062500e+01
7.208345794677734375e+01
7.206182098388671875e+01
7.204562377929687500e+01
7.202005004882812500e+01
7.199316406250000000e+01
7.195385742187500000e+01
7.193714904785156250e+01
7.187443542480468750e+01
7.182223510742187500e+01
7.178606414794921875e+01
7.174176788330078125e+01
7.170768737792968750e+01
7.164608764648437500e+01
7.160720062255859375e+01
7.156381225585937500e+01
7.153392028808593750e+01
7.151603698730468750e+01
7.150268554687500000e+01
7.149110412597656250e+01
7.147998809814453125e+01
7.147209930419921875e+01
7.146315002441406250e+01
7.145191955566406250e+01
7.143797302246093750e+01
7.142919158935546875e+01
7.142013549804687500e+01
7.140962982177734375e+01
7.140028381347656250e+01
7.139044189453125000e+01
7.138380432128906250e+01
7.136898803710937500e+01
7.135530853271484375e+01
7.134677124023437500e+01
7.133917999267578125e+01
7.132717132568359375e+01
7.130359649658203125e+01
7.125984954833984375e+01
7.119355773925781250e+01
7.112289428710937500e+01
7.106925201416015625e+01
7.101516723632812500e+01
7.092896270751953125e+01
7.091226196289062500e+01
7.085525512695312500e+01
7.078753662109375000e+01
7.075859069824218750e+01
7.073147583007812500e+01
7.071348571777343750e+01
7.069874572753906250e+01
7.068510437011718750e+01
7.067281341552734375e+01
7.065960693359375000e+01
7.064895629882812500e+01
7.062873840332031250e+01
7.060400390625000000e+01
7.057032775878906250e+01
7.054362487792968750e+01
7.049639892578125000e+01
7.046296691894531250e+01
7.038908386230468750e+01
7.034410095214843750e+01
7.030331420898437500e+01
7.027333068847656250e+01
7.024861145019531250e+01
7.023571777343750000e+01
7.017062377929687500e+01
7.013568115234375000e+01
7.012116241455078125e+01
7.011549377441406250e+01
7.010772705078125000e+01
7.008872222900390625e+01
7.008297729492187500e+01
7.006358337402343750e+01
7.003961181640625000e+01
7.003002929687500000e+01
7.002409362792968750e+01
7.000701904296875000e+01
6.998994445800781250e+01
6.996109771728515625e+01
6.994717407226562500e+01
6.992356872558593750e+01
6.987882232666015625e+01
6.984722900390625000e+01
6.983457946777343750e+01
6.979177093505859375e+01
6.975584411621093750e+01
6.972265625000000000e+01
6.969122314453125000e+01
6.966659545898437500e+01
6.964910888671875000e+01
6.963266754150390625e+01
6.960567474365234375e+01
6.958515167236328125e+01
6.956346130371093750e+01
6.954196166992187500e+01
6.952293395996093750e+01
6.949448394775390625e+01
6.946206665039062500e+01
6.943909454345703125e+01
6.942375183105468750e+01
6.940562438964843750e+01
6.937825775146484375e+01
6.933579254150390625e+01
6.929463958740234375e+01
6.926435852050781250e+01
6.923772430419921875e+01
6.922719573974609375e+01
6.921405029296875000e+01
6.920276641845703125e+01
6.919453430175781250e+01
6.918322753906250000e+01
6.916035461425781250e+01
6.915161895751953125e+01
6.914299011230468750e+01
6.913177490234375000e+01
6.911903381347656250e+01
6.911090087890625000e+01
6.909291076660156250e+01
6.907994079589843750e+01
6.905856323242187500e+01
6.902768707275390625e+01
6.900009155273437500e+01
6.894535827636718750e+01
6.888554382324218750e+01
6.884606170654296875e+01
6.880091857910156250e+01
6.877423858642578125e+01
6.874510192871093750e+01
6.870924377441406250e+01
6.865312194824218750e+01
6.862809753417968750e+01
6.860778808593750000e+01
6.858561706542968750e+01
6.856520080566406250e+01
6.855662536621093750e+01
6.854657745361328125e+01
6.853875732421875000e+01
6.852425384521484375e+01
6.851982879638671875e+01
6.849647521972656250e+01
6.846934509277343750e+01
6.844723510742187500e+01
6.842366790771484375e+01
6.836308288574218750e+01
6.829470062255859375e+01
6.823580932617187500e+01
6.820584106445312500e+01
6.818208312988281250e+01
6.814826965332031250e+01
6.810772705078125000e+01
6.807040405273437500e+01
6.800694274902343750e+01
6.797908782958984375e+01
6.793306732177734375e+01
6.787240600585937500e+01
6.780773925781250000e+01
6.774499511718750000e+01
6.765961456298828125e+01
6.763836669921875000e+01
6.751856994628906250e+01
6.743513488769531250e+01
6.735353088378906250e+01
6.729323577880859375e+01
6.727186584472656250e+01
6.724871826171875000e+01
6.722235107421875000e+01
6.719976806640625000e+01
6.715345001220703125e+01
6.708493041992187500e+01
6.702239990234375000e+01
6.694916534423828125e+01
6.688334655761718750e+01
6.680707550048828125e+01
6.672903442382812500e+01
6.669293975830078125e+01
6.667314910888671875e+01
6.665275573730468750e+01
6.663703918457031250e+01
6.661305236816406250e+01
6.658821105957031250e+01
6.657749938964843750e+01
6.656982421875000000e+01
6.656118011474609375e+01
6.655058288574218750e+01
6.654123687744140625e+01
6.653450775146484375e+01
6.653376007080078125e+01
6.652472686767578125e+01
6.652014923095703125e+01
6.651463317871093750e+01
6.650440216064453125e+01
6.649746704101562500e+01
6.649057769775390625e+01
6.646546936035156250e+01
6.644972229003906250e+01
6.642621612548828125e+01
6.642047882080078125e+01
6.639481353759765625e+01
6.638561248779296875e+01
6.636969757080078125e+01
6.634782409667968750e+01
6.634182739257812500e+01
6.633338928222656250e+01
6.631825256347656250e+01
6.631506347656250000e+01
6.630913543701171875e+01
6.630065917968750000e+01
6.629241943359375000e+01
6.627930450439453125e+01
6.626971435546875000e+01
6.625499725341796875e+01
6.624378967285156250e+01
6.622831726074218750e+01
6.620576477050781250e+01
6.616055297851562500e+01
6.614337158203125000e+01
6.606520080566406250e+01
6.594947052001953125e+01
6.586581420898437500e+01
6.583754730224609375e+01
6.581810760498046875e+01
6.579448699951171875e+01
6.578134918212890625e+01
6.575933074951171875e+01
6.572223663330078125e+01
6.569238281250000000e+01
6.565052032470703125e+01
6.556457519531250000e+01
6.553958129882812500e+01
6.550330352783203125e+01
6.548438262939453125e+01
6.546511077880859375e+01
6.545410156250000000e+01
6.543508911132812500e+01
6.541200256347656250e+01
6.539024353027343750e+01
6.537453460693359375e+01
6.535507202148437500e+01
6.533146667480468750e+01
6.529891204833984375e+01
6.524790954589843750e+01
6.520928955078125000e+01
6.517220306396484375e+01
6.513914489746093750e+01
6.512035369873046875e+01
6.510581207275390625e+01
6.508935546875000000e+01
6.507653045654296875e+01
6.504510498046875000e+01
6.503070068359375000e+01
6.501515960693359375e+01
6.500638580322265625e+01
6.499130249023437500e+01
6.494153594970703125e+01
6.492259979248046875e+01
6.489715576171875000e+01
6.488050842285156250e+01
6.486076354980468750e+01
6.482244110107421875e+01
6.479285430908203125e+01
6.476240539550781250e+01
6.475402832031250000e+01
6.474093627929687500e+01
6.471484375000000000e+01
6.469050598144531250e+01
6.468217468261718750e+01
6.466780090332031250e+01
6.464929199218750000e+01
6.463396453857421875e+01
6.460823059082031250e+01
6.456829071044921875e+01
6.453665161132812500e+01
6.449015045166015625e+01
6.444946289062500000e+01
6.441261291503906250e+01
6.436520385742187500e+01
6.434708404541015625e+01
6.431856536865234375e+01
6.430657958984375000e+01
6.429925537109375000e+01
6.425964355468750000e+01
6.423825073242187500e+01
6.420808410644531250e+01
6.418409729003906250e+01
6.417733001708984375e+01
6.414277648925781250e+01
6.412167358398437500e+01
6.410335540771484375e+01
6.408920288085937500e+01
6.407490539550781250e+01
6.404769134521484375e+01
6.403233337402343750e+01
6.399533843994140625e+01
6.397891998291015625e+01
6.396270751953125000e+01
6.394937133789062500e+01
6.393807220458984375e+01
6.392168045043945312e+01
6.390851211547851562e+01
6.389089965820312500e+01
6.388105773925781250e+01
6.387253570556640625e+01
6.387073898315429688e+01
6.386628341674804688e+01
6.386426544189453125e+01
6.386192321777343750e+01
6.385844421386718750e+01
6.385507202148437500e+01
6.385182571411132812e+01
6.384799194335937500e+01
6.383809661865234375e+01
6.382721328735351562e+01
6.382168960571289062e+01
6.379378890991210938e+01
6.376309204101562500e+01
6.373786163330078125e+01
6.373151397705078125e+01
6.371113586425781250e+01
6.367014312744140625e+01
6.363525009155273438e+01
6.359856414794921875e+01
6.354833984375000000e+01
6.347039031982421875e+01
6.340521621704101562e+01
6.333559417724609375e+01
6.330792236328125000e+01
6.328083038330078125e+01
6.325385665893554688e+01
6.323415756225585938e+01
6.321542358398437500e+01
6.319717788696289062e+01
6.317871856689453125e+01
6.316608428955078125e+01
6.315542602539062500e+01
6.314666366577148438e+01
6.313619232177734375e+01
6.311788177490234375e+01
6.310081481933593750e+01
6.307817459106445312e+01
6.307184600830078125e+01
6.305393218994140625e+01
6.304830169677734375e+01
6.302337646484375000e+01
6.300643157958984375e+01
6.299015045166015625e+01
6.297275161743164062e+01
6.295826721191406250e+01
6.293326568603515625e+01
6.292543029785156250e+01
6.289934539794921875e+01
6.286988830566406250e+01
6.285403442382812500e+01
6.282368469238281250e+01
6.278811645507812500e+01
6.274598312377929688e+01
6.272477722167968750e+01
6.269846725463867188e+01
6.267898559570312500e+01
6.266345977783203125e+01
6.263839721679687500e+01
6.261320495605468750e+01
6.259266662597656250e+01
6.256945419311523438e+01
6.254110717773437500e+01
6.252530670166015625e+01
6.251024246215820312e+01
6.249507904052734375e+01
6.246457290649414062e+01
6.243694305419921875e+01
6.240703582763671875e+01
6.236327362060546875e+01
6.234533691406250000e+01
6.232622528076171875e+01
6.231736373901367188e+01
6.230688095092773438e+01
6.229830169677734375e+01
6.228852081298828125e+01
6.227984619140625000e+01
6.226984405517578125e+01
6.226152420043945312e+01
6.224965667724609375e+01
6.224575042724609375e+01
6.224012374877929688e+01
6.223770904541015625e+01
6.223308563232421875e+01
6.222989654541015625e+01
6.222340393066406250e+01
6.221351623535156250e+01
6.220792770385742188e+01
6.220186233520507812e+01
6.219586944580078125e+01
6.219315719604492188e+01
6.218204116821289062e+01
6.217553329467773438e+01
6.215250396728515625e+01
6.213703155517578125e+01
6.210180664062500000e+01
6.206046295166015625e+01
6.202619934082031250e+01
6.199534606933593750e+01
6.197063064575195312e+01
6.194480133056640625e+01
6.191949462890625000e+01
6.187620162963867188e+01
6.185842895507812500e+01
6.182184982299804688e+01
6.179106903076171875e+01
6.177261734008789062e+01
6.176127243041992188e+01
6.175091171264648438e+01
6.172959136962890625e+01
6.170339965820312500e+01
6.167803192138671875e+01
6.165497589111328125e+01
6.161853790283203125e+01
6.161087036132812500e+01
6.158399963378906250e+01
6.157467651367187500e+01
6.153898620605468750e+01
6.152079391479492188e+01
6.147518920898437500e+01
6.146215057373046875e+01
6.145066070556640625e+01
6.144527816772460938e+01
6.143949890136718750e+01
6.143197250366210938e+01
6.142234802246093750e+01
6.140995025634765625e+01
6.138972091674804688e+01
6.136421203613281250e+01
6.135060119628906250e+01
6.132488250732421875e+01
6.130678176879882812e+01
6.125225448608398438e+01
6.120454406738281250e+01
6.117206573486328125e+01
6.113315582275390625e+01
6.108634185791015625e+01
6.102394866943359375e+01
6.097342681884765625e+01
6.089433288574218750e+01
6.079083251953125000e+01
6.076277160644531250e+01
6.066287231445312500e+01
6.059819793701171875e+01
6.056972885131835938e+01
6.056256866455078125e+01
6.054573059082031250e+01
6.053730010986328125e+01
6.052710723876953125e+01
6.052053070068359375e+01
6.051276779174804688e+01
6.050677871704101562e+01
6.049324798583984375e+01
6.046471405029296875e+01
6.044977951049804688e+01
6.042523956298828125e+01
6.040372085571289062e+01
6.038390731811523438e+01
6.037535476684570312e+01
6.034712600708007812e+01
6.032003784179687500e+01
6.026861572265625000e+01
6.023626708984375000e+01
6.022177124023437500e+01
6.018846893310546875e+01
6.016688919067382812e+01
6.015098571777343750e+01
6.013413238525390625e+01
6.010667419433593750e+01
6.007584381103515625e+01
6.007452392578125000e+01
6.004755020141601562e+01
6.004021072387695312e+01
6.003057861328125000e+01
6.001923370361328125e+01
5.999789810180664062e+01
5.995969009399414062e+01
5.992697906494140625e+01
5.987910842895507812e+01
5.986407470703125000e+01
5.982964324951171875e+01
5.981298065185546875e+01
5.979404449462890625e+01
5.976194000244140625e+01
5.972251510620117188e+01
5.970421600341796875e+01
5.968852233886718750e+01
5.967380523681640625e+01
5.964513778686523438e+01
5.961785888671875000e+01
5.960768127441406250e+01
5.957994842529296875e+01
5.956645965576171875e+01
5.955392837524414062e+01
5.953720855712890625e+01
5.951922607421875000e+01
5.950256347656250000e+01
5.948160934448242188e+01
5.946298217773437500e+01
5.944102478027343750e+01
5.941752624511718750e+01
5.938913345336914062e+01
5.937157440185546875e+01
5.935957717895507812e+01
5.932497406005859375e+01
5.926396942138671875e+01
5.923641204833984375e+01
5.920470428466796875e+01
5.917017364501953125e+01
5.913998413085937500e+01
5.912073516845703125e+01
5.908742141723632812e+01
5.904926300048828125e+01
5.899908447265625000e+01
5.895304107666015625e+01
5.891218566894531250e+01
5.887609100341796875e+01
5.884677886962890625e+01
5.883559417724609375e+01
5.882768630981445312e+01
5.882228851318359375e+01
5.881594848632812500e+01
5.880932617187500000e+01
5.880015563964843750e+01
5.879203796386718750e+01
5.878787231445312500e+01
5.877976226806640625e+01
5.876610183715820312e+01
5.875736618041992188e+01
5.873814010620117188e+01
5.872257232666015625e+01
5.870893859863281250e+01
5.869993209838867188e+01
5.869769287109375000e+01
5.868776702880859375e+01
5.868392181396484375e+01
5.867937850952148438e+01
5.867512512207031250e+01
5.867115783691406250e+01
5.865983581542968750e+01
5.864827346801757812e+01
5.863265609741210938e+01
5.862550354003906250e+01
5.861581420898437500e+01
5.860483932495117188e+01
5.859556579589843750e+01
5.857943725585937500e+01
5.856339645385742188e+01
5.854877471923828125e+01
5.853665924072265625e+01
5.852720642089843750e+01
5.852043533325195312e+01
5.851156234741210938e+01
5.849267578125000000e+01
5.846685791015625000e+01
5.846144104003906250e+01
5.843566513061523438e+01
5.840708923339843750e+01
5.837465667724609375e+01
5.834584426879882812e+01
5.833243560791015625e+01
5.829906845092773438e+01
5.827746582031250000e+01
5.826734161376953125e+01
5.825724792480468750e+01
5.825147628784179688e+01
5.824541473388671875e+01
5.823835754394531250e+01
5.822903823852539062e+01
5.821459197998046875e+01
5.820035171508789062e+01
5.819313812255859375e+01
5.818074417114257812e+01
5.816774749755859375e+01
5.816067123413085938e+01
5.815397644042968750e+01
5.813871765136718750e+01
5.812342071533203125e+01
5.811012268066406250e+01
5.809278869628906250e+01
5.808484649658203125e+01
5.807295989990234375e+01
5.805889129638671875e+01
5.804141998291015625e+01
5.802033996582031250e+01
5.800545501708984375e+01
5.798945617675781250e+01
5.798710632324218750e+01
5.798220062255859375e+01
5.797558975219726562e+01
5.796026611328125000e+01
5.794239807128906250e+01
5.791879653930664062e+01
5.789590072631835938e+01
5.787366867065429688e+01
5.786757278442382812e+01
5.786195373535156250e+01
5.784117126464843750e+01
5.783363342285156250e+01
5.782861328125000000e+01
5.782444000244140625e+01
5.781284332275390625e+01
5.780335998535156250e+01
5.778816986083984375e+01
5.777295684814453125e+01
5.776074218750000000e+01
5.774826049804687500e+01
5.773874282836914062e+01
5.771905517578125000e+01
5.769942474365234375e+01
5.767749404907226562e+01
5.766593933105468750e+01
5.765202331542968750e+01
5.764395523071289062e+01
5.763776779174804688e+01
5.763521575927734375e+01
5.763063049316406250e+01
5.762686920166015625e+01
5.762540435791015625e+01
5.762503814697265625e+01
5.762335205078125000e+01
5.762174224853515625e+01
5.761746978759765625e+01
5.761026000976562500e+01
5.760071945190429688e+01
5.759108734130859375e+01
5.757756423950195312e+01
5.756814575195312500e+01
5.755468368530273438e+01
5.754515075683593750e+01
5.752838897705078125e+01
5.750239562988281250e+01
5.748129653930664062e+01
5.746680068969726562e+01
5.745816040039062500e+01
5.743733215332031250e+01
5.741822052001953125e+01
5.741670989990234375e+01
5.739846038818359375e+01
5.737892913818359375e+01
5.735801696777343750e+01
5.734294509887695312e+01
5.732577514648437500e+01
5.731149291992187500e+01
5.729849624633789062e+01
5.728633880615234375e+01
5.727118682861328125e+01
5.725105285644531250e+01
5.723339462280273438e+01
5.719268035888671875e+01
5.716339874267578125e+01
5.714335250854492188e+01
5.712244033813476562e+01
5.710445404052734375e+01
5.707857513427734375e+01
5.705411148071289062e+01
5.703243255615234375e+01
5.702140045166015625e+01
5.700801086425781250e+01
5.699309158325195312e+01
5.696744537353515625e+01
5.694789123535156250e+01
5.691645050048828125e+01
5.690192413330078125e+01
5.689837646484375000e+01
5.687565612792968750e+01
5.687091064453125000e+01
5.686465835571289062e+01
5.685885238647460938e+01
5.684691619873046875e+01
5.684458923339843750e+01
5.682738494873046875e+01
5.679723358154296875e+01
5.677266693115234375e+01
5.675497436523437500e+01
5.674354553222656250e+01
5.673460388183593750e+01
5.672520446777343750e+01
5.672050476074218750e+01
5.671094512939453125e+01
5.669309997558593750e+01
5.668827819824218750e+01
5.667314147949218750e+01
5.663890838623046875e+01
5.661833190917968750e+01
5.656709671020507812e+01
5.652144622802734375e+01
5.648712921142578125e+01
5.646760177612304688e+01
5.645260620117187500e+01
5.643267822265625000e+01
5.639294052124023438e+01
5.636346817016601562e+01
5.630470275878906250e+01
5.627093505859375000e+01
5.623550415039062500e+01
5.621536254882812500e+01
5.620543289184570312e+01
5.619718933105468750e+01
5.618800354003906250e+01
5.617768859863281250e+01
5.617324066162109375e+01
5.616477966308593750e+01
5.616118240356445312e+01
5.615804290771484375e+01
5.615488052368164062e+01
5.615030288696289062e+01
5.614399719238281250e+01
5.613795089721679688e+01
5.613097000122070312e+01
5.612685012817382812e+01
5.611344909667968750e+01
5.609872055053710938e+01
5.606319427490234375e+01
5.603177642822265625e+01
5.601840209960937500e+01
5.600084686279296875e+01
5.598827362060546875e+01
5.598126983642578125e+01
5.597249984741210938e+01
5.596097564697265625e+01
5.595636749267578125e+01
5.594999694824218750e+01
5.594213485717773438e+01
5.593347167968750000e+01
5.592845535278320312e+01
5.591912078857421875e+01
5.591192626953125000e+01
5.590071868896484375e+01
5.589188385009765625e+01
5.588198852539062500e+01
5.587486267089843750e+01
5.586855316162109375e+01
5.586279296875000000e+01
5.585746765136718750e+01
5.585520172119140625e+01
5.585069274902343750e+01
5.584310913085937500e+01
5.583267974853515625e+01
5.582211303710937500e+01
5.581496810913085938e+01
5.581086349487304688e+01
5.580973052978515625e+01
5.580663299560546875e+01
5.580305862426757812e+01
5.579815673828125000e+01
5.579430389404296875e+01
5.578514862060546875e+01
5.578412628173828125e+01
5.577759552001953125e+01
5.576886749267578125e+01
5.576630020141601562e+01
5.575940322875976562e+01
5.574020385742187500e+01
5.573167037963867188e+01
5.571902465820312500e+01
5.570581054687500000e+01
5.568477630615234375e+01
5.566571044921875000e+01
5.565090179443359375e+01
5.564328765869140625e+01
5.563825988769531250e+01
5.563258361816406250e+01
5.562330627441406250e+01
5.561431884765625000e+01
5.560342407226562500e+01
5.558913040161132812e+01
5.558248901367187500e+01
5.555514144897460938e+01
5.553108215332031250e+01
5.550534820556640625e+01
5.548412322998046875e+01
5.546369934082031250e+01
5.544382476806640625e+01
5.543292236328125000e+01
5.542350769042968750e+01
5.541442108154296875e+01
5.541315841674804688e+01
5.540656280517578125e+01
5.540444183349609375e+01
5.539553833007812500e+01
5.538679504394531250e+01
5.537333679199218750e+01
5.535213470458984375e+01
5.533350372314453125e+01
5.532350921630859375e+01
5.530996704101562500e+01
5.529819869995117188e+01
5.528932189941406250e+01
5.528008270263671875e+01
5.526901245117187500e+01
5.525857162475585938e+01
5.524532318115234375e+01
5.524069595336914062e+01
5.523567581176757812e+01
5.523239898681640625e+01
5.523023986816406250e+01
5.522699737548828125e+01
5.522067260742187500e+01
5.521460723876953125e+01
5.521112823486328125e+01
5.520822143554687500e+01
5.519662094116210938e+01
5.518636322021484375e+01
5.516731262207031250e+01
5.514010620117187500e+01
5.511821746826171875e+01
5.507446289062500000e+01
5.504959869384765625e+01
5.502548217773437500e+01
5.502061462402343750e+01
5.500083160400390625e+01
5.498908996582031250e+01
5.498078155517578125e+01
5.497545242309570312e+01
5.496659851074218750e+01
5.494587707519531250e+01
5.491738891601562500e+01
5.489970779418945312e+01
5.488301849365234375e+01
5.487345123291015625e+01
5.486513519287109375e+01
5.486175155639648438e+01
5.485519409179687500e+01
5.484785461425781250e+01
5.483692169189453125e+01
5.482234573364257812e+01
5.480871582031250000e+01
5.479714202880859375e+01
5.478648757934570312e+01
5.477171325683593750e+01
5.474847030639648438e+01
5.472237014770507812e+01
5.468873596191406250e+01
5.465683364868164062e+01
5.463594818115234375e+01
5.462121200561523438e+01
5.461597442626953125e+01
5.460926055908203125e+01
5.460772705078125000e+01
5.460469055175781250e+01
5.460261917114257812e+01
5.459866714477539062e+01
5.459423828125000000e+01
5.459309387207031250e+01
5.458682250976562500e+01
5.458198165893554688e+01
5.457753753662109375e+01
5.457296752929687500e+01
5.456811523437500000e+01
5.455937957763671875e+01
5.455040359497070312e+01
5.454756164550781250e+01
5.454375457763671875e+01
5.453652191162109375e+01
5.453080749511718750e+01
5.452739715576171875e+01
5.452414703369140625e+01
5.452088165283203125e+01
5.451676559448242188e+01
5.450926971435546875e+01
5.449646759033203125e+01
5.448653411865234375e+01
5.448003387451171875e+01
5.447303771972656250e+01
5.447303771972656250e+01
5.447303771972656250e+01
