6.193255859375000000e+03
6.170776855468750000e+03
6.120615234375000000e+03
6.138787597656250000e+03
6.130580078125000000e+03
6.116822265625000000e+03
6.118385253906250000e+03
6.115977539062500000e+03
6.113344238281250000e+03
6.097998046875000000e+03
6.093044921875000000e+03
6.094049316406250000e+03
6.094475585937500000e+03
6.084919921875000000e+03
6.084381835937500000e+03
6.082049316406250000e+03
6.079806152343750000e+03
6.076449218750000000e+03
6.071437988281250000e+03
6.066373535156250000e+03
6.066885253906250000e+03
6.058838867187500000e+03
6.056116210937500000e+03
6.060980468750000000e+03
6.071349609375000000e+03
6.048802734375000000e+03
6.019320312500000000e+03
6.018920410156250000e+03
6.013130371093750000e+03
5.966669433593750000e+03
5.961403320312500000e+03
5.939748046875000000e+03
5.950837402343750000e+03
5.991082519531250000e+03
5.963358398437500000e+03
5.888292968750000000e+03
5.904230468750000000e+03
5.863801269531250000e+03
5.883912597656250000e+03
5.829520996093750000e+03
5.854200195312500000e+03
5.851377441406250000e+03
5.916749023437500000e+03
5.768454101562500000e+03
5.751827636718750000e+03
5.722105957031250000e+03
5.577254394531250000e+03
5.649313964843750000e+03
5.462463378906250000e+03
5.417759765625000000e+03
5.408514648437500000e+03
5.468812011718750000e+03
5.219644042968750000e+03
5.100849609375000000e+03
5.113423828125000000e+03
4.835311035156250000e+03
4.747026367187500000e+03
4.653803710937500000e+03
4.420971679687500000e+03
4.357611328125000000e+03
4.246341796875000000e+03
4.146414550781250000e+03
4.124908691406250000e+03
4.960082031250000000e+03
4.041075195312500000e+03
4.354068847656250000e+03
4.212674804687500000e+03
3.896800781250000000e+03
3.844398193359375000e+03
3.789235839843750000e+03
3.440110595703125000e+03
3.662749023437500000e+03
3.267115234375000000e+03
3.247403808593750000e+03
2.895484130859375000e+03
2.997346435546875000e+03
2.724753906250000000e+03
2.907257568359375000e+03
2.562258300781250000e+03
2.691754882812500000e+03
2.396785400390625000e+03
2.265099365234375000e+03
2.252186767578125000e+03
2.200220214843750000e+03
2.270749267578125000e+03
2.289068603515625000e+03
2.088533935546875000e+03
1.968550537109375000e+03
1.786863525390625000e+03
1.685146606445312500e+03
1.637976806640625000e+03
1.604339843750000000e+03
1.472931884765625000e+03
1.491500488281250000e+03
1.388333618164062500e+03
1.252648681640625000e+03
1.270693603515625000e+03
1.142691406250000000e+03
1.220747314453125000e+03
1.059069702148437500e+03
1.071297973632812500e+03
1.115875122070312500e+03
1.159420410156250000e+03
1.082189697265625000e+03
1.229426147460937500e+03
1.048800659179687500e+03
1.112079223632812500e+03
8.879182128906250000e+02
8.505305786132812500e+02
8.168664550781250000e+02
7.775310668945312500e+02
7.734062500000000000e+02
6.809211425781250000e+02
7.183712158203125000e+02
5.818909912109375000e+02
6.107600708007812500e+02
5.627257690429687500e+02
5.288098754882812500e+02
5.177417602539062500e+02
4.956883850097656250e+02
4.377953491210937500e+02
4.408665161132812500e+02
4.497849731445312500e+02
3.642935180664062500e+02
4.047033996582031250e+02
3.579457702636718750e+02
3.331425781250000000e+02
3.468512573242187500e+02
3.144132690429687500e+02
3.360737609863281250e+02
2.936801757812500000e+02
3.199261474609375000e+02
3.111566162109375000e+02
3.442328796386718750e+02
3.798250427246093750e+02
4.417587890625000000e+02
4.106505737304687500e+02
4.719753417968750000e+02
2.994093017578125000e+02
2.943913269042968750e+02
3.396015319824218750e+02
4.374276733398437500e+02
4.311079101562500000e+02
3.280645751953125000e+02
2.888466491699218750e+02
2.425827484130859375e+02
3.284855957031250000e+02
3.035972900390625000e+02
2.788353576660156250e+02
2.168607788085937500e+02
2.263289489746093750e+02
2.473233642578125000e+02
2.356168365478515625e+02
2.228589935302734375e+02
1.821797027587890625e+02
2.037897338867187500e+02
1.883760070800781250e+02
1.904129943847656250e+02
1.690472412109375000e+02
1.744458618164062500e+02
1.736700134277343750e+02
1.681627044677734375e+02
1.668090820312500000e+02
1.522712707519531250e+02
1.477805633544921875e+02
1.501968994140625000e+02
1.561819915771484375e+02
1.554777832031250000e+02
1.499922027587890625e+02
1.465090026855468750e+02
1.427620239257812500e+02
1.419407806396484375e+02
1.498043975830078125e+02
1.581244964599609375e+02
1.786254577636718750e+02
1.987003021240234375e+02
2.540239257812500000e+02
3.079447631835937500e+02
3.966577148437500000e+02
4.023003540039062500e+02
3.311651916503906250e+02
1.862519531250000000e+02
1.336957092285156250e+02
1.945391082763671875e+02
2.500851745605468750e+02
2.415763702392578125e+02
1.515409851074218750e+02
1.279337005615234375e+02
1.719459228515625000e+02
1.888435821533203125e+02
1.654825744628906250e+02
1.256662750244140625e+02
1.362778930664062500e+02
1.632662811279296875e+02
1.492857208251953125e+02
1.203781890869140625e+02
1.111356506347656250e+02
1.267366027832031250e+02
1.379927215576171875e+02
1.226941833496093750e+02
9.884042358398437500e+01
9.863865661621093750e+01
9.838450622558593750e+01
9.820916748046875000e+01
9.794364166259765625e+01
9.781404113769531250e+01
9.747293090820312500e+01
9.724755859375000000e+01
9.687554931640625000e+01
9.621707916259765625e+01
9.478550720214843750e+01
9.340127563476562500e+01
9.103794860839843750e+01
8.921354675292968750e+01
8.761888122558593750e+01
8.586076354980468750e+01
8.363716125488281250e+01
8.122921752929687500e+01
7.896658325195312500e+01
7.689848327636718750e+01
7.458036041259765625e+01
7.212913513183593750e+01
6.884985351562500000e+01
6.744798278808593750e+01
6.565405273437500000e+01
6.379431915283203125e+01
6.168753814697265625e+01
5.961914062500000000e+01
5.799308013916015625e+01
5.665510559082031250e+01
5.545583343505859375e+01
5.419928741455078125e+01
5.217528152465820312e+01
5.117453002929687500e+01
5.029307937622070312e+01
4.835636138916015625e+01
4.761504745483398438e+01
4.670905303955078125e+01
4.579152679443359375e+01
4.475094604492187500e+01
4.364031982421875000e+01
4.252963256835937500e+01
4.177051925659179688e+01
4.084354782104492188e+01
3.989410018920898438e+01
3.875728607177734375e+01
3.784336853027343750e+01
3.698637008666992188e+01
3.644759368896484375e+01
3.580552291870117188e+01
3.502958297729492188e+01
3.421584701538085938e+01
3.385549926757812500e+01
3.357189178466796875e+01
3.322169113159179688e+01
3.284017944335937500e+01
3.235510635375976562e+01
3.196411895751953125e+01
3.165255546569824219e+01
3.139934921264648438e+01
3.108100128173828125e+01
3.055612182617187500e+01
3.026208496093750000e+01
2.986137390136718750e+01
2.945956420898437500e+01
2.898536491394042969e+01
2.848361968994140625e+01
2.812705230712890625e+01
2.785971069335937500e+01
2.738315773010253906e+01
2.678637313842773438e+01
2.620894241333007812e+01
2.571529769897460938e+01
2.538516426086425781e+01
2.511330413818359375e+01
2.455635452270507812e+01
2.400114059448242188e+01
2.351802825927734375e+01
2.325109100341796875e+01
2.295055389404296875e+01
2.253375625610351562e+01
2.200060844421386719e+01
2.139867973327636719e+01
2.104470062255859375e+01
2.073313331604003906e+01
2.058882522583007812e+01
2.037987709045410156e+01
2.014726066589355469e+01
1.985084533691406250e+01
1.951190757751464844e+01
1.929061889648437500e+01
1.905702209472656250e+01
1.869908905029296875e+01
1.834734153747558594e+01
1.807319641113281250e+01
1.765804481506347656e+01
1.751217079162597656e+01
1.721375465393066406e+01
1.700426292419433594e+01
1.672118377685546875e+01
1.647418594360351562e+01
1.632730293273925781e+01
1.592804050445556641e+01
1.574320316314697266e+01
1.551133060455322266e+01
1.538538360595703125e+01
1.519360446929931641e+01
1.501906394958496094e+01
1.480621719360351562e+01
1.468588066101074219e+01
1.458775520324707031e+01
1.451925182342529297e+01
1.436905288696289062e+01
1.419834327697753906e+01
1.389436531066894531e+01
1.365033817291259766e+01
1.335434341430664062e+01
1.320092010498046875e+01
1.304089641571044922e+01
1.300524711608886719e+01
1.269046783447265625e+01
1.250388526916503906e+01
1.225341987609863281e+01
1.192929172515869141e+01
1.152840423583984375e+01
1.118236160278320312e+01
1.097656631469726562e+01
1.071825027465820312e+01
1.050063705444335938e+01
1.026209259033203125e+01
1.011258792877197266e+01
9.969185829162597656e+00
9.830340385437011719e+00
9.647796630859375000e+00
9.481445312500000000e+00
9.329946517944335938e+00
9.215135574340820312e+00
9.078448295593261719e+00
8.909096717834472656e+00
8.726292610168457031e+00
8.595550537109375000e+00
8.433026313781738281e+00
8.352252006530761719e+00
8.220286369323730469e+00
8.144808769226074219e+00
8.080546379089355469e+00
7.966751575469970703e+00
7.856911659240722656e+00
7.709607124328613281e+00
7.656793594360351562e+00
7.555186271667480469e+00
7.398470878601074219e+00
7.294614791870117188e+00
7.186211585998535156e+00
7.128314018249511719e+00
7.061779499053955078e+00
6.978244781494140625e+00
6.876050949096679688e+00
6.802635192871093750e+00
6.716069221496582031e+00
6.556464195251464844e+00
6.411808013916015625e+00
6.350331306457519531e+00
6.265586376190185547e+00
6.189121246337890625e+00
6.101428985595703125e+00
6.013556480407714844e+00
5.918737411499023438e+00
5.866459369659423828e+00
5.818755149841308594e+00
5.725895881652832031e+00
5.596600055694580078e+00
5.480269432067871094e+00
5.384547233581542969e+00
5.322646141052246094e+00
5.269983768463134766e+00
5.210041999816894531e+00
5.163163185119628906e+00
5.091397762298583984e+00
4.994816780090332031e+00
4.912682533264160156e+00
4.829764842987060547e+00
4.760932922363281250e+00
4.684277534484863281e+00
4.573594093322753906e+00
4.511075973510742188e+00
4.449263572692871094e+00
4.391593933105468750e+00
4.354279041290283203e+00
4.278665542602539062e+00
4.230644226074218750e+00
4.160757064819335938e+00
4.099950313568115234e+00
4.050436019897460938e+00
4.000830173492431641e+00
3.922816753387451172e+00
3.910812377929687500e+00
3.861342906951904297e+00
3.830241680145263672e+00
3.785695075988769531e+00
3.729121208190917969e+00
3.678796291351318359e+00
3.625338554382324219e+00
3.597611427307128906e+00
3.573598384857177734e+00
3.538182258605957031e+00
3.489978790283203125e+00
3.450100660324096680e+00
3.421537637710571289e+00
3.389295339584350586e+00
3.342958688735961914e+00
3.302692890167236328e+00
3.271400451660156250e+00
3.236583232879638672e+00
3.221927881240844727e+00
3.167623758316040039e+00
3.143867015838623047e+00
3.109523773193359375e+00
3.057600498199462891e+00
3.025221347808837891e+00
2.974139690399169922e+00
2.937029838562011719e+00
2.883807659149169922e+00
2.821581125259399414e+00
2.786169528961181641e+00
2.737450599670410156e+00
2.701811790466308594e+00
2.665995121002197266e+00
2.629890918731689453e+00
2.610534667968750000e+00
2.585933685302734375e+00
2.562134027481079102e+00
2.511509895324707031e+00
2.494613885879516602e+00
2.462468385696411133e+00
2.446056842803955078e+00
2.422178268432617188e+00
2.393024921417236328e+00
2.364585399627685547e+00
2.337346076965332031e+00
2.320291519165039062e+00
2.302643299102783203e+00
2.273985624313354492e+00
2.247057914733886719e+00
2.217325210571289062e+00
2.187553405761718750e+00
2.146017074584960938e+00
2.124771833419799805e+00
2.102306127548217773e+00
2.068938732147216797e+00
2.047408580780029297e+00
2.015731573104858398e+00
1.987561225891113281e+00
1.956566929817199707e+00
1.926969766616821289e+00
1.905802488327026367e+00
1.884888887405395508e+00
1.854224920272827148e+00
1.832630991935729980e+00
1.814619064331054688e+00
1.801623106002807617e+00
1.776067972183227539e+00
1.761102437973022461e+00
1.734328508377075195e+00
1.715054512023925781e+00
1.699663639068603516e+00
1.686681270599365234e+00
1.670415878295898438e+00
1.654435753822326660e+00
1.626621246337890625e+00
1.609634160995483398e+00
1.588954687118530273e+00
1.576746463775634766e+00
1.562464118003845215e+00
1.551912665367126465e+00
1.536516308784484863e+00
1.513103485107421875e+00
1.500392675399780273e+00
1.482820272445678711e+00
1.467494010925292969e+00
1.459850788116455078e+00
1.448747992515563965e+00
1.439310550689697266e+00
1.429907917976379395e+00
1.415594816207885742e+00
1.391306161880493164e+00
1.374823212623596191e+00
1.353903532028198242e+00
1.337599515914916992e+00
1.320906162261962891e+00
1.308088779449462891e+00
1.292467355728149414e+00
1.282734274864196777e+00
1.274180650711059570e+00
1.263701677322387695e+00
1.249184131622314453e+00
1.235617518424987793e+00
1.224362015724182129e+00
1.217846870422363281e+00
1.209370136260986328e+00
1.201149821281433105e+00
1.192842960357666016e+00
1.178413867950439453e+00
1.161545157432556152e+00
1.152511358261108398e+00
1.141810655593872070e+00
1.132892012596130371e+00
1.121422529220581055e+00
1.110767841339111328e+00
1.106348633766174316e+00
1.098224282264709473e+00
1.095771670341491699e+00
1.086726665496826172e+00
1.083507537841796875e+00
1.079039692878723145e+00
1.070605754852294922e+00
1.064760446548461914e+00
1.054322123527526855e+00
1.048795938491821289e+00
1.043481230735778809e+00
1.029445767402648926e+00
1.025582075119018555e+00
1.012163877487182617e+00
1.002004384994506836e+00
9.884029626846313477e-01
9.842342138290405273e-01
9.762743711471557617e-01
9.704205393791198730e-01
9.626365303993225098e-01
9.526832699775695801e-01
9.426011443138122559e-01
9.357141256332397461e-01
9.301311969757080078e-01
9.256966114044189453e-01
9.187027215957641602e-01
9.117144346237182617e-01
9.057930707931518555e-01
8.970987796783447266e-01
8.867254257202148438e-01
8.776332139968872070e-01
8.681167960166931152e-01
8.595986366271972656e-01
8.538310527801513672e-01
8.469216823577880859e-01
8.411042690277099609e-01
8.348453044891357422e-01
8.214789628982543945e-01
8.095493316650390625e-01
7.936035394668579102e-01
7.875413298606872559e-01
7.813495397567749023e-01
7.744067907333374023e-01
7.671643495559692383e-01
7.581012248992919922e-01
7.521243095397949219e-01
7.446734905242919922e-01
7.389636039733886719e-01
7.347356081008911133e-01
7.329472303390502930e-01
7.250782251358032227e-01
7.214528322219848633e-01
7.163478136062622070e-01
7.101974487304687500e-01
7.046027779579162598e-01
6.982679367065429688e-01
6.949956417083740234e-01
6.908342838287353516e-01
6.852501630783081055e-01
6.766314506530761719e-01
6.716636419296264648e-01
6.670805811882019043e-01
6.640096902847290039e-01
6.611635684967041016e-01
6.541115641593933105e-01
6.492096781730651855e-01
6.453519463539123535e-01
6.423236727714538574e-01
6.386083960533142090e-01
6.320343017578125000e-01
6.266918182373046875e-01
6.231827735900878906e-01
6.178210973739624023e-01
6.145331859588623047e-01
6.105203628540039062e-01
6.050866842269897461e-01
6.016539931297302246e-01
5.963180065155029297e-01
5.913010835647583008e-01
5.878967642784118652e-01
5.848078727722167969e-01
5.781275033950805664e-01
5.709955692291259766e-01
5.663170814514160156e-01
5.573532581329345703e-01
5.496318936347961426e-01
5.444024801254272461e-01
5.394581556320190430e-01
5.358554124832153320e-01
5.324079990386962891e-01
5.277603864669799805e-01
5.237700939178466797e-01
5.193197727203369141e-01
5.161055326461791992e-01
5.119192600250244141e-01
5.042093992233276367e-01
5.017552375793457031e-01
4.961867332458496094e-01
4.931534528732299805e-01
4.903909564018249512e-01
4.876950383186340332e-01
4.818123579025268555e-01
4.757474660873413086e-01
4.724571108818054199e-01
4.691157042980194092e-01
4.652445316314697266e-01
4.612767398357391357e-01
4.591453969478607178e-01
4.576443433761596680e-01
4.546493589878082275e-01
4.506193995475769043e-01
4.457268714904785156e-01
4.401836395263671875e-01
4.376394152641296387e-01
4.356912970542907715e-01
4.330769777297973633e-01
4.290019869804382324e-01
4.265351593494415283e-01
4.236397743225097656e-01
4.218204021453857422e-01
4.174414277076721191e-01
4.125015139579772949e-01
4.099779129028320312e-01
4.058954715728759766e-01
4.041049480438232422e-01
4.010655581951141357e-01
3.968808054924011230e-01
3.930110335350036621e-01
3.895323276519775391e-01
3.883531093597412109e-01
3.863219022750854492e-01
3.842170834541320801e-01
3.824112117290496826e-01
3.799132704734802246e-01
3.769698143005371094e-01
3.743885159492492676e-01
3.719189763069152832e-01
3.691030144691467285e-01
3.663321137428283691e-01
3.639276027679443359e-01
3.615786433219909668e-01
3.594730198383331299e-01
3.564527928829193115e-01
3.532513380050659180e-01
3.506751358509063721e-01
3.477475643157958984e-01
3.452937006950378418e-01
3.429216742515563965e-01
3.386086821556091309e-01
3.362865447998046875e-01
3.333040773868560791e-01
3.320721387863159180e-01
3.297042250633239746e-01
3.266110420227050781e-01
3.233008384704589844e-01
3.211076259613037109e-01
3.196182548999786377e-01
3.185886740684509277e-01
3.161343932151794434e-01
3.146582245826721191e-01
3.132699429988861084e-01
3.116146922111511230e-01
3.103612065315246582e-01
3.086831569671630859e-01
3.071722090244293213e-01
3.054663240909576416e-01
3.046452999114990234e-01
3.021868467330932617e-01
3.019783496856689453e-01
2.996292710304260254e-01
2.984472513198852539e-01
2.969911694526672363e-01
2.954568564891815186e-01
2.934879064559936523e-01
2.920060157775878906e-01
2.899522781372070312e-01
2.887748181819915771e-01
2.872607707977294922e-01
2.860156595706939697e-01
2.848764061927795410e-01
2.837816178798675537e-01
2.824430465698242188e-01
2.811289131641387939e-01
2.799937129020690918e-01
2.787542939186096191e-01
2.774477005004882812e-01
2.760458886623382568e-01
2.734318375587463379e-01
2.707521915435791016e-01
2.677205204963684082e-01
2.651434242725372314e-01
2.638268172740936279e-01
2.625771164894104004e-01
2.610716223716735840e-01
2.595012784004211426e-01
2.576995790004730225e-01
2.562370598316192627e-01
2.542739510536193848e-01
2.523358762264251709e-01
2.507430613040924072e-01
2.477289736270904541e-01
2.451408058404922485e-01
2.445601671934127808e-01
2.426249682903289795e-01
2.421562671661376953e-01
2.410838603973388672e-01
2.393679022789001465e-01
2.381168901920318604e-01
2.372666299343109131e-01
2.358967065811157227e-01
2.348138988018035889e-01
2.340510487556457520e-01
2.325848042964935303e-01
2.321443557739257812e-01
2.308457195758819580e-01
2.295419722795486450e-01
2.282371222972869873e-01
2.273752540349960327e-01
2.267658710479736328e-01
2.260133326053619385e-01
2.249607294797897339e-01
2.238765209913253784e-01
2.229660004377365112e-01
2.217868864536285400e-01
2.210025489330291748e-01
2.201750576496124268e-01
2.200314104557037354e-01
2.193187624216079712e-01
2.189488112926483154e-01
2.185165435075759888e-01
2.179525196552276611e-01
2.169375717639923096e-01
2.163144350051879883e-01
2.158142030239105225e-01
2.152716964483261108e-01
2.147895693778991699e-01
2.138552814722061157e-01
2.133826017379760742e-01
2.127638161182403564e-01
2.124153077602386475e-01
2.121602296829223633e-01
2.115024328231811523e-01
2.105771005153656006e-01
2.101753354072570801e-01
2.091604918241500854e-01
2.087968140840530396e-01
2.083076387643814087e-01
2.077450901269912720e-01
2.071694135665893555e-01
2.064262032508850098e-01
2.060282379388809204e-01
2.054849714040756226e-01
2.047825455665588379e-01
2.040500640869140625e-01
2.027960866689682007e-01
2.016893327236175537e-01
2.007144987583160400e-01
1.995553970336914062e-01
1.991587579250335693e-01
1.982373744249343872e-01
1.974726915359497070e-01
1.968286633491516113e-01
1.956981271505355835e-01
1.952505707740783691e-01
1.945006847381591797e-01
1.941409260034561157e-01
1.934659183025360107e-01
1.929151415824890137e-01
1.923558115959167480e-01
1.917882561683654785e-01
1.915836930274963379e-01
1.912195086479187012e-01
1.907012313604354858e-01
1.902531832456588745e-01
1.893189102411270142e-01
1.886996328830718994e-01
1.876529902219772339e-01
1.869060993194580078e-01
1.863090693950653076e-01
1.860319077968597412e-01
1.857332587242126465e-01
1.852494776248931885e-01
1.847733855247497559e-01
1.841569244861602783e-01
1.835855245590209961e-01
1.829486340284347534e-01
1.825040578842163086e-01
1.817096918821334839e-01
1.813080012798309326e-01
1.806822270154953003e-01
1.799779832363128662e-01
1.793753802776336670e-01
1.787415444850921631e-01
1.780001223087310791e-01
1.771798729896545410e-01
1.762641072273254395e-01
1.759629398584365845e-01
1.749830991029739380e-01
1.745371222496032715e-01
1.740429401397705078e-01
1.735188513994216919e-01
1.729919910430908203e-01
1.722519099712371826e-01
1.717109382152557373e-01
1.710163056850433350e-01
1.702821254730224609e-01
1.697736829519271851e-01
1.692161858081817627e-01
1.688388288021087646e-01
1.682196855545043945e-01
1.674427092075347900e-01
1.670393645763397217e-01
1.663114130496978760e-01
1.658205240964889526e-01
1.653677076101303101e-01
1.650663912296295166e-01
1.646092832088470459e-01
1.642632484436035156e-01
1.639703810214996338e-01
1.634354591369628906e-01
1.624383032321929932e-01
1.620506793260574341e-01
1.615988761186599731e-01
1.612760722637176514e-01
1.610477417707443237e-01
1.606533974409103394e-01
1.599787473678588867e-01
1.593813300132751465e-01
1.586687564849853516e-01
1.579583585262298584e-01
1.572819799184799194e-01
1.565645188093185425e-01
1.563532799482345581e-01
1.556689143180847168e-01
1.554975211620330811e-01
1.550186574459075928e-01
1.544802188873291016e-01
1.539758592844009399e-01
1.535302251577377319e-01
1.530380696058273315e-01
1.525786370038986206e-01
1.517194658517837524e-01
1.513957083225250244e-01
1.510408818721771240e-01
1.506406515836715698e-01
1.503406167030334473e-01
1.495180279016494751e-01
1.485906541347503662e-01
1.481228470802307129e-01
1.474633067846298218e-01
1.470759809017181396e-01
1.466356366872787476e-01
1.460183560848236084e-01
1.457052677869796753e-01
1.450906693935394287e-01
1.445738077163696289e-01
1.440191715955734253e-01
1.433088183403015137e-01
1.426098048686981201e-01
1.421212852001190186e-01
1.416371315717697144e-01
1.411910057067871094e-01
1.401455402374267578e-01
1.395314186811447144e-01
1.386530101299285889e-01
1.381370425224304199e-01
1.375340223312377930e-01
1.367296129465103149e-01
1.361067593097686768e-01
1.356835365295410156e-01
1.353776454925537109e-01
1.350235641002655029e-01
1.343898028135299683e-01
1.337180435657501221e-01
1.331119239330291748e-01
1.324900388717651367e-01
1.320571750402450562e-01
1.315253973007202148e-01
1.312851756811141968e-01
1.310153305530548096e-01
1.307105720043182373e-01
1.304479092359542847e-01
1.298866868019104004e-01
1.289973855018615723e-01
1.286560893058776855e-01
1.280448734760284424e-01
1.278291940689086914e-01
1.275482624769210815e-01
1.273337304592132568e-01
1.269209384918212891e-01
1.262810677289962769e-01
1.253368258476257324e-01
1.250225156545639038e-01
1.244448199868202209e-01
1.242062747478485107e-01
1.239918395876884460e-01
1.236788332462310791e-01
1.232534646987915039e-01
1.227299645543098450e-01
1.221463233232498169e-01
1.214011460542678833e-01
1.207073107361793518e-01
1.200589388608932495e-01
1.196664273738861084e-01
1.191814094781875610e-01
1.188456267118453979e-01
1.185217648744583130e-01
1.182484999299049377e-01
1.180721297860145569e-01
1.175837963819503784e-01
1.173710897564888000e-01
1.171422526240348816e-01
1.168774440884590149e-01
1.165893077850341797e-01
1.157409995794296265e-01
1.152335777878761292e-01
1.144881546497344971e-01
1.141793578863143921e-01
1.139459460973739624e-01
1.137376129627227783e-01
1.133162006735801697e-01
1.129639223217964172e-01
1.126065999269485474e-01
1.123874038457870483e-01
1.120223551988601685e-01
1.115699261426925659e-01
1.112787872552871704e-01
1.107503473758697510e-01
1.104762107133865356e-01
1.101173684000968933e-01
1.097221001982688904e-01
1.093308031558990479e-01
1.091096997261047363e-01
1.089323535561561584e-01
1.087452620267868042e-01
1.084941029548645020e-01
1.081446409225463867e-01
1.077527254819869995e-01
1.075364649295806885e-01
1.072216629981994629e-01
1.070456206798553467e-01
1.068884059786796570e-01
1.065201908349990845e-01
1.062419116497039795e-01
1.058423817157745361e-01
1.055537983775138855e-01
1.052236407995223999e-01
1.049468964338302612e-01
1.046800017356872559e-01
1.044663190841674805e-01
1.042353510856628418e-01
1.039442941546440125e-01
1.036014854907989502e-01
1.032336726784706116e-01
1.028018370270729065e-01
1.023331210017204285e-01
1.018882319331169128e-01
1.016357988119125366e-01
1.012958437204360962e-01
1.010933890938758850e-01
1.009169220924377441e-01
1.006539016962051392e-01
1.004606708884239197e-01
1.000010669231414795e-01
9.973719716072082520e-02
9.939786791801452637e-02
9.888815879821777344e-02
9.852814674377441406e-02
9.819285571575164795e-02
9.795480966567993164e-02
9.759609401226043701e-02
9.726846963167190552e-02
9.695602208375930786e-02
9.665154665708541870e-02
9.640439599752426147e-02
9.608427435159683228e-02
9.539822489023208618e-02
9.484849870204925537e-02
9.431871771812438965e-02
9.372950345277786255e-02
9.328728914260864258e-02
9.289571642875671387e-02
9.234238415956497192e-02
9.203670918941497803e-02
9.154387563467025757e-02
9.106415510177612305e-02
9.068198502063751221e-02
9.031704813241958618e-02
9.005578607320785522e-02
8.972366154193878174e-02
8.927308022975921631e-02
8.879385888576507568e-02
8.864716440439224243e-02
8.834153413772583008e-02
8.808845281600952148e-02
8.790464699268341064e-02
8.770846575498580933e-02
8.744005858898162842e-02
8.699321001768112183e-02
8.670198172330856323e-02
8.643867820501327515e-02
8.621672540903091431e-02
8.595617860555648804e-02
8.580220490694046021e-02
8.548638969659805298e-02
8.525817841291427612e-02
8.503222465515136719e-02
8.478631824254989624e-02
8.448755741119384766e-02
8.416590839624404907e-02
8.388468623161315918e-02
8.363342285156250000e-02
8.334085345268249512e-02
8.304303884506225586e-02
8.254060894250869751e-02
8.234904706478118896e-02
8.215036243200302124e-02
8.197128772735595703e-02
8.178756386041641235e-02
8.145016431808471680e-02
8.138222247362136841e-02
8.091355860233306885e-02
8.077178895473480225e-02
8.062163740396499634e-02
8.058253675699234009e-02
8.039280772209167480e-02
8.026499301195144653e-02
8.007824420928955078e-02
7.983877509832382202e-02
7.943591475486755371e-02
7.915224134922027588e-02
7.900938391685485840e-02
7.889192551374435425e-02
7.877377420663833618e-02
7.854945957660675049e-02
7.829931378364562988e-02
7.806634902954101562e-02
7.790904492139816284e-02
7.771098613739013672e-02
7.759305834770202637e-02
7.746285200119018555e-02
7.735975831747055054e-02
7.725715637207031250e-02
7.700506597757339478e-02
7.692393660545349121e-02
7.670029997825622559e-02
7.648645341396331787e-02
7.613945752382278442e-02
7.584806531667709351e-02
7.562363147735595703e-02
7.542673498392105103e-02
7.527084648609161377e-02
7.514593005180358887e-02
7.503740489482879639e-02
7.486179471015930176e-02
7.475750893354415894e-02
7.463768124580383301e-02
7.430063188076019287e-02
7.397879660129547119e-02
7.367738336324691772e-02
7.350670546293258667e-02
7.327515631914138794e-02
7.302179932594299316e-02
7.273113727569580078e-02
7.244744896888732910e-02
7.231159508228302002e-02
7.216817885637283325e-02
7.206208258867263794e-02
7.193478196859359741e-02
7.183825224637985229e-02
7.171825319528579712e-02
7.150956988334655762e-02
7.121613621711730957e-02
7.099644839763641357e-02
7.075058668851852417e-02
7.054976373910903931e-02
7.032578438520431519e-02
7.018945366144180298e-02
6.996042281389236450e-02
6.982969492673873901e-02
6.966274231672286987e-02
6.953279674053192139e-02
6.942149996757507324e-02
6.927380710840225220e-02
6.904505193233489990e-02
6.885221600532531738e-02
6.850486993789672852e-02
6.845489889383316040e-02
6.825767457485198975e-02
6.816094368696212769e-02
6.797247380018234253e-02
6.793244928121566772e-02
6.768026947975158691e-02
6.755205988883972168e-02
6.738679856061935425e-02
6.718635559082031250e-02
6.710068881511688232e-02
6.689584255218505859e-02
6.675776839256286621e-02
6.658200174570083618e-02
6.649038940668106079e-02
6.640053540468215942e-02
6.630738824605941772e-02
6.621488183736801147e-02
6.600675731897354126e-02
6.589242815971374512e-02
6.573903560638427734e-02
6.564370542764663696e-02
6.557310372591018677e-02
6.542570888996124268e-02
6.518754363059997559e-02
6.490341573953628540e-02
6.481543183326721191e-02
6.467111408710479736e-02
6.458862125873565674e-02
6.449508666992187500e-02
6.433331221342086792e-02
6.423598527908325195e-02
6.411334127187728882e-02
6.403949856758117676e-02
6.395206600427627563e-02
6.380474567413330078e-02
6.364579498767852783e-02
6.350063532590866089e-02
6.329531967639923096e-02
6.316951662302017212e-02
6.295237690210342407e-02
6.279942393302917480e-02
6.263612955808639526e-02
6.240652874112129211e-02
6.222345679998397827e-02
6.205924600362777710e-02
6.184465810656547546e-02
6.173153594136238098e-02
6.151700392365455627e-02
6.132520735263824463e-02
6.123716011643409729e-02
6.107749417424201965e-02
6.098295003175735474e-02
6.083764135837554932e-02
6.066582351922988892e-02
6.054724007844924927e-02
6.032260879874229431e-02
6.021757423877716064e-02
6.009993702173233032e-02
5.997433513402938843e-02
5.982420593500137329e-02
5.967823415994644165e-02
5.954091623425483704e-02
5.937131494283676147e-02
5.922550708055496216e-02
5.902166664600372314e-02
5.886241048574447632e-02
5.880342423915863037e-02
5.872446671128273010e-02
5.862635374069213867e-02
5.847557634115219116e-02
5.830322206020355225e-02
5.815180763602256775e-02
5.804325640201568604e-02
5.797724053263664246e-02
5.776173621416091919e-02
5.768376588821411133e-02
5.761192739009857178e-02
5.749147385358810425e-02
5.742916464805603027e-02
5.731200799345970154e-02
5.726144090294837952e-02
5.716375634074211121e-02
5.709047988057136536e-02
5.702644214034080505e-02
5.694867670536041260e-02
5.686241760849952698e-02
5.676227807998657227e-02
5.669047683477401733e-02
5.658727139234542847e-02
5.648440867662429810e-02
5.638543143868446350e-02
5.619104206562042236e-02
5.606802552938461304e-02
5.582045763731002808e-02
5.565078556537628174e-02
5.549965053796768188e-02
5.537208914756774902e-02
5.529519170522689819e-02
5.521315336227416992e-02
5.513070523738861084e-02
5.506893247365951538e-02
5.498993396759033203e-02
5.478832498192787170e-02
5.475848540663719177e-02
5.449249595403671265e-02
5.440803989768028259e-02
5.429407954216003418e-02
5.420701578259468079e-02
5.411664396524429321e-02
5.399036034941673279e-02
5.388211458921432495e-02
5.368738248944282532e-02
5.355080962181091309e-02
5.345921590924263000e-02
5.336285382509231567e-02
5.326457694172859192e-02
5.319314450025558472e-02
5.309403687715530396e-02
5.303645506501197815e-02
5.294013768434524536e-02
5.281854420900344849e-02
5.270344763994216919e-02
5.260249599814414978e-02
5.252123251557350159e-02
5.242002382874488831e-02
5.235920101404190063e-02
5.226234719157218933e-02
5.222390592098236084e-02
5.215643346309661865e-02
5.200821533799171448e-02
5.195446684956550598e-02
5.182257667183876038e-02
5.172734707593917847e-02
5.162695422768592834e-02
5.154852196574211121e-02
5.144139379262924194e-02
5.134689435362815857e-02
5.125356465578079224e-02
5.119229480624198914e-02
5.109240859746932983e-02
5.100715160369873047e-02
5.093684792518615723e-02
5.082283169031143188e-02
5.078634619712829590e-02
5.066338554024696350e-02
5.061063915491104126e-02
5.053415894508361816e-02
5.040734633803367615e-02
5.036487057805061340e-02
5.019048228859901428e-02
5.013110116124153137e-02
5.008235946297645569e-02
4.999246448278427124e-02
4.990908503532409668e-02
4.977098107337951660e-02
4.968524724245071411e-02
4.959376528859138489e-02
4.950269311666488647e-02
4.939517378807067871e-02
4.930555820465087891e-02
4.916981607675552368e-02
4.911295324563980103e-02
4.897581413388252258e-02
4.885286092758178711e-02
4.876456782221794128e-02
4.869948700070381165e-02
4.862623289227485657e-02
4.852205514907836914e-02
4.833705350756645203e-02
4.829818010330200195e-02
4.816271364688873291e-02
4.811872914433479309e-02
4.801923409104347229e-02
4.795359447598457336e-02
4.787024110555648804e-02
4.779057949781417847e-02
4.772562533617019653e-02
4.767865687608718872e-02
4.756940901279449463e-02
4.751684144139289856e-02
4.746161401271820068e-02
4.736009985208511353e-02
4.727320373058319092e-02
4.712413251399993896e-02
4.707086086273193359e-02
4.701797291636466980e-02
4.694681242108345032e-02
4.672485217452049255e-02
4.665102809667587280e-02
4.650276154279708862e-02
4.641133919358253479e-02
4.632972925901412964e-02
4.623537510633468628e-02
4.612437635660171509e-02
4.598063603043556213e-02
4.591587930917739868e-02
4.586826637387275696e-02
4.579786956310272217e-02
4.571634531021118164e-02
4.561669379472732544e-02
4.551807790994644165e-02
4.542937874794006348e-02
4.525054246187210083e-02
4.515604302287101746e-02
4.502317309379577637e-02
4.493682831525802612e-02
4.480145871639251709e-02
4.476626217365264893e-02
4.463559389114379883e-02
4.457818716764450073e-02
4.453559219837188721e-02
4.445572942495346069e-02
4.433356225490570068e-02
4.422103613615036011e-02
4.409130662679672241e-02
4.398290067911148071e-02
4.394485056400299072e-02
4.387605935335159302e-02
4.377246648073196411e-02
4.365588352084159851e-02
4.352770373225212097e-02
4.344642907381057739e-02
4.336190223693847656e-02
4.329224303364753723e-02
4.323517903685569763e-02
4.318236559629440308e-02
4.310367628931999207e-02
4.305299371480941772e-02
4.298886656761169434e-02
4.289318621158599854e-02
4.285141080617904663e-02
4.277350753545761108e-02
4.271757230162620544e-02
4.263256490230560303e-02
4.253231734037399292e-02
4.247539117932319641e-02
4.235959798097610474e-02
4.231420904397964478e-02
4.224389418959617615e-02
4.215132445096969604e-02
4.209779947996139526e-02
4.205271974205970764e-02
4.201439023017883301e-02
4.197160154581069946e-02
4.184854030609130859e-02
4.178689792752265930e-02
4.167983680963516235e-02
4.160350561141967773e-02
4.153525456786155701e-02
4.146122932434082031e-02
4.139687120914459229e-02
4.132414236664772034e-02
4.126172512769699097e-02
4.120111465454101562e-02
4.112935811281204224e-02
4.109905660152435303e-02
4.104471951723098755e-02
4.098499566316604614e-02
4.088233783841133118e-02
4.075313732028007507e-02
4.067933931946754456e-02
4.059042781591415405e-02
4.056124761700630188e-02
4.051814228296279907e-02
4.039032012224197388e-02
4.034601151943206787e-02
4.028153046965599060e-02
4.024843499064445496e-02
4.019654542207717896e-02
4.013010859489440918e-02
4.007789120078086853e-02
4.002192988991737366e-02
3.996256738901138306e-02
3.990278020501136780e-02
3.986867144703865051e-02
3.979172185063362122e-02
3.975977748632431030e-02
3.970590233802795410e-02
3.963387385010719299e-02
3.960157558321952820e-02
3.949773311614990234e-02
3.946230933070182800e-02
3.941781073808670044e-02
3.936248645186424255e-02
3.930518776178359985e-02
3.924958780407905579e-02
3.919694945216178894e-02
3.915623575448989868e-02
3.909942507743835449e-02
3.905253112316131592e-02
3.902490809559822083e-02
3.897826001048088074e-02
3.892940282821655273e-02
3.887883573770523071e-02
3.883922100067138672e-02
3.879189118742942810e-02
3.875007107853889465e-02
3.868872672319412231e-02
3.863319754600524902e-02
3.859664127230644226e-02
3.854199498891830444e-02
3.850758448243141174e-02
3.846064954996109009e-02
3.840827941894531250e-02
3.835701569914817810e-02
3.830486163496971130e-02
3.826630860567092896e-02
3.821683302521705627e-02
3.816244751214981079e-02
3.809815272688865662e-02
3.798747062683105469e-02
3.792541101574897766e-02
3.784813731908798218e-02
3.778366744518280029e-02
3.772943094372749329e-02
3.765723854303359985e-02
3.749937191605567932e-02
3.737789019942283630e-02
3.726274147629737854e-02
3.723235800862312317e-02
3.713592886924743652e-02
3.709200024604797363e-02
3.700440376996994019e-02
3.689412772655487061e-02
3.683721274137496948e-02
3.675589337944984436e-02
3.670069575309753418e-02
3.665547072887420654e-02
3.658282384276390076e-02
3.649383410811424255e-02
3.641772270202636719e-02
3.632909432053565979e-02
3.629009053111076355e-02
3.624465689063072205e-02
3.615754842758178711e-02
3.610509634017944336e-02
3.600892797112464905e-02
3.593336418271064758e-02
3.586457669734954834e-02
3.580785170197486877e-02
3.577191755175590515e-02
3.569862619042396545e-02
3.557442873716354370e-02
3.546715527772903442e-02
3.541831299662590027e-02
3.536369651556015015e-02
3.530239313840866089e-02
3.525979071855545044e-02
3.520023822784423828e-02
3.512659668922424316e-02
3.504042699933052063e-02
3.499024733901023865e-02
3.494140878319740295e-02
3.489964082837104797e-02
3.485629707574844360e-02
3.481116518378257751e-02
3.474104776978492737e-02
3.468186035752296448e-02
3.463795781135559082e-02
3.458151221275329590e-02
3.452601283788681030e-02
3.449201956391334534e-02
3.442762419581413269e-02
3.435501456260681152e-02
3.427362442016601562e-02
3.420488536357879639e-02
3.415481001138687134e-02
3.410331904888153076e-02
3.404756635427474976e-02
3.397354483604431152e-02
3.390859812498092651e-02
3.383237496018409729e-02
3.371248766779899597e-02
3.364094346761703491e-02
3.354219347238540649e-02
3.343299776315689087e-02
3.332785889506340027e-02
3.326793387532234192e-02
3.317165002226829529e-02
3.309819102287292480e-02
3.301207721233367920e-02
3.293602913618087769e-02
3.286658599972724915e-02
3.281138837337493896e-02
3.277660161256790161e-02
3.272786363959312439e-02
3.268278762698173523e-02
3.262668102979660034e-02
3.258680552244186401e-02
3.254466876387596130e-02
3.249404951930046082e-02
3.245259448885917664e-02
3.242466226220130920e-02
3.238627687096595764e-02
3.233956173062324524e-02
3.226370736956596375e-02
3.224395215511322021e-02
3.218774497509002686e-02
3.213632851839065552e-02
3.205849975347518921e-02
3.202641755342483521e-02
3.198179602622985840e-02
3.194726258516311646e-02
3.190792351961135864e-02
3.187024593353271484e-02
3.181108459830284119e-02
3.177195042371749878e-02
3.172796592116355896e-02
3.168979659676551819e-02
3.163976967334747314e-02
3.160530328750610352e-02
3.155767545104026794e-02
3.151956200599670410e-02
3.147393837571144104e-02
3.143046051263809204e-02
3.133826330304145813e-02
3.126896172761917114e-02
3.125861287117004395e-02
3.118934482336044312e-02
3.117742761969566345e-02
3.114433586597442627e-02
3.109010681509971619e-02
3.105691075325012207e-02
3.099707700312137604e-02
3.093709051609039307e-02
3.088855743408203125e-02
3.084718436002731323e-02
3.079754114151000977e-02
3.077130950987339020e-02
3.073536418378353119e-02
3.068848699331283569e-02
3.060946241021156311e-02
3.058561310172080994e-02
3.054984658956527710e-02
3.053260967135429382e-02
3.049199841916561127e-02
3.046461567282676697e-02
3.044483810663223267e-02
3.040809743106365204e-02
3.036403656005859375e-02
3.032282926142215729e-02
3.028561361134052277e-02
3.025871329009532928e-02
3.022131696343421936e-02
3.016512840986251831e-02
3.012967109680175781e-02
3.003082983195781708e-02
3.001028671860694885e-02
2.995827794075012207e-02
2.991890534758567810e-02
2.987107262015342712e-02
2.980777062475681305e-02
2.972358651459217072e-02
2.964984811842441559e-02
2.960475161671638489e-02
2.957279607653617859e-02
2.952677197754383087e-02
2.949090488255023956e-02
2.943087369203567505e-02
2.938416600227355957e-02
2.932800352573394775e-02
2.929506078362464905e-02
2.925361320376396179e-02
2.921842411160469055e-02
2.917616255581378937e-02
2.915248647332191467e-02
2.907469309866428375e-02
2.903515286743640900e-02
2.899375185370445251e-02
2.894313074648380280e-02
2.892416715621948242e-02
2.888486348092556000e-02
2.886838838458061218e-02
2.883487939834594727e-02
2.880186215043067932e-02
2.875171601772308350e-02
2.870133146643638611e-02
2.865508943796157837e-02
2.863830886781215668e-02
2.860708534717559814e-02
2.855958044528961182e-02
2.850669249892234802e-02
2.844485640525817871e-02
2.842133119702339172e-02
2.837064675986766815e-02
2.833946980535984039e-02
2.831106632947921753e-02
2.828335389494895935e-02
2.826610952615737915e-02
2.823950722813606262e-02
2.822317555546760559e-02
2.820425108075141907e-02
2.817403152585029602e-02
2.813673950731754303e-02
2.810770645737648010e-02
2.808155864477157593e-02
2.805578522384166718e-02
2.802431583404541016e-02
2.798171155154705048e-02
2.796006388962268829e-02
2.793591469526290894e-02
2.791130915284156799e-02
2.784212864935398102e-02
2.781420573592185974e-02
2.778573334217071533e-02
2.773889526724815369e-02
2.770153619349002838e-02
2.763737738132476807e-02
2.760046720504760742e-02
2.754697017371654510e-02
2.752265706658363342e-02
2.747469581663608551e-02
2.740900963544845581e-02
2.734834887087345123e-02
2.731001004576683044e-02
2.727559022605419159e-02
2.725259773433208466e-02
2.721835300326347351e-02
2.715034410357475281e-02
2.713645249605178833e-02
2.711733616888523102e-02
2.708816900849342346e-02
2.706396766006946564e-02
2.705170959234237671e-02
2.703207358717918396e-02
2.700457349419593811e-02
2.696943841874599457e-02
2.692889235913753510e-02
2.692127972841262817e-02
2.685738727450370789e-02
2.683581598103046417e-02
2.680303156375885010e-02
2.676052227616310120e-02
2.673792093992233276e-02
2.670878171920776367e-02
2.669102326035499573e-02
2.667272463440895081e-02
2.664764225482940674e-02
2.660812065005302429e-02
2.653624862432479858e-02
2.646320685744285583e-02
2.641572989523410797e-02
2.635114639997482300e-02
2.632020041346549988e-02
2.627952396869659424e-02
2.626933157444000244e-02
2.622331492602825165e-02
2.619698457419872284e-02
2.617033943533897400e-02
2.612937986850738525e-02
2.608274854719638824e-02
2.603769302368164062e-02
2.601267211139202118e-02
2.599268034100532532e-02
2.597164921462535858e-02
2.595541998744010925e-02
2.591880224645137787e-02
2.589904703199863434e-02
2.586708962917327881e-02
2.583356760442256927e-02
2.579106017947196960e-02
2.573849819600582123e-02
2.569106221199035645e-02
2.565607056021690369e-02
2.558464556932449341e-02
2.552619576454162598e-02
2.546741440892219543e-02
2.541128359735012054e-02
2.538360096514225006e-02
2.534387446939945221e-02
2.531377039849758148e-02
2.528310194611549377e-02
2.522670477628707886e-02
2.521711029112339020e-02
2.518677897751331329e-02
2.515398524701595306e-02
2.512981928884983063e-02
2.508739568293094635e-02
2.506111189723014832e-02
2.502509579062461853e-02
2.499534934759140015e-02
2.494620159268379211e-02
2.491914480924606323e-02
2.488715201616287231e-02
2.486055344343185425e-02
2.482647262513637543e-02
2.477653324604034424e-02
2.474583126604557037e-02
2.471081539988517761e-02
2.468519844114780426e-02
2.466803044080734253e-02
2.464161626994609833e-02
2.457937784492969513e-02
2.453718148171901703e-02
2.450382895767688751e-02
2.443135157227516174e-02
2.441031299531459808e-02
2.436171472072601318e-02
2.434283494949340820e-02
2.431761100888252258e-02
2.429303526878356934e-02
2.425687015056610107e-02
2.421992272138595581e-02
2.418907359242439270e-02
2.418012358248233795e-02
2.415364608168601990e-02
2.413763292133808136e-02
2.410358563065528870e-02
2.405394800007343292e-02
2.401019260287284851e-02
2.395921573042869568e-02
2.392833679914474487e-02
2.389045432209968567e-02
2.383844181895256042e-02
2.381451055407524109e-02
2.372352592647075653e-02
2.370190434157848358e-02
2.367887645959854126e-02
2.365226112306118011e-02
2.361543662846088409e-02
2.358146756887435913e-02
2.355640754103660583e-02
2.352998219430446625e-02
2.350690774619579315e-02
2.348670363426208496e-02
2.343070693314075470e-02
2.342002652585506439e-02
2.340953052043914795e-02
2.339384146034717560e-02
2.337757498025894165e-02
2.335299551486968994e-02
2.333294972777366638e-02
2.332009002566337585e-02
2.329877763986587524e-02
2.327390015125274658e-02
2.323070727288722992e-02
2.319792285561561584e-02
2.316315472126007080e-02
2.314073778688907623e-02
2.311637997627258301e-02
2.310204505920410156e-02
2.308074012398719788e-02
2.304601669311523438e-02
2.301621809601783752e-02
2.297740802168846130e-02
2.296865545213222504e-02
2.292878739535808563e-02
2.291775122284889221e-02
2.289245277643203735e-02
2.285484597086906433e-02
2.280338853597640991e-02
2.275455370545387268e-02
2.271557226777076721e-02
2.268249914050102234e-02
2.265983819961547852e-02
2.263211831450462341e-02
2.255066670477390289e-02
2.251240983605384827e-02
2.249723859131336212e-02
2.244322001934051514e-02
2.239250019192695618e-02
2.235682308673858643e-02
2.230967208743095398e-02
2.228616364300251007e-02
2.225199155509471893e-02
2.218550071120262146e-02
2.211952582001686096e-02
2.205025404691696167e-02
2.201075106859207153e-02
2.196501009166240692e-02
2.194826304912567139e-02
2.191317081451416016e-02
2.187917008996009827e-02
2.184583246707916260e-02
2.179622650146484375e-02
2.176458388566970825e-02
2.173414453864097595e-02
2.171906456351280212e-02
2.168419584631919861e-02
2.166667580604553223e-02
2.164982818067073822e-02
2.162666991353034973e-02
2.160292677581310272e-02
2.158153057098388672e-02
2.156298607587814331e-02
2.154516987502574921e-02
2.150037884712219238e-02
2.146284654736518860e-02
2.143268845975399017e-02
2.140409313142299652e-02
2.137780375778675079e-02
2.135136350989341736e-02
2.130545116961002350e-02
2.128403261303901672e-02
2.126329950988292694e-02
2.124196849763393402e-02
2.121895924210548401e-02
2.116151526570320129e-02
2.114524133503437042e-02
2.110402472317218781e-02
2.106940001249313354e-02
2.104080468416213989e-02
2.099950611591339111e-02
2.097708731889724731e-02
2.093001268804073334e-02
2.090925350785255432e-02
2.088455855846405029e-02
2.085336856544017792e-02
2.080826647579669952e-02
2.076273038983345032e-02
2.073694206774234772e-02
2.071704342961311340e-02
2.069792151451110840e-02
2.065858244895935059e-02
2.063007839024066925e-02
2.060150541365146637e-02
2.055967412889003754e-02
2.053353190422058105e-02
2.050884068012237549e-02
2.047832868993282318e-02
2.045892924070358276e-02
2.043634839355945587e-02
2.043154090642929077e-02
2.041226066648960114e-02
2.040241658687591553e-02
2.038298174738883972e-02
2.035877853631973267e-02
2.031305618584156036e-02
2.029739879071712494e-02
2.026264555752277374e-02
2.025285921990871429e-02
2.023809775710105896e-02
2.022162824869155884e-02
2.020216360688209534e-02
2.018169313669204712e-02
2.016815356910228729e-02
2.014684677124023438e-02
2.012087963521480560e-02
2.010582759976387024e-02
2.009073458611965179e-02
2.007697895169258118e-02
2.006784267723560333e-02
2.005251497030258179e-02
2.003171108663082123e-02
2.001059055328369141e-02
1.999210752546787262e-02
1.998133957386016846e-02
1.996303163468837738e-02
1.995253562927246094e-02
1.992105692625045776e-02
1.990097016096115112e-02
1.987855508923530579e-02
1.986107788980007172e-02
1.984345540404319763e-02
1.982722058892250061e-02
1.980363205075263977e-02
1.978841982781887054e-02
1.977033354341983795e-02
1.974991708993911743e-02
1.974319666624069214e-02
1.972682774066925049e-02
1.971153542399406433e-02
1.969578117132186890e-02
1.967012695968151093e-02
1.964809559285640717e-02
1.963162049651145935e-02
1.961533725261688232e-02
1.959740370512008667e-02
1.957363821566104889e-02
1.955367811024188995e-02
1.953588426113128662e-02
1.952767558395862579e-02
1.951389573514461517e-02
1.949696056544780731e-02
1.947442255914211273e-02
1.944730244576931000e-02
1.943746767938137054e-02
1.942706853151321411e-02
1.941148377954959869e-02
1.940091326832771301e-02
1.937884464859962463e-02
1.936865970492362976e-02
1.934922486543655396e-02
1.933538913726806641e-02
1.931384578347206116e-02
1.929178647696971893e-02
1.926866173744201660e-02
1.924895122647285461e-02
1.923258230090141296e-02
1.922007463872432709e-02
1.920727640390396118e-02
1.919396035373210907e-02
1.918517053127288818e-02
1.917554251849651337e-02
1.915970444679260254e-02
1.914759166538715363e-02
1.912854611873626709e-02
1.911675371229648590e-02
1.910832710564136505e-02
1.909995079040527344e-02
1.908986642956733704e-02
1.907276175916194916e-02
1.906434446573257446e-02
1.904540508985519409e-02
1.902631483972072601e-02
1.901380717754364014e-02
1.898875087499618530e-02
1.897566206753253937e-02
1.896264776587486267e-02
1.894428953528404236e-02
1.894062943756580353e-02
1.890603266656398773e-02
1.889741234481334686e-02
1.888217404484748840e-02
1.886226795613765717e-02
1.884659565985202789e-02
1.881945319473743439e-02
1.879955083131790161e-02
1.878072135150432587e-02
1.876376383006572723e-02
1.874765194952487946e-02
1.873375475406646729e-02
1.870484650135040283e-02
1.868806593120098114e-02
1.866685226559638977e-02
1.865217834711074829e-02
1.864746958017349243e-02
1.863162033259868622e-02
1.861491426825523376e-02
1.860799640417098999e-02
1.859157346189022064e-02
1.858521439135074615e-02
1.857498660683631897e-02
1.855906099081039429e-02
1.853762939572334290e-02
1.851286739110946655e-02
1.850215718150138855e-02
1.849172264337539673e-02
1.848133839666843414e-02
1.846181973814964294e-02
1.845335774123668671e-02
1.843250915408134460e-02
1.841873303055763245e-02
1.840878278017044067e-02
1.839460432529449463e-02
1.838518120348453522e-02
1.837213896214962006e-02
1.836349256336688995e-02
1.835338026285171509e-02
1.833881810307502747e-02
1.832203567028045654e-02
1.831405423581600189e-02
1.830461248755455017e-02
1.829395070672035217e-02
1.828553527593612671e-02
1.827012002468109131e-02
1.825404353439807892e-02
1.823831163346767426e-02
1.823018305003643036e-02
1.822324655950069427e-02
1.821982115507125854e-02
1.821061596274375916e-02
1.819879002869129181e-02
1.819368824362754822e-02
1.818216592073440552e-02
1.816563494503498077e-02
1.815952733159065247e-02
1.814121752977371216e-02
1.813256368041038513e-02
1.812178269028663635e-02
1.810195483267307281e-02
1.809628866612911224e-02
1.808217540383338928e-02
1.807100325822830200e-02
1.805210113525390625e-02
1.803654246032238007e-02
1.801533997058868408e-02
1.799250952899456024e-02
1.797181367874145508e-02
1.794054359197616577e-02
1.791861280798912048e-02
1.789737492799758911e-02
1.787938177585601807e-02
1.786490157246589661e-02
1.785102859139442444e-02
1.783067174255847931e-02
1.781687326729297638e-02
1.779614016413688660e-02
1.778298616409301758e-02
1.776990108191967010e-02
1.775814965367317200e-02
1.774224825203418732e-02
1.770970970392227173e-02
1.769300177693367004e-02
1.765209063887596130e-02
1.763507910072803497e-02
1.762232556939125061e-02
1.760984584689140320e-02
1.759635098278522491e-02
1.758431643247604370e-02
1.756582967936992645e-02
1.754288375377655029e-02
1.751789078116416931e-02
1.750107854604721069e-02
1.746977120637893677e-02
1.745626330375671387e-02
1.744054630398750305e-02
1.741800829768180847e-02
1.741033419966697693e-02
1.739423163235187531e-02
1.738597080111503601e-02
1.736782118678092957e-02
1.734198071062564850e-02
1.733490638434886932e-02
1.731165684759616852e-02
1.729432679712772369e-02
1.727693155407905579e-02
1.726332120597362518e-02
1.724220998585224152e-02
1.723323017358779907e-02
1.721925288438796997e-02
1.720365136861801147e-02
1.718674227595329285e-02
1.716816239058971405e-02
1.716338284313678741e-02
1.714857667684555054e-02
1.714280433952808380e-02
1.713393814861774445e-02
1.712097600102424622e-02
1.710354164242744446e-02
1.709188893437385559e-02
1.708027720451354980e-02
1.707242056727409363e-02
1.706398278474807739e-02
1.704229973256587982e-02
1.703577674925327301e-02
1.701569743454456329e-02
1.700709387660026550e-02
1.699700951576232910e-02
1.698900759220123291e-02
1.697606407105922699e-02
1.696663536131381989e-02
1.696113497018814087e-02
1.694550924003124237e-02
1.693098247051239014e-02
1.690842583775520325e-02
1.689222641289234161e-02
1.687407307326793671e-02
1.685075461864471436e-02
1.683551073074340820e-02
1.680832542479038239e-02
1.679246313869953156e-02
1.678329519927501678e-02
1.676839217543601990e-02
1.675843633711338043e-02
1.674517616629600525e-02
1.673233136534690857e-02
1.672533713281154633e-02
1.671762019395828247e-02
1.671162433922290802e-02
1.669915206730365753e-02
1.668221130967140198e-02
1.666273176670074463e-02
1.663954928517341614e-02
1.662683859467506409e-02
1.661727204918861389e-02
1.660822145640850067e-02
1.659220829606056213e-02
1.658351346850395203e-02
1.656678505241870880e-02
1.654318906366825104e-02
1.653320528566837311e-02
1.651640422642230988e-02
1.650544255971908569e-02
1.649438589811325073e-02
1.648289896547794342e-02
1.646264642477035522e-02
1.645387522876262665e-02
1.643940620124340057e-02
1.642838679254055023e-02
1.641533896327018738e-02
1.640593074262142181e-02
1.639698259532451630e-02
1.637565717101097107e-02
1.636329479515552521e-02
1.635220088064670563e-02
1.633531600236892700e-02
1.630598120391368866e-02
1.628692075610160828e-02
1.625851914286613464e-02
1.623706892132759094e-02
1.622345671057701111e-02
1.621338538825511932e-02
1.620434224605560303e-02
1.619580760598182678e-02
1.618631556630134583e-02
1.617221906781196594e-02
1.615613512694835663e-02
1.612803712487220764e-02
1.611302234232425690e-02
1.609612442553043365e-02
1.607831008732318878e-02
1.606250740587711334e-02
1.604714617133140564e-02
1.603286713361740112e-02
1.601531356573104858e-02
1.601061224937438965e-02
1.598251238465309143e-02
1.597468182444572449e-02
1.596742495894432068e-02
1.595843769609928131e-02
1.594733633100986481e-02
1.593350991606712341e-02
1.591489091515541077e-02
1.589696109294891357e-02
1.588666439056396484e-02
1.587424613535404205e-02
1.586594432592391968e-02
1.586242765188217163e-02
1.585817337036132812e-02
1.583789288997650146e-02
1.582554355263710022e-02
1.580604538321495056e-02
1.578844524919986725e-02
1.577360928058624268e-02
1.576063781976699829e-02
1.574360951781272888e-02
1.573079079389572144e-02
1.571952365338802338e-02
1.571395620703697205e-02
1.570466160774230957e-02
1.569466851651668549e-02
1.568568311631679535e-02
1.567929796874523163e-02
1.567471586167812347e-02
1.566076651215553284e-02
1.565773785114288330e-02
1.565121673047542572e-02
1.564775407314300537e-02
1.564076356589794159e-02
1.562886498868465424e-02
1.561821531504392624e-02
1.560134161263704300e-02
1.559059880673885345e-02
1.558257546275854111e-02
1.557047385722398758e-02
1.555605139583349228e-02
1.554142404347658157e-02
1.552830636501312256e-02
1.551624387502670288e-02
1.550445612519979477e-02
1.549603138118982315e-02
1.548494771122932434e-02
1.547957025468349457e-02
1.546970382332801819e-02
1.545603200793266296e-02
1.543854363262653351e-02
1.541279256343841553e-02
1.540434360504150391e-02
1.539299450814723969e-02
1.538503635674715042e-02
1.537058502435684204e-02
1.535741519182920456e-02
1.534308679401874542e-02
1.533651631325483322e-02
1.532449945807456970e-02
1.531146001070737839e-02
1.528891734778881073e-02
1.527660526335239410e-02
1.526208408176898956e-02
1.525587029755115509e-02
1.525025814771652222e-02
1.523807831108570099e-02
1.521801948547363281e-02
1.521198637783527374e-02
1.519675925374031067e-02
1.518791355192661285e-02
1.517868787050247192e-02
1.516060438007116318e-02
1.515070255845785141e-02
1.512870751321315765e-02
1.511506177484989166e-02
1.509904954582452774e-02
1.508317794650793076e-02
1.507020834833383560e-02
1.506100036203861237e-02
1.504611317068338394e-02
1.503250747919082642e-02
1.502896845340728760e-02
1.499899569898843765e-02
1.499149017035961151e-02
1.497906725853681564e-02
1.495894510298967361e-02
1.492135040462017059e-02
1.489908434450626373e-02
1.488260272890329361e-02
1.487099193036556244e-02
1.486404985189437866e-02
1.485433336347341537e-02
1.485298573970794678e-02
1.484203804284334183e-02
1.483581215143203735e-02
1.482876762747764587e-02
1.482041273266077042e-02
1.479919441044330597e-02
1.478457078337669373e-02
1.476100739091634750e-02
1.474817004054784775e-02
1.473359484225511551e-02
1.471258234232664108e-02
1.470011752098798752e-02
1.469292771071195602e-02
1.468304917216300964e-02
1.466824673116207123e-02
1.464076153934001923e-02
1.461143046617507935e-02
1.458501908928155899e-02
1.455732807517051697e-02
1.454214937984943390e-02
1.450176071375608444e-02
1.449770014733076096e-02
1.446978375315666199e-02
1.446047611534595490e-02
1.444527879357337952e-02
1.443204283714294434e-02
1.441388111561536789e-02
1.440232805907726288e-02
1.439190097153186798e-02
1.438579522073268890e-02
1.437395531684160233e-02
1.436099037528038025e-02
1.434204727411270142e-02
1.433232147246599197e-02
1.431869994848966599e-02
1.430775690823793411e-02
1.429646927863359451e-02
1.427822560071945190e-02
1.426160708069801331e-02
1.425176486372947693e-02
1.423652656376361847e-02
1.422886364161968231e-02
1.421510800719261169e-02
1.419557817280292511e-02
1.418518833816051483e-02
1.417272817343473434e-02
1.415516994893550873e-02
1.413869857788085938e-02
1.412492990493774414e-02
1.411090977489948273e-02
1.409850828349590302e-02
1.409079786390066147e-02
1.407608669251203537e-02
1.406399067491292953e-02
1.405038684606552124e-02
1.403794623911380768e-02
1.402414124459028244e-02
1.400623004883527756e-02
1.399140805006027222e-02
1.397090870887041092e-02
1.395684201270341873e-02
1.394510921090841293e-02
1.392984203994274139e-02
1.391267031431198120e-02
1.390476059168577194e-02
1.386999525129795074e-02
1.385734323412179947e-02
1.384208351373672485e-02
1.383154932409524918e-02
1.381940953433513641e-02
1.381275244057178497e-02
1.380524411797523499e-02
1.378907170146703720e-02
1.377018913626670837e-02
1.375648286193609238e-02
1.374259684234857559e-02
1.373139116913080215e-02
1.372447982430458069e-02
1.369664072990417480e-02
1.369020808488130569e-02
1.366996392607688904e-02
1.365777105093002319e-02
1.364634465426206589e-02
1.363817881792783737e-02
1.361652091145515442e-02
1.361346803605556488e-02
1.359953917562961578e-02
1.359310653060674667e-02
1.358288992196321487e-02
1.357154361903667450e-02
1.355176791548728943e-02
1.353831496089696884e-02
1.353035215288400650e-02
1.351656019687652588e-02
1.350919529795646667e-02
1.350406184792518616e-02
1.349576469510793686e-02
1.349008828401565552e-02
1.348503492772579193e-02
1.347677037119865417e-02
1.346918754279613495e-02
1.345803681761026382e-02
1.345178484916687012e-02
1.343752909451723099e-02
1.343530509620904922e-02
1.341601647436618805e-02
1.340712700039148331e-02
1.339630875736474991e-02
1.337909698486328125e-02
1.336764078587293625e-02
1.335356198251247406e-02
1.334477029740810394e-02
1.333068311214447021e-02
1.331085711717605591e-02
1.329964771866798401e-02
1.328068971633911133e-02
1.326955016702413559e-02
1.325916964560747147e-02
1.324442308396100998e-02
1.323685608804225922e-02
1.321856211870908737e-02
1.321213133633136749e-02
1.320082321763038635e-02
1.318902242928743362e-02
1.317598205059766769e-02
1.316095888614654541e-02
1.314313896000385284e-02
1.313508301973342896e-02
1.312040630728006363e-02
1.311342604458332062e-02
1.310190744698047638e-02
1.308006513863801956e-02
1.307302713394165039e-02
1.305497996509075165e-02
1.304867211729288101e-02
1.304014772176742554e-02
1.303659379482269287e-02
1.302713714540004730e-02
1.301845349371433258e-02
1.300789322704076767e-02
1.300138048827648163e-02
1.299741305410861969e-02
1.299242954701185226e-02
1.297937799245119095e-02
1.296601165086030960e-02
1.295298337936401367e-02
1.294503733515739441e-02
1.293549127876758575e-02
1.292970590293407440e-02
1.291862037032842636e-02
1.291132345795631409e-02
1.290308870375156403e-02
1.289505697786808014e-02
1.288557797670364380e-02
1.287431735545396805e-02
1.286541670560836792e-02
1.285066641867160797e-02
1.284315902739763260e-02
1.283197756856679916e-02
1.282394304871559143e-02
1.281670108437538147e-02
1.281320210546255112e-02
1.280413754284381866e-02
1.278865709900856018e-02
1.278090663254261017e-02
1.277267001569271088e-02
1.276278961449861526e-02
1.275768689811229706e-02
1.274471450597047806e-02
1.273756846785545349e-02
1.273111160844564438e-02
1.272469572722911835e-02
1.271449401974678040e-02
1.271032448858022690e-02
1.270375214517116547e-02
1.269780192524194717e-02
1.268995739519596100e-02
1.268147304654121399e-02
1.267539430409669876e-02
1.266572065651416779e-02
1.266247406601905823e-02
1.265534572303295135e-02
1.264865882694721222e-02
1.263884082436561584e-02
1.263206265866756439e-02
1.262447703629732132e-02
1.261897198855876923e-02
1.261388324201107025e-02
1.260823477059602737e-02
1.260033063590526581e-02
1.259410753846168518e-02
1.258906815201044083e-02
1.258436683565378189e-02
1.257614139467477798e-02
1.256427075713872910e-02
1.254714746028184891e-02
1.254142820835113525e-02
1.253009028732776642e-02
1.251812838017940521e-02
1.250767521560192108e-02
1.250276062637567520e-02
1.249047648161649704e-02
1.248659193515777588e-02
1.248221192508935928e-02
1.247591339051723480e-02
1.246427278965711594e-02
1.245799753814935684e-02
1.245240587741136551e-02
1.244593039155006409e-02
1.243947260081768036e-02
1.243405975401401520e-02
1.242665946483612061e-02
1.242205873131752014e-02
1.241699885576963425e-02
1.240502856671810150e-02
1.239887252449989319e-02
1.239486224949359894e-02
1.238299440592527390e-02
1.237763836979866028e-02
1.237301435321569443e-02
1.236353907734155655e-02
1.235874649137258530e-02
1.234897505491971970e-02
1.234601344913244247e-02
1.233692653477191925e-02
1.232947781682014465e-02
1.232225075364112854e-02
1.231100875884294510e-02
1.230780314654111862e-02
1.230002939701080322e-02
1.229085400700569153e-02
1.228303834795951843e-02
1.227476354688405991e-02
1.226944103837013245e-02
1.226287521421909332e-02
1.225724630057811737e-02
1.224641688168048859e-02
1.224244106560945511e-02
1.223456487059593201e-02
1.222611591219902039e-02
1.221834868192672729e-02
1.221033651381731033e-02
1.220743916928768158e-02
1.220019441097974777e-02
1.219676621258258820e-02
1.218837499618530273e-02
1.217720750719308853e-02
1.217058300971984863e-02
1.216198783367872238e-02
1.215863507241010666e-02
1.214970741420984268e-02
1.214498747140169144e-02
1.213644444942474365e-02
1.213422045111656189e-02
1.212800852954387665e-02
1.212148461490869522e-02
1.210957393050193787e-02
1.210030261427164078e-02
1.209208182990550995e-02
1.207871548831462860e-02
1.206614729017019272e-02
1.204507518559694290e-02
1.203353144228458405e-02
1.202680636197328568e-02
1.202082261443138123e-02
1.201771572232246399e-02
1.201329845935106277e-02
1.200664695352315903e-02
1.200200431048870087e-02
1.199388876557350159e-02
1.198686938732862473e-02
1.198051963001489639e-02
1.197155099362134933e-02
1.196850370615720749e-02
1.195606309920549393e-02
1.195170916616916656e-02
1.194560900330543518e-02
1.194117870181798935e-02
1.193471252918243408e-02
1.192296110093593597e-02
1.191663742065429688e-02
1.190756820142269135e-02
1.189960818737745285e-02
1.188957318663597107e-02
1.187672279775142670e-02
1.187285967171192169e-02
1.186086237430572510e-02
1.185663603246212006e-02
1.184506434947252274e-02
1.183297671377658844e-02
1.181962341070175171e-02
1.179954316467046738e-02
1.179099362343549728e-02
1.178111601620912552e-02
1.177658513188362122e-02
1.176607050001621246e-02
1.175771933048963547e-02
1.175032928586006165e-02
1.173534244298934937e-02
1.173289306461811066e-02
1.170968636870384216e-02
1.169965881854295731e-02
1.169185061007738113e-02
1.168543845415115356e-02
1.167618669569492340e-02
1.166354399174451828e-02
1.165862660855054855e-02
1.165307033807039261e-02
1.164877414703369141e-02
1.164386607706546783e-02
1.163879130035638809e-02
1.162646058946847916e-02
1.160970423370599747e-02
1.159151922911405563e-02
1.157994754612445831e-02
1.156114228069782257e-02
1.155217643827199936e-02
1.154103223234415054e-02
1.153586059808731079e-02
1.152496226131916046e-02
1.151785161346197128e-02
1.151057519018650055e-02
1.150425150990486145e-02
1.149504445493221283e-02
1.148673798888921738e-02
1.146307028830051422e-02
1.145609654486179352e-02
1.144149433821439743e-02
1.143108960241079330e-02
1.142100244760513306e-02
1.141314394772052765e-02
1.140131242573261261e-02
1.139255333691835403e-02
1.137651596218347549e-02
1.136486232280731201e-02
1.135086920112371445e-02
1.134337112307548523e-02
1.133594010025262833e-02
1.133072562515735626e-02
1.132424455136060715e-02
1.131811644881963730e-02
1.131200045347213745e-02
1.130473613739013672e-02
1.129769533872604370e-02
1.129308436065912247e-02
1.128953229635953903e-02
1.128224283456802368e-02
1.128128916025161743e-02
1.127286255359649658e-02
1.127036195248365402e-02
1.126371882855892181e-02
1.125516463071107864e-02
1.124797388911247253e-02
1.123445387929677963e-02
1.122860983014106750e-02
1.122391968965530396e-02
1.121836807578802109e-02
1.121510006487369537e-02
1.120602432638406754e-02
1.120139844715595245e-02
1.119699887931346893e-02
1.119094248861074448e-02
1.118688099086284637e-02
1.118101179599761963e-02
1.116491761058568954e-02
1.115482766181230545e-02
1.114350929856300354e-02
1.113858725875616074e-02
1.113189384341239929e-02
1.112421695142984390e-02
1.110782288014888763e-02
1.109945680946111679e-02
1.108927931636571884e-02
1.107989717274904251e-02
1.106915622949600220e-02
1.106248982250690460e-02
1.104493532329797745e-02
1.103507727384567261e-02
1.102561783045530319e-02
1.101426407694816589e-02
1.100959628820419312e-02
1.099791470915079117e-02
1.099234167486429214e-02
1.098283566534519196e-02
1.096740271896123886e-02
1.096035074442625046e-02
1.095009036362171173e-02
1.094252057373523712e-02
1.093517430126667023e-02
1.092537306249141693e-02
1.091502700001001358e-02
1.090819761157035828e-02
1.090225204825401306e-02
1.089580543339252472e-02
1.088813506066799164e-02
1.087667699903249741e-02
1.087449863553047180e-02
1.085875462740659714e-02
1.085054781287908554e-02
1.083978265523910522e-02
1.082830410450696945e-02
1.082189287990331650e-02
1.080823317170143127e-02
1.080484315752983093e-02
1.079949177801609039e-02
1.078821532428264618e-02
1.077208295464515686e-02
1.076735462993383408e-02
1.075469236820936203e-02
1.074859779328107834e-02
1.074325107038021088e-02
1.073927152901887894e-02
1.073298789560794830e-02
1.072707213461399078e-02
1.072246674448251724e-02
1.071344688534736633e-02
1.069987379014492035e-02
1.068711653351783752e-02
1.067328453063964844e-02
1.066047418862581253e-02
1.065120100975036621e-02
1.064313109964132309e-02
1.063650101423263550e-02
1.062892749905586243e-02
1.061575673520565033e-02
1.061081327497959137e-02
1.060319878160953522e-02
1.059296261519193649e-02
1.058620586991310120e-02
1.057650707662105560e-02
1.056318357586860657e-02
1.055734790861606598e-02
1.054344046860933304e-02
1.053574215620756149e-02
1.053055562078952789e-02
1.051964983344078064e-02
1.050827838480472565e-02
1.049745455384254456e-02
1.049449667334556580e-02
1.048630569130182266e-02
1.048151776194572449e-02
1.047620829194784164e-02
1.046655606478452682e-02
1.045190077275037766e-02
1.044203527271747589e-02
1.043407991528511047e-02
1.043125241994857788e-02
1.042502839118242264e-02
1.041769422590732574e-02
1.041305903345346451e-02
1.040631532669067383e-02
1.040198467671871185e-02
1.039640698581933975e-02
1.039146352559328079e-02
1.038380432873964310e-02
1.037690509110689163e-02
1.036725658923387527e-02
1.035765558481216431e-02
1.034635957330465317e-02
1.033988967537879944e-02
1.033192686736583710e-02
1.032850984483957291e-02
1.032089907675981522e-02
1.031455304473638535e-02
1.030651107430458069e-02
1.030298694968223572e-02
1.029166579246520996e-02
1.028660498559474945e-02
1.027960702776908875e-02
1.027308590710163116e-02
1.025688089430332184e-02
1.025170460343360901e-02
1.024349406361579895e-02
1.023346930742263794e-02
1.022247131913900375e-02
1.021273341029882431e-02
1.019853167235851288e-02
1.019208319485187531e-02
1.018590107560157776e-02
1.017730310559272766e-02
1.016428973525762558e-02
1.015684008598327637e-02
1.014429889619350433e-02
1.013431325554847717e-02
1.012874394655227661e-02
1.011903863400220871e-02
1.011405605822801590e-02
1.010410301387310028e-02
1.009843684732913971e-02
1.009311899542808533e-02
1.008932851254940033e-02
1.008323300629854202e-02
1.007574144750833511e-02
1.006811019033193588e-02
1.005583815276622772e-02
1.004858780652284622e-02
1.003678888082504272e-02
1.002509705722332001e-02
1.001374982297420502e-02
1.000955048948526382e-02
1.000260561704635620e-02
9.996810927987098694e-03
9.991461411118507385e-03
9.988283738493919373e-03
9.983584284782409668e-03
9.981992654502391815e-03
9.977362118661403656e-03
9.969288483262062073e-03
9.962473064661026001e-03
9.956294670701026917e-03
9.950245730578899384e-03
9.943448007106781006e-03
9.938374161720275879e-03
9.927197359502315521e-03
9.922031313180923462e-03
9.914738126099109650e-03
9.909837506711483002e-03
9.904976934194564819e-03
9.897907264530658722e-03
9.889348410069942474e-03
9.884912520647048950e-03
9.878563694655895233e-03
9.874478913843631744e-03
9.865480475127696991e-03
9.852557443082332611e-03
9.846871718764305115e-03
9.836424142122268677e-03
9.829802438616752625e-03
9.820837527513504028e-03
9.810041636228561401e-03
9.798620827496051788e-03
9.791283868253231049e-03
9.782132692635059357e-03
9.771286509931087494e-03
9.764764457941055298e-03
9.762777015566825867e-03
9.753589518368244171e-03
9.749677032232284546e-03
9.739656932651996613e-03
9.729152545332908630e-03
9.726794436573982239e-03
9.708602912724018097e-03
9.704818949103355408e-03
9.698760695755481720e-03
9.690335951745510101e-03
9.686549194157123566e-03
9.665465913712978363e-03
9.656898677349090576e-03
9.648857638239860535e-03
9.641273878514766693e-03
9.628715924918651581e-03
9.621948003768920898e-03
9.614401496946811676e-03
9.608848020434379578e-03
9.602653793990612030e-03
9.591509588062763214e-03
9.583978913724422455e-03
9.578499011695384979e-03
9.574998170137405396e-03
9.573565796017646790e-03
9.564796462655067444e-03
9.555394761264324188e-03
9.548530913889408112e-03
9.540264494717121124e-03
9.533043950796127319e-03
9.524482302367687225e-03
9.514275938272476196e-03
9.507065638899803162e-03
9.500210173428058624e-03
9.496312588453292847e-03
9.493314661085605621e-03
9.487485513091087341e-03
9.484105743467807770e-03
9.480062872171401978e-03
9.475229308009147644e-03
9.466811083257198334e-03
9.459031745791435242e-03
9.454270824790000916e-03
9.445247240364551544e-03
9.437694214284420013e-03
9.429368190467357635e-03
9.421653114259243011e-03
9.418899193406105042e-03
9.410931728780269623e-03
9.408038109540939331e-03
9.403509087860584259e-03
9.396415203809738159e-03
9.388771839439868927e-03
9.379783645272254944e-03
9.369741193950176239e-03
9.363355115056037903e-03
9.356575086712837219e-03
9.346246719360351562e-03
9.339804761111736298e-03
9.330476634204387665e-03
9.326342493295669556e-03
9.322398342192173004e-03
9.313315153121948242e-03
9.307216852903366089e-03
9.300913661718368530e-03
9.296402335166931152e-03
9.293222799897193909e-03
9.285083971917629242e-03
9.280309081077575684e-03
9.273546747863292694e-03
9.270034730434417725e-03
9.259522892534732819e-03
9.254660457372665405e-03
9.244341403245925903e-03
9.242716245353221893e-03
9.239260107278823853e-03
9.235707111656665802e-03
9.231347590684890747e-03
9.224775247275829315e-03
9.214923717081546783e-03
9.212057106196880341e-03
9.199647232890129089e-03
9.196364320814609528e-03
9.189393371343612671e-03
9.184883907437324524e-03
9.177009575068950653e-03
9.172167629003524780e-03
9.167164564132690430e-03
9.165665134787559509e-03
9.160932153463363647e-03
9.153546765446662903e-03
9.149310179054737091e-03
9.142586961388587952e-03
9.132714942097663879e-03
9.125945158302783966e-03
9.120723232626914978e-03
9.109430015087127686e-03
9.099912829697132111e-03
9.095337241888046265e-03
9.088333696126937866e-03
9.082506410777568817e-03
9.071201086044311523e-03
9.062582626938819885e-03
9.055555798113346100e-03
9.051009081304073334e-03
9.048295207321643829e-03
9.037991985678672791e-03
9.036371484398841858e-03
9.026727639138698578e-03
9.020632132887840271e-03
9.012430906295776367e-03
9.004823863506317139e-03
8.997403085231781006e-03
8.991327136754989624e-03
8.984901010990142822e-03
8.980345912277698517e-03
8.973283693194389343e-03
8.970440365374088287e-03
8.964527398347854614e-03
8.960707113146781921e-03
8.954832330346107483e-03
8.948430418968200684e-03
8.945723995566368103e-03
8.934506215155124664e-03
8.928854018449783325e-03
8.919967338442802429e-03
8.912040852010250092e-03
8.906436152756214142e-03
8.898322470486164093e-03
8.892743848264217377e-03
8.887629024684429169e-03
8.879704400897026062e-03
8.872773498296737671e-03
8.866687305271625519e-03
8.863881230354309082e-03
8.860816247761249542e-03
8.856840431690216064e-03
8.851196616888046265e-03
8.847059682011604309e-03
8.842399343848228455e-03
8.841330185532569885e-03
8.837236091494560242e-03
8.831263519823551178e-03
8.822670206427574158e-03
8.813392370939254761e-03
8.809487335383892059e-03
8.801615796983242035e-03
8.796526119112968445e-03
8.788876235485076904e-03
8.782891556620597839e-03
8.774428628385066986e-03
8.766385726630687714e-03
8.758589625358581543e-03
8.750648237764835358e-03
8.742515929043292999e-03
8.734690025448799133e-03
8.730575442314147949e-03
8.724622428417205811e-03
8.715489879250526428e-03
8.710613474249839783e-03
8.696195669472217560e-03
8.691418915987014771e-03
8.685496635735034943e-03
8.680591359734535217e-03
8.670847862958908081e-03
8.662438020110130310e-03
8.655644021928310394e-03
8.647032082080841064e-03
8.640286512672901154e-03
8.626608178019523621e-03
8.625866845250129700e-03
8.611843921244144440e-03
8.608116768300533295e-03
8.603408001363277435e-03
8.596327155828475952e-03
8.589159697294235229e-03
8.577317930757999420e-03
8.570851758122444153e-03
8.561588823795318604e-03
8.553101681172847748e-03
8.547663688659667969e-03
8.537618443369865417e-03
8.532532490789890289e-03
8.527793921530246735e-03
8.519869297742843628e-03
8.506343699991703033e-03
8.496981114149093628e-03
8.491382002830505371e-03
8.484715595841407776e-03
8.480919525027275085e-03
8.472437039017677307e-03
8.465455844998359680e-03
8.462347090244293213e-03
8.458468131721019745e-03
8.454743772745132446e-03
8.447857573628425598e-03
8.439021185040473938e-03
8.424611762166023254e-03
8.417454548180103302e-03
8.404496125876903534e-03
8.394774049520492554e-03
8.386395871639251709e-03
8.376455865800380707e-03
8.360945619642734528e-03
8.351028896868228912e-03
8.340450935065746307e-03
8.333924226462841034e-03
8.324481546878814697e-03
8.316321298480033875e-03
8.310480974614620209e-03
8.299870416522026062e-03
8.289406076073646545e-03
8.279578760266304016e-03
8.272805251181125641e-03
8.263622410595417023e-03
8.257640525698661804e-03
8.249555714428424835e-03
8.238402195274829865e-03
8.228428661823272705e-03
8.217207156121730804e-03
8.205959573388099670e-03
8.195869624614715576e-03
8.190177381038665771e-03
8.180264383554458618e-03
8.172119967639446259e-03
8.160131983458995819e-03
8.151598274707794189e-03
8.140159770846366882e-03
8.127785287797451019e-03
8.110288530588150024e-03
8.106010966002941132e-03
8.098308928310871124e-03
8.089545182883739471e-03
8.076319471001625061e-03
8.069003000855445862e-03
8.056538179516792297e-03
8.050697855651378632e-03
8.043199777603149414e-03
8.028911426663398743e-03
8.018725551664829254e-03
8.008708246052265167e-03
7.996270433068275452e-03
7.988688535988330841e-03
7.977089844644069672e-03
7.973309606313705444e-03
7.960759103298187256e-03
7.951118052005767822e-03
7.945895195007324219e-03
7.940218783915042877e-03
7.928620092570781708e-03
7.927280850708484650e-03
7.917969487607479095e-03
7.914722897112369537e-03
7.907358929514884949e-03
7.898865267634391785e-03
7.893014699220657349e-03
7.884474471211433411e-03
7.876971736550331116e-03
7.872070185840129852e-03
7.862813770771026611e-03
7.857545278966426849e-03
7.852688431739807129e-03
7.846646010875701904e-03
7.842870429158210754e-03
7.833537645637989044e-03
7.829349488019943237e-03
7.822521030902862549e-03
7.816490717232227325e-03
7.810587994754314423e-03
7.805962115526199341e-03
7.798796985298395157e-03
7.792322896420955658e-03
7.787676528096199036e-03
7.783029228448867798e-03
7.776893209666013718e-03
7.765411399304866791e-03
7.764678448438644409e-03
7.757155690342187881e-03
7.753575220704078674e-03
7.745881099253892899e-03
7.738209795206785202e-03
7.730744313448667526e-03
7.724638096988201141e-03
7.721602916717529297e-03
7.717253640294075012e-03
7.711024489253759384e-03
7.706386037170886993e-03
7.696973159909248352e-03
7.691078353673219681e-03
7.683021482080221176e-03
7.680509705096483231e-03
7.675442844629287720e-03
7.669083308428525925e-03
7.663398049771785736e-03
7.653905078768730164e-03
7.647782564163208008e-03
7.641885429620742798e-03
7.635342422872781754e-03
7.630669046193361282e-03
7.624028716236352921e-03
7.617744151502847672e-03
7.605058141052722931e-03
7.604038342833518982e-03
7.591454312205314636e-03
7.585573010146617889e-03
7.578177377581596375e-03
7.573081180453300476e-03
7.560133002698421478e-03
7.553228177130222321e-03
7.540391758084297180e-03
7.535455748438835144e-03
7.529228460043668747e-03
7.526016794145107269e-03
7.521176245063543320e-03
7.513765245676040649e-03
7.506980560719966888e-03
7.494440302252769470e-03
7.488986011594533920e-03
7.477850187569856644e-03
7.472212426364421844e-03
7.460885681211948395e-03
7.446689996868371964e-03
7.438022643327713013e-03
7.425963878631591797e-03
7.415750529617071152e-03
7.411001250147819519e-03
7.404814474284648895e-03
7.396774366497993469e-03
7.384564727544784546e-03
7.373766042292118073e-03
7.368040271103382111e-03
7.359974551945924759e-03
7.356318179517984390e-03
7.351527921855449677e-03
7.344187702983617783e-03
7.339444942772388458e-03
7.333373650908470154e-03
7.331458851695060730e-03
7.325073238462209702e-03
7.316063158214092255e-03
7.308107335120439529e-03
7.301453500986099243e-03
7.298308424651622772e-03
7.295767311006784439e-03
7.293541450053453445e-03
7.289161905646324158e-03
7.281363476067781448e-03
7.276334799826145172e-03
7.263615261763334274e-03
7.261476013809442520e-03
7.256308570504188538e-03
7.254302501678466797e-03
7.250861264765262604e-03
7.244396954774856567e-03
7.238365709781646729e-03
7.233899086713790894e-03
7.228409871459007263e-03
7.226839195936918259e-03
7.224045228213071823e-03
7.218423765152692795e-03
7.208541035652160645e-03
7.203033659607172012e-03
7.198653649538755417e-03
7.196034304797649384e-03
7.193590514361858368e-03
7.188064511865377426e-03
7.185226771980524063e-03
7.180468179285526276e-03
7.176370825618505478e-03
7.172759622335433960e-03
7.164109498262405396e-03
7.162198424339294434e-03
7.153564132750034332e-03
7.150011137127876282e-03
7.144846022129058838e-03
7.141108624637126923e-03
7.139396388083696365e-03
7.130572572350502014e-03
7.126919459551572800e-03
7.118682377040386200e-03
7.113097235560417175e-03
7.109482772648334503e-03
7.106107193976640701e-03
7.103938609361648560e-03
7.101731374859809875e-03
7.099619600921869278e-03
7.097261957824230194e-03
7.092805579304695129e-03
7.090634666383266449e-03
7.085843943059444427e-03
7.082281634211540222e-03
7.078898139297962189e-03
7.075371686369180679e-03
7.067878730595111847e-03
7.064866367727518082e-03
7.060394622385501862e-03
7.056000176817178726e-03
7.050785236060619354e-03
7.043871562927961349e-03
7.038969546556472778e-03
7.032139226794242859e-03
7.029718253761529922e-03
7.026374805718660355e-03
7.024261169135570526e-03
7.018242496997117996e-03
7.014442700892686844e-03
7.011376321315765381e-03
7.006784901022911072e-03
7.005880121141672134e-03
7.002692203968763351e-03
6.996925454586744308e-03
6.992608774453401566e-03
6.986093241721391678e-03
6.980106234550476074e-03
6.973307579755783081e-03
6.965533830225467682e-03
6.961512379348278046e-03
6.955568678677082062e-03
6.947763264179229736e-03
6.940350402146577835e-03
6.933338474482297897e-03
6.928475107997655869e-03
6.923356093466281891e-03
6.918602623045444489e-03
6.913252640515565872e-03
6.905714515596628189e-03
6.901459302753210068e-03
6.892852485179901123e-03
6.886865478008985519e-03
6.880970206111669540e-03
6.877338048070669174e-03
6.872328463941812515e-03
6.867357995361089706e-03
6.862285546958446503e-03
6.855236832052469254e-03
6.849011871963739395e-03
6.845400668680667877e-03
6.841225549578666687e-03
6.838747765868902206e-03
6.834603846073150635e-03
6.827815901488065720e-03
6.822988856583833694e-03
6.818289868533611298e-03
6.812273990362882614e-03
6.808729842305183411e-03
6.800799630582332611e-03
6.797644775360822678e-03
6.791451014578342438e-03
6.785453297197818756e-03
6.779373157769441605e-03
6.769460625946521759e-03
6.761109456419944763e-03
6.758765317499637604e-03
6.755193229764699936e-03
6.752365268766880035e-03
6.751136854290962219e-03
6.748919375240802765e-03
6.744906771928071976e-03
6.738054100424051285e-03
6.730104796588420868e-03
6.721979938447475433e-03
6.718386430293321609e-03
6.714847870171070099e-03
6.709757726639509201e-03
6.700748577713966370e-03
6.697072647511959076e-03
6.689152680337429047e-03
6.683977320790290833e-03
6.678814068436622620e-03
6.670702248811721802e-03
6.656852550804615021e-03
6.646324414759874344e-03
6.638001650571823120e-03
6.630316842347383499e-03
6.624056957662105560e-03
6.612776778638362885e-03
6.595305167138576508e-03
6.590569391846656799e-03
6.581843364983797073e-03
6.578797474503517151e-03
6.569661200046539307e-03
6.567253731191158295e-03
6.562682334333658218e-03
6.557275541126728058e-03
6.552369799464941025e-03
6.545554380863904953e-03
6.542533170431852341e-03
6.537361536175012589e-03
6.531463004648685455e-03
6.527448073029518127e-03
6.523891352117061615e-03
6.520325317978858948e-03
6.513562984764575958e-03
6.506398320198059082e-03
6.498947273939847946e-03
6.495794281363487244e-03
6.490129046142101288e-03
6.489015184342861176e-03
6.483765784651041031e-03
6.476738955825567245e-03
6.474929861724376678e-03
6.465299054980278015e-03
6.462519988417625427e-03
6.458946969360113144e-03
6.455234251916408539e-03
6.449252832680940628e-03
6.444685161113739014e-03
6.438245996832847595e-03
6.432880181819200516e-03
6.429831497371196747e-03
6.425881758332252502e-03
6.420494988560676575e-03
6.416783668100833893e-03
6.410071160644292831e-03
6.404277402907609940e-03
6.392489187419414520e-03
6.382131949067115784e-03
6.378355436027050018e-03
6.369019392877817154e-03
6.366572342813014984e-03
6.361876148730516434e-03
6.356078200042247772e-03
6.348754744976758957e-03
6.340902298688888550e-03
6.335939746350049973e-03
6.330388598144054413e-03
6.325818598270416260e-03
6.319737993180751801e-03
6.312535144388675690e-03
6.307788193225860596e-03
6.300677545368671417e-03
6.295869126915931702e-03
6.290746852755546570e-03
6.285303737968206406e-03
6.283018738031387329e-03
6.278812885284423828e-03
6.273963488638401031e-03
6.267323158681392670e-03
6.264030933380126953e-03
6.260572001338005066e-03
6.257258821278810501e-03
6.253932137042284012e-03
6.249465979635715485e-03
6.242958828806877136e-03
6.238158326596021652e-03
6.233977153897285461e-03
6.231416016817092896e-03
6.226922851055860519e-03
6.226515397429466248e-03
6.223603151738643646e-03
6.217537913471460342e-03
6.215983070433139801e-03
6.208512466400861740e-03
6.205929443240165710e-03
6.203434430062770844e-03
6.202308461070060730e-03
6.198763381689786911e-03
6.193225271999835968e-03
6.189837120473384857e-03
6.184434518218040466e-03
6.177633535116910934e-03
6.171570159494876862e-03
6.166714709252119064e-03
6.162239704281091690e-03
6.158079952001571655e-03
6.156732328236103058e-03
6.149037275463342667e-03
6.140157580375671387e-03
6.133459508419036865e-03
6.127725820988416672e-03
6.119708530604839325e-03
6.110460031777620316e-03
6.105819717049598694e-03
6.095597520470619202e-03
6.091933697462081909e-03
6.084633991122245789e-03
6.082453764975070953e-03
6.067676935344934464e-03
6.060741376131772995e-03
6.053393706679344177e-03
6.047419272363185883e-03
6.041307002305984497e-03
6.036040373146533966e-03
6.031178403645753860e-03
6.023881956934928894e-03
6.017616484314203262e-03
6.007926072925329208e-03
6.003454793244600296e-03
5.994750186800956726e-03
5.986848380416631699e-03
5.979596637189388275e-03
5.971644073724746704e-03
5.960994400084018707e-03
5.953094456344842911e-03
5.947470199316740036e-03
5.938990972936153412e-03
5.932472646236419678e-03
5.925152450799942017e-03
5.916045978665351868e-03
5.905676633119583130e-03
5.898761563003063202e-03
5.894644651561975479e-03
5.888591986149549484e-03
5.883108824491500854e-03
5.875907372683286667e-03
5.864395294338464737e-03
5.857928656041622162e-03
5.851719994097948074e-03
5.851037800312042236e-03
5.843752063810825348e-03
5.839498247951269150e-03
5.834903568029403687e-03
5.831936839967966080e-03
5.829050205647945404e-03
5.823955871164798737e-03
5.820989608764648438e-03
5.817120429128408432e-03
5.815934389829635620e-03
5.814779549837112427e-03
5.812878720462322235e-03
5.809112917631864548e-03
5.804564338177442551e-03
5.798973143100738525e-03
5.795073695480823517e-03
5.786811001598834991e-03
5.780689883977174759e-03
5.773669108748435974e-03
5.767853464931249619e-03
5.758119281381368637e-03
5.751491524279117584e-03
5.746947601437568665e-03
5.740928463637828827e-03
5.733508616685867310e-03
5.728423595428466797e-03
5.722674541175365448e-03
5.717405118048191071e-03
5.708746612071990967e-03
5.704227369278669357e-03
5.699283909052610397e-03
5.694944877177476883e-03
5.685175769031047821e-03
5.676986649632453918e-03
5.665944889187812805e-03
5.664378870278596878e-03
5.654752254486083984e-03
5.652121268212795258e-03
5.648962687700986862e-03
5.646764766424894333e-03
5.642673932015895844e-03
5.637459456920623779e-03
5.628209095448255539e-03
5.624963436275720596e-03
5.621251650154590607e-03
5.619173403829336166e-03
5.615763366222381592e-03
5.614655558019876480e-03
5.611366126686334610e-03
5.608569830656051636e-03
5.603560712188482285e-03
5.601205397397279739e-03
5.594654008746147156e-03
5.591964814811944962e-03
5.587580613791942596e-03
5.585460457950830460e-03
5.582370795309543610e-03
5.578638985753059387e-03
5.575486458837985992e-03
5.572878289967775345e-03
5.566325038671493530e-03
5.563535261899232864e-03
5.560054443776607513e-03
5.556407384574413300e-03
5.554070696234703064e-03
5.551281385123729706e-03
5.547281354665756226e-03
5.543820559978485107e-03
5.537569988518953323e-03
5.529843736439943314e-03
5.525473505258560181e-03
5.518862977623939514e-03
5.515380762517452240e-03
5.512128118425607681e-03
5.507860798388719559e-03
5.499929189682006836e-03
5.497823469340801239e-03
5.493399221450090408e-03
5.492042750120162964e-03
5.487874150276184082e-03
5.485265515744686127e-03
5.480217281728982925e-03
5.476478487253189087e-03
5.474358797073364258e-03
5.468619056046009064e-03
5.460136570036411285e-03
5.458021536469459534e-03
5.450373515486717224e-03
5.444018635898828506e-03
5.439781583845615387e-03
5.435559432953596115e-03
5.429738666862249374e-03
5.424663424491882324e-03
5.423312075436115265e-03
5.420160945504903793e-03
5.417846143245697021e-03
5.414431914687156677e-03
5.410199053585529327e-03
5.403926596045494080e-03
5.402521230280399323e-03
5.398875102400779724e-03
5.395389627665281296e-03
5.392709281295537949e-03
5.387692712247371674e-03
5.386259406805038452e-03
5.382250063121318817e-03
5.378570407629013062e-03
5.374416243284940720e-03
5.370654165744781494e-03
5.368476267904043198e-03
5.365056917071342468e-03
5.360715556889772415e-03
5.355498753488063812e-03
5.351704545319080353e-03
5.348118487745523453e-03
5.345762707293033600e-03
5.343982018530368805e-03
5.340733099728822708e-03
5.336171016097068787e-03
5.331217311322689056e-03
5.328292027115821838e-03
5.325421690940856934e-03
5.321952048689126968e-03
5.318809300661087036e-03
5.315643735229969025e-03
5.311473272740840912e-03
5.307758226990699768e-03
5.306230392307043076e-03
5.304154474288225174e-03
5.302704870700836182e-03
5.301464814692735672e-03
5.299420095980167389e-03
5.296656861901283264e-03
5.295962560921907425e-03
5.293687339872121811e-03
5.292806774377822876e-03
5.290628410875797272e-03
5.287660285830497742e-03
5.285680759698152542e-03
5.282177124172449112e-03
5.279548000544309616e-03
5.277002230286598206e-03
5.273833405226469040e-03
5.272811278700828552e-03
5.269899964332580566e-03
5.266863387078046799e-03
5.265190266072750092e-03
5.263597238808870316e-03
5.261427722871303558e-03
5.259837955236434937e-03
5.256268661469221115e-03
5.254651885479688644e-03
5.250316113233566284e-03
5.248247180134057999e-03
5.245092324912548065e-03
5.240614060312509537e-03
5.238517653197050095e-03
5.236720666289329529e-03
5.233048461377620697e-03
5.229567643254995346e-03
5.228080786764621735e-03
5.227004177868366241e-03
5.224531516432762146e-03
5.223293788731098175e-03
5.220316350460052490e-03
5.218884907662868500e-03
5.217037163674831390e-03
5.216048564761877060e-03
5.213372409343719482e-03
5.210143979638814926e-03
5.206165835261344910e-03
5.203727632761001587e-03
5.200864747166633606e-03
5.199722945690155029e-03
5.197141785174608231e-03
5.194760859012603760e-03
5.192476324737071991e-03
5.188652779906988144e-03
5.185698159039020538e-03
5.182662978768348694e-03
5.175964906811714172e-03
5.172505974769592285e-03
5.166865885257720947e-03
5.164486356079578400e-03
5.161141511052846909e-03
5.157758481800556183e-03
5.153093952685594559e-03
5.151201039552688599e-03
5.148378200829029083e-03
5.143925547599792480e-03
5.139044020324945450e-03
5.135425832122564316e-03
5.130047909915447235e-03
5.128415301442146301e-03
5.125644616782665253e-03
5.122442729771137238e-03
5.118467379361391068e-03
5.114472936838865280e-03
5.111204925924539566e-03
5.108465906232595444e-03
5.108364857733249664e-03
5.104765295982360840e-03
5.101636052131652832e-03
5.099195055663585663e-03
5.096984561532735825e-03
5.095813423395156860e-03
5.092742387205362320e-03
5.089644342660903931e-03
5.087233148515224457e-03
5.086549557745456696e-03
5.084794480353593826e-03
5.084016826003789902e-03
5.081692244857549667e-03
5.077906418591737747e-03
5.076581612229347229e-03
5.072982050478458405e-03
5.070835817605257034e-03
5.068996455520391464e-03
5.067077931016683578e-03
5.065331701189279556e-03
5.063283257186412811e-03
5.062662996351718903e-03
5.059379618614912033e-03
5.056893918663263321e-03
5.052454303950071335e-03
5.049029365181922913e-03
5.047057289630174637e-03
5.044824443757534027e-03
5.042397882789373398e-03
5.039372481405735016e-03
5.036431364715099335e-03
5.034278146922588348e-03
5.031547509133815765e-03
5.026957020163536072e-03
5.023812409490346909e-03
5.023433826863765717e-03
5.019139498472213745e-03
5.017097573727369308e-03
5.011768545955419540e-03
5.005965940654277802e-03
5.001725628972053528e-03
4.994112066924571991e-03
4.987751599401235580e-03
4.982450045645236969e-03
4.979249555617570877e-03
4.974854178726673126e-03
4.969170317053794861e-03
4.961155354976654053e-03
4.956576973199844360e-03
4.954080097377300262e-03
4.950721282511949539e-03
4.948483780026435852e-03
4.945370368659496307e-03
4.940000362694263458e-03
4.938649013638496399e-03
4.933393560349941254e-03
4.929701332002878189e-03
4.926106892526149750e-03
4.925514571368694305e-03
4.923586733639240265e-03
4.921584390103816986e-03
4.918171092867851257e-03
4.917147103697061539e-03
4.915051162242889404e-03
4.912221338599920273e-03
4.908835049718618393e-03
4.905214533209800720e-03
4.904069937765598297e-03
4.901799838989973068e-03
4.900955595076084137e-03
4.897957667708396912e-03
4.896727390587329865e-03
4.893826786428689957e-03
4.891032818704843521e-03
4.889994859695434570e-03
4.886734765022993088e-03
4.883730784058570862e-03
4.882155451923608780e-03
4.878748673945665359e-03
4.872937221080064774e-03
4.871082026511430740e-03
4.866708070039749146e-03
4.865120165050029755e-03
4.862749017775058746e-03
4.858598578721284866e-03
4.855757579207420349e-03
4.851984791457653046e-03
4.850551486015319824e-03
4.848835058510303497e-03
4.845755174756050110e-03
4.841619636863470078e-03
4.838485270738601685e-03
4.835710860788822174e-03
4.832818172872066498e-03
4.828931763768196106e-03
4.827999509871006012e-03
4.825087264180183411e-03
4.822880961000919342e-03
4.820493049919605255e-03
4.817346576601266861e-03
4.815770313143730164e-03
4.813401494175195694e-03
4.810183774679899216e-03
4.806931130588054657e-03
4.804001189768314362e-03
4.800265654921531677e-03
4.796871449798345566e-03
4.794462118297815323e-03
4.793663043528795242e-03
4.791107028722763062e-03
4.789140075445175171e-03
4.785980097949504852e-03
4.783682525157928467e-03
4.780891351401805878e-03
4.777594003826379776e-03
4.774960689246654510e-03
4.772932734340429306e-03
4.769539460539817810e-03
4.765936639159917831e-03
4.765115212649106979e-03
4.760506097227334976e-03
4.760345909744501114e-03
4.757521674036979675e-03
4.757009446620941162e-03
4.752950742840766907e-03
4.750331398099660873e-03
4.749340936541557312e-03
4.745854996144771576e-03
4.745029378682374954e-03
4.741253331303596497e-03
4.739894066005945206e-03
4.736789502203464508e-03
4.734401125460863113e-03
4.732507746666669846e-03
4.729103296995162964e-03
4.726887214928865433e-03
4.724202677607536316e-03
4.720009863376617432e-03
4.718728363513946533e-03
4.717127420008182526e-03
4.713838454335927963e-03
4.709465429186820984e-03
4.708751104772090912e-03
4.706503357738256454e-03
4.704988561570644379e-03
4.702189937233924866e-03
4.700944758951663971e-03
4.698408301919698715e-03
4.696470219641923904e-03
4.693021997809410095e-03
4.692464135587215424e-03
4.691225942224264145e-03
4.688364919275045395e-03
4.686350468546152115e-03
4.684878978878259659e-03
4.683386534452438354e-03
4.681021906435489655e-03
4.680091515183448792e-03
4.678915254771709442e-03
4.677468445152044296e-03
4.675311967730522156e-03
4.674220457673072815e-03
4.672699607908725739e-03
4.671072121709585190e-03
4.669406916946172714e-03
4.666666500270366669e-03
4.664259031414985657e-03
4.662677180022001266e-03
4.660122096538543701e-03
4.658943973481655121e-03
4.656841978430747986e-03
4.652860108762979507e-03
4.650661256164312363e-03
4.649927373975515366e-03
4.647146910429000854e-03
4.646409302949905396e-03
4.645656794309616089e-03
4.643277265131473541e-03
4.642247222363948822e-03
4.639490041881799698e-03
4.637523088604211807e-03
4.635317716747522354e-03
4.634633660316467285e-03
4.633505363017320633e-03
4.632195923477411270e-03
4.631301853805780411e-03
4.628254566341638565e-03
4.627346992492675781e-03
4.625776782631874084e-03
4.625088069587945938e-03
4.621667787432670593e-03
4.618558567017316818e-03
4.615373909473419189e-03
4.613307770341634750e-03
4.612669814378023148e-03
4.610681906342506409e-03
4.608495160937309265e-03
4.606336355209350586e-03
4.603698849678039551e-03
4.602328874170780182e-03
4.601435270160436630e-03
4.599538166075944901e-03
4.597326274961233139e-03
4.595304373651742935e-03
4.594317637383937836e-03
4.592011217027902603e-03
4.590100143104791641e-03
4.588865209370851517e-03
4.586179740726947784e-03
4.582695662975311279e-03
4.580664914101362228e-03
4.579239990562200546e-03
4.577682353556156158e-03
4.576853942126035690e-03
4.575203638523817062e-03
4.573013167828321457e-03
4.571044817566871643e-03
4.570369608700275421e-03
4.567868076264858246e-03
4.567347001284360886e-03
4.564931616187095642e-03
4.563800990581512451e-03
4.560914821922779083e-03
4.560790956020355225e-03
4.560790956020355225e-03
4.560790956020355225e-03
