1.038341601562500000e+04
7.070661621093750000e+03
6.620578613281250000e+03
6.564409179687500000e+03
6.739031250000000000e+03
6.519604003906250000e+03
6.342808593750000000e+03
6.597722656250000000e+03
6.375941894531250000e+03
6.355571289062500000e+03
6.384279296875000000e+03
6.399553710937500000e+03
6.423218750000000000e+03
6.317031738281250000e+03
6.278882812500000000e+03
6.321055664062500000e+03
6.297179199218750000e+03
6.307812988281250000e+03
6.229504882812500000e+03
6.159432617187500000e+03
5.897297363281250000e+03
5.408766601562500000e+03
5.792183593750000000e+03
5.324950195312500000e+03
5.268349609375000000e+03
4.957363769531250000e+03
5.231660644531250000e+03
4.840858398437500000e+03
4.863734863281250000e+03
4.706924316406250000e+03
4.617164062500000000e+03
4.738281738281250000e+03
4.390159179687500000e+03
4.444427734375000000e+03
4.386837402343750000e+03
4.253219238281250000e+03
4.206485351562500000e+03
4.169191894531250000e+03
4.265920410156250000e+03
4.665043457031250000e+03
5.009096679687500000e+03
4.635250976562500000e+03
5.024232421875000000e+03
4.624727539062500000e+03
4.699535644531250000e+03
4.517021972656250000e+03
4.675202636718750000e+03
4.430412109375000000e+03
4.585532714843750000e+03
4.449094238281250000e+03
4.473641601562500000e+03
4.431609863281250000e+03
4.302553222656250000e+03
4.424640136718750000e+03
4.294807128906250000e+03
4.299740722656250000e+03
4.274747070312500000e+03
4.231174804687500000e+03
4.210430175781250000e+03
4.151893554687500000e+03
4.135163085937500000e+03
4.110601074218750000e+03
4.114959472656250000e+03
4.092411865234375000e+03
4.083127685546875000e+03
4.082661376953125000e+03
4.048013427734375000e+03
4.073589111328125000e+03
4.033265136718750000e+03
4.038954101562500000e+03
4.014128906250000000e+03
4.005441894531250000e+03
3.986819824218750000e+03
3.972116210937500000e+03
3.965474609375000000e+03
3.966886962890625000e+03
3.950775878906250000e+03
3.952532226562500000e+03
3.932541992187500000e+03
3.927525390625000000e+03
3.912331054687500000e+03
3.903664550781250000e+03
3.897225830078125000e+03
3.886525390625000000e+03
3.871774414062500000e+03
3.859049560546875000e+03
3.836501464843750000e+03
3.824780273437500000e+03
3.800093994140625000e+03
3.777639892578125000e+03
3.750778808593750000e+03
3.716519531250000000e+03
3.679185058593750000e+03
3.637421630859375000e+03
3.597325439453125000e+03
3.554528320312500000e+03
3.525231933593750000e+03
3.549686523437500000e+03
3.746077636718750000e+03
4.023558105468750000e+03
3.696239990234375000e+03
3.457869384765625000e+03
3.695922851562500000e+03
3.373709228515625000e+03
3.567457763671875000e+03
3.353781005859375000e+03
3.492059326171875000e+03
3.329961669921875000e+03
3.427081542968750000e+03
3.305750244140625000e+03
3.347075927734375000e+03
3.286962646484375000e+03
3.272239746093750000e+03
3.254595458984375000e+03
3.211142333984375000e+03
3.197779785156250000e+03
3.169891601562500000e+03
3.158488769531250000e+03
3.149354736328125000e+03
3.134692138671875000e+03
3.137574707031250000e+03
3.126785888671875000e+03
3.127983154296875000e+03
3.129680419921875000e+03
3.111871826171875000e+03
3.112829101562500000e+03
3.098387451171875000e+03
3.094057128906250000e+03
3.086447753906250000e+03
3.085131591796875000e+03
3.077060546875000000e+03
3.074307861328125000e+03
3.068880615234375000e+03
3.062026855468750000e+03
3.056519042968750000e+03
3.055329589843750000e+03
3.049087402343750000e+03
3.049390869140625000e+03
3.044739013671875000e+03
3.044688720703125000e+03
3.041498535156250000e+03
3.037422851562500000e+03
3.035286621093750000e+03
3.031591308593750000e+03
3.029227050781250000e+03
3.027721435546875000e+03
3.024205810546875000e+03
3.022435791015625000e+03
3.020281250000000000e+03
3.017517578125000000e+03
3.015532470703125000e+03
3.013138671875000000e+03
3.010110107421875000e+03
3.007990478515625000e+03
3.005301513671875000e+03
3.003189697265625000e+03
3.001203125000000000e+03
2.999306152343750000e+03
2.997413818359375000e+03
2.997767578125000000e+03
3.003090576171875000e+03
3.026738281250000000e+03
3.111553222656250000e+03
3.332593261718750000e+03
3.610722167968750000e+03
3.291032470703125000e+03
3.011209960937500000e+03
3.297333740234375000e+03
3.033765136718750000e+03
3.168447265625000000e+03
3.067800537109375000e+03
3.097994140625000000e+03
3.059967041015625000e+03
3.063753662109375000e+03
3.046196289062500000e+03
3.048148681640625000e+03
3.031190917968750000e+03
3.036812744140625000e+03
3.021030273437500000e+03
3.027468017578125000e+03
3.008463623046875000e+03
3.017492919921875000e+03
2.998460205078125000e+03
3.007451660156250000e+03
2.990645507812500000e+03
2.998690185546875000e+03
2.984918701171875000e+03
2.990080078125000000e+03
2.978473388671875000e+03
2.979523925781250000e+03
2.972867919921875000e+03
2.968136718750000000e+03
2.968122802734375000e+03
2.957620361328125000e+03
2.963696044921875000e+03
2.948419921875000000e+03
2.955642089843750000e+03
2.942413085937500000e+03
2.943845214843750000e+03
2.938710937500000000e+03
2.931417968750000000e+03
2.930472412109375000e+03
2.930293945312500000e+03
2.929910644531250000e+03
2.929041015625000000e+03
2.927558837890625000e+03
2.923495361328125000e+03
2.918147705078125000e+03
2.911299560546875000e+03
2.905258056640625000e+03
2.900326660156250000e+03
2.889013427734375000e+03
2.878160156250000000e+03
2.874639892578125000e+03
2.869647216796875000e+03
2.866291015625000000e+03
2.865060791015625000e+03
2.862445800781250000e+03
2.859343017578125000e+03
2.855845458984375000e+03
2.851735351562500000e+03
2.845414550781250000e+03
2.840706542968750000e+03
2.838040283203125000e+03
2.835233886718750000e+03
2.831945556640625000e+03
2.824502685546875000e+03
2.818401611328125000e+03
2.816192382812500000e+03
2.814490234375000000e+03
2.811933593750000000e+03
2.808936523437500000e+03
2.807626708984375000e+03
2.806379150390625000e+03
2.805681152343750000e+03
2.804325195312500000e+03
2.802573486328125000e+03
2.800357421875000000e+03
2.798322998046875000e+03
2.796554443359375000e+03
2.795155273437500000e+03
2.794131347656250000e+03
2.792950195312500000e+03
2.791856933593750000e+03
2.790267822265625000e+03
2.789238769531250000e+03
2.788669921875000000e+03
2.787684570312500000e+03
2.785399658203125000e+03
2.784043457031250000e+03
2.782876220703125000e+03
2.782036132812500000e+03
2.780349121093750000e+03
2.778734619140625000e+03
2.776979248046875000e+03
2.774326171875000000e+03
2.770437255859375000e+03
2.765864990234375000e+03
2.763871093750000000e+03
2.760986083984375000e+03
2.760204101562500000e+03
2.758552734375000000e+03
2.757944091796875000e+03
2.756917480468750000e+03
2.754850097656250000e+03
2.752610351562500000e+03
2.750364990234375000e+03
2.748460693359375000e+03
2.747006835937500000e+03
2.744863281250000000e+03
2.741962646484375000e+03
2.739344970703125000e+03
2.738301513671875000e+03
2.737004150390625000e+03
2.735325927734375000e+03
2.734068115234375000e+03
2.731920898437500000e+03
2.727854248046875000e+03
2.725488525390625000e+03
2.723553466796875000e+03
2.722240234375000000e+03
2.720817138671875000e+03
2.720209228515625000e+03
2.717550781250000000e+03
2.713733398437500000e+03
2.706857177734375000e+03
2.704857666015625000e+03
2.694391601562500000e+03
2.689522949218750000e+03
2.683298339843750000e+03
2.679010986328125000e+03
2.673894287109375000e+03
2.670314208984375000e+03
2.668335693359375000e+03
2.665839599609375000e+03
2.664289794921875000e+03
2.663112060546875000e+03
2.662707031250000000e+03
2.660922119140625000e+03
2.657795654296875000e+03
2.653145507812500000e+03
2.649052978515625000e+03
2.644583740234375000e+03
2.638111572265625000e+03
2.632148681640625000e+03
2.626423095703125000e+03
2.622003662109375000e+03
2.615084960937500000e+03
2.608438232421875000e+03
2.597486083984375000e+03
2.581385498046875000e+03
2.555410888671875000e+03
2.513677734375000000e+03
2.471020996093750000e+03
2.433802978515625000e+03
2.414049804687500000e+03
2.395973876953125000e+03
2.377381347656250000e+03
2.365114501953125000e+03
2.340028808593750000e+03
2.314333984375000000e+03
2.287207763671875000e+03
2.265031738281250000e+03
2.238376708984375000e+03
2.207826171875000000e+03
2.191875000000000000e+03
2.182526123046875000e+03
2.167182617187500000e+03
2.143496826171875000e+03
2.105302978515625000e+03
2.068466552734375000e+03
2.024740966796875000e+03
1.997593627929687500e+03
1.924272338867187500e+03
1.883941528320312500e+03
1.876089355468750000e+03
1.823239135742187500e+03
1.806898193359375000e+03
1.792216430664062500e+03
1.763474487304687500e+03
1.732658935546875000e+03
1.689134033203125000e+03
1.651347778320312500e+03
1.614535400390625000e+03
1.568994018554687500e+03
1.518995239257812500e+03
1.486937622070312500e+03
1.454370727539062500e+03
1.421447265625000000e+03
1.417134155273437500e+03
1.399071044921875000e+03
1.383049926757812500e+03
1.343700561523437500e+03
1.280106689453125000e+03
1.259149902343750000e+03
1.225216552734375000e+03
1.213221313476562500e+03
1.202877319335937500e+03
1.185784057617187500e+03
1.152895874023437500e+03
1.116234497070312500e+03
1.085963867187500000e+03
1.055322265625000000e+03
1.037709838867187500e+03
1.021618713378906250e+03
1.014434082031250000e+03
1.007429138183593750e+03
1.003164306640625000e+03
9.993227539062500000e+02
9.887189331054687500e+02
9.709129028320312500e+02
9.535357666015625000e+02
9.231885986328125000e+02
8.922821044921875000e+02
8.785889282226562500e+02
8.564851684570312500e+02
8.478815917968750000e+02
8.402814941406250000e+02
8.343163452148437500e+02
8.239739990234375000e+02
8.135401611328125000e+02
8.034447021484375000e+02
7.963448486328125000e+02
7.908423461914062500e+02
7.841931152343750000e+02
7.758795166015625000e+02
7.692455444335937500e+02
7.656917114257812500e+02
7.611812744140625000e+02
7.570153808593750000e+02
7.528430175781250000e+02
7.475542602539062500e+02
7.397091064453125000e+02
7.332405395507812500e+02
7.290560913085937500e+02
7.275229492187500000e+02
7.215120239257812500e+02
7.181968383789062500e+02
7.142510986328125000e+02
7.050842285156250000e+02
6.952797851562500000e+02
6.832753906250000000e+02
6.743630981445312500e+02
6.653903198242187500e+02
6.547928466796875000e+02
6.490922851562500000e+02
6.428265991210937500e+02
6.383198852539062500e+02
6.291219482421875000e+02
6.217345581054687500e+02
6.091873779296875000e+02
5.972106933593750000e+02
5.839716796875000000e+02
5.771715698242187500e+02
5.700313720703125000e+02
5.658368530273437500e+02
5.578019409179687500e+02
5.539830932617187500e+02
5.475361328125000000e+02
5.412134399414062500e+02
5.343939208984375000e+02
5.271195068359375000e+02
5.159813842773437500e+02
5.022870788574218750e+02
4.828458251953125000e+02
4.696820373535156250e+02
4.575535583496093750e+02
4.436691284179687500e+02
4.379866027832031250e+02
4.332487182617187500e+02
4.282992553710937500e+02
4.231971435546875000e+02
4.177490539550781250e+02
4.131950073242187500e+02
4.089679870605468750e+02
4.042243957519531250e+02
4.010529785156250000e+02
3.991564331054687500e+02
3.969682006835937500e+02
3.934176025390625000e+02
3.912721557617187500e+02
3.900569458007812500e+02
3.885003051757812500e+02
3.860199279785156250e+02
3.839154052734375000e+02
3.814414367675781250e+02
3.794789428710937500e+02
3.778442687988281250e+02
3.765553588867187500e+02
3.741006469726562500e+02
3.725922851562500000e+02
3.695680236816406250e+02
3.668589477539062500e+02
3.613311462402343750e+02
3.560192260742187500e+02
3.520255126953125000e+02
3.490461425781250000e+02
3.456529235839843750e+02
3.425408325195312500e+02
3.380219421386718750e+02
3.350080871582031250e+02
3.325672302246093750e+02
3.290998840332031250e+02
3.263521118164062500e+02
3.237385864257812500e+02
3.208991394042968750e+02
3.192987060546875000e+02
3.176502075195312500e+02
3.152815246582031250e+02
3.132898559570312500e+02
3.099212646484375000e+02
3.077753295898437500e+02
3.032469177246093750e+02
2.992515869140625000e+02
2.963316650390625000e+02
2.944010925292968750e+02
2.919696960449218750e+02
2.889595031738281250e+02
2.860437316894531250e+02
2.839031372070312500e+02
2.814424133300781250e+02
2.789623107910156250e+02
2.759467468261718750e+02
2.736955261230468750e+02
2.722424316406250000e+02
2.711716003417968750e+02
2.703769531250000000e+02
2.692729492187500000e+02
2.682709045410156250e+02
2.674234008789062500e+02
2.669016418457031250e+02
2.661994323730468750e+02
2.658245849609375000e+02
2.655747375488281250e+02
2.651756286621093750e+02
2.648608398437500000e+02
2.646049194335937500e+02
2.639689025878906250e+02
2.633796691894531250e+02
2.621994018554687500e+02
2.612427978515625000e+02
2.601470642089843750e+02
2.592510070800781250e+02
2.575325927734375000e+02
2.571550292968750000e+02
2.563531799316406250e+02
2.556471405029296875e+02
2.541683959960937500e+02
2.534390411376953125e+02
2.517319641113281250e+02
2.501482849121093750e+02
2.495849761962890625e+02
2.491472473144531250e+02
2.483252716064453125e+02
2.471271209716796875e+02
2.454118957519531250e+02
2.441636962890625000e+02
2.431031188964843750e+02
2.410711364746093750e+02
2.388209838867187500e+02
2.375865478515625000e+02
2.368196868896484375e+02
2.348906250000000000e+02
2.344507751464843750e+02
2.331502838134765625e+02
2.318455047607421875e+02
2.315782318115234375e+02
2.311431884765625000e+02
2.304128417968750000e+02
2.302421417236328125e+02
2.296955261230468750e+02
2.284347229003906250e+02
2.277329101562500000e+02
2.258027191162109375e+02
2.232531127929687500e+02
2.213474121093750000e+02
2.202033081054687500e+02
2.196904754638671875e+02
2.190789947509765625e+02
2.185054016113281250e+02
2.181837463378906250e+02
2.175298461914062500e+02
2.168942565917968750e+02
2.159018402099609375e+02
2.155839996337890625e+02
2.145561981201171875e+02
2.140417022705078125e+02
2.132237854003906250e+02
2.126370391845703125e+02
2.117547760009765625e+02
2.106327819824218750e+02
2.099125366210937500e+02
2.092286224365234375e+02
2.086432800292968750e+02
2.080850982666015625e+02
2.073977203369140625e+02
2.061046142578125000e+02
2.045544433593750000e+02
2.036708526611328125e+02
2.019597778320312500e+02
2.007011108398437500e+02
1.991770782470703125e+02
1.985476684570312500e+02
1.973748474121093750e+02
1.959869842529296875e+02
1.947956848144531250e+02
1.943659057617187500e+02
1.932811279296875000e+02
1.926182861328125000e+02
1.907818603515625000e+02
1.890060272216796875e+02
1.884785919189453125e+02
1.871761016845703125e+02
1.867329864501953125e+02
1.862052459716796875e+02
1.854290008544921875e+02
1.852487487792968750e+02
1.841642303466796875e+02
1.834975128173828125e+02
1.826542053222656250e+02
1.812101287841796875e+02
1.800115966796875000e+02
1.793068389892578125e+02
1.782112731933593750e+02
1.780355072021484375e+02
1.764812774658203125e+02
1.758544006347656250e+02
1.753859863281250000e+02
1.751161193847656250e+02
1.746708831787109375e+02
1.742731170654296875e+02
1.737729339599609375e+02
1.730689697265625000e+02
1.724037170410156250e+02
1.719544372558593750e+02
1.711460266113281250e+02
1.703226318359375000e+02
1.693490600585937500e+02
1.686994628906250000e+02
1.672282714843750000e+02
1.655373077392578125e+02
1.643704223632812500e+02
1.626820526123046875e+02
1.617054901123046875e+02
1.611165466308593750e+02
1.604874114990234375e+02
1.601304016113281250e+02
1.595413360595703125e+02
1.589255065917968750e+02
1.581952209472656250e+02
1.581469268798828125e+02
1.573595123291015625e+02
1.567109527587890625e+02
1.565992279052734375e+02
1.560324554443359375e+02
1.557877197265625000e+02
1.545788574218750000e+02
1.545788574218750000e+02
1.545788574218750000e+02
