7.209928222656250000e+03
7.055499023437500000e+03
6.411400878906250000e+03
6.564880859375000000e+03
6.206097656250000000e+03
6.284726074218750000e+03
6.295507812500000000e+03
6.188529785156250000e+03
6.201512695312500000e+03
6.215974609375000000e+03
6.178219238281250000e+03
6.192815917968750000e+03
6.213579101562500000e+03
6.190591796875000000e+03
6.164059570312500000e+03
6.170886230468750000e+03
6.179354003906250000e+03
6.161552246093750000e+03
6.138430664062500000e+03
6.119153808593750000e+03
6.092458007812500000e+03
6.054669433593750000e+03
5.992550781250000000e+03
5.889270996093750000e+03
5.723210449218750000e+03
5.447758789062500000e+03
5.419492187500000000e+03
5.288388183593750000e+03
5.153694824218750000e+03
4.840880371093750000e+03
4.800068359375000000e+03
4.757613281250000000e+03
5.208257812500000000e+03
4.603278320312500000e+03
4.426298339843750000e+03
4.845362792968750000e+03
4.287489746093750000e+03
4.620438964843750000e+03
4.240853515625000000e+03
4.393160156250000000e+03
4.269377929687500000e+03
4.222204589843750000e+03
4.183159179687500000e+03
4.127524902343750000e+03
4.103422851562500000e+03
4.096356933593750000e+03
3.958189453125000000e+03
4.015260253906250000e+03
3.942316162109375000e+03
3.911338134765625000e+03
3.892779296875000000e+03
3.851826904296875000e+03
3.840449462890625000e+03
3.795884765625000000e+03
3.772577148437500000e+03
3.732862548828125000e+03
3.737387451171875000e+03
3.648615966796875000e+03
3.635909912109375000e+03
3.541474853515625000e+03
3.503390625000000000e+03
3.385087890625000000e+03
3.268349365234375000e+03
3.138335693359375000e+03
2.912276855468750000e+03
2.713211914062500000e+03
2.594831787109375000e+03
3.175824951171875000e+03
4.248947753906250000e+03
2.367185058593750000e+03
3.155550537109375000e+03
2.304541748046875000e+03
2.648734130859375000e+03
2.664432861328125000e+03
2.235625976562500000e+03
2.238173583984375000e+03
2.402460937500000000e+03
2.085138671875000000e+03
2.069029785156250000e+03
2.182654052734375000e+03
2.012952880859375000e+03
1.972123291015625000e+03
2.053733642578125000e+03
1.927638061523437500e+03
1.854108032226562500e+03
1.886467407226562500e+03
1.841177612304687500e+03
1.749486450195312500e+03
1.744467407226562500e+03
1.723860961914062500e+03
1.664095214843750000e+03
1.646416137695312500e+03
1.627869995117187500e+03
1.579524169921875000e+03
1.586285156250000000e+03
1.529093750000000000e+03
1.503598022460937500e+03
1.510147094726562500e+03
1.457347167968750000e+03
1.472515380859375000e+03
1.450324584960937500e+03
1.414639038085937500e+03
1.416056030273437500e+03
1.379401733398437500e+03
1.376663452148437500e+03
1.347547485351562500e+03
1.333869995117187500e+03
1.317228881835937500e+03
1.300543701171875000e+03
1.290413208007812500e+03
1.266406127929687500e+03
1.252965576171875000e+03
1.238381225585937500e+03
1.223128173828125000e+03
1.203031494140625000e+03
1.190062500000000000e+03
1.171590698242187500e+03
1.155884155273437500e+03
1.141903198242187500e+03
1.125811645507812500e+03
1.113907714843750000e+03
1.099543945312500000e+03
1.095558227539062500e+03
1.106033691406250000e+03
1.222652832031250000e+03
1.767606811523437500e+03
2.945327148437500000e+03
1.841611816406250000e+03
1.517370727539062500e+03
1.789318603515625000e+03
1.419866210937500000e+03
1.585226684570312500e+03
1.401970214843750000e+03
1.313723632812500000e+03
1.477733154296875000e+03
1.238550537109375000e+03
1.383779541015625000e+03
1.242626708984375000e+03
1.267208374023437500e+03
1.244870361328125000e+03
1.160265625000000000e+03
1.252661499023437500e+03
1.174927734375000000e+03
1.182467041015625000e+03
1.160197509765625000e+03
1.135185058593750000e+03
1.130610473632812500e+03
1.093556640625000000e+03
1.133520996093750000e+03
1.072021362304687500e+03
1.069003173828125000e+03
1.051151977539062500e+03
1.048826416015625000e+03
1.035361083984375000e+03
1.018331359863281250e+03
1.028755981445312500e+03
9.995969238281250000e+02
1.003558715820312500e+03
9.824749145507812500e+02
9.879359130859375000e+02
9.665765380859375000e+02
9.729674072265625000e+02
9.541066894531250000e+02
9.508572998046875000e+02
9.469444580078125000e+02
9.367683105468750000e+02
9.360031738281250000e+02
9.246984252929687500e+02
9.255886840820312500e+02
9.132918701171875000e+02
9.116627197265625000e+02
9.035755615234375000e+02
8.998649902343750000e+02
8.921497802734375000e+02
8.906784057617187500e+02
8.816378784179687500e+02
8.777139892578125000e+02
8.736179199218750000e+02
8.670492553710937500e+02
8.632421264648437500e+02
8.572786865234375000e+02
8.534412231445312500e+02
8.487679443359375000e+02
8.419503784179687500e+02
8.397207641601562500e+02
8.344368286132812500e+02
8.300026855468750000e+02
8.247662353515625000e+02
8.188400878906250000e+02
8.148837280273437500e+02
8.102547607421875000e+02
8.053992919921875000e+02
8.011851806640625000e+02
7.965684204101562500e+02
7.919691162109375000e+02
7.890852050781250000e+02
7.870914916992187500e+02
7.902517700195312500e+02
8.092687988281250000e+02
8.648608398437500000e+02
8.208445434570312500e+02
7.645310058593750000e+02
7.631865234375000000e+02
7.614862060546875000e+02
7.609597167968750000e+02
7.602446289062500000e+02
7.595924072265625000e+02
7.571610107421875000e+02
7.545386352539062500e+02
7.507485961914062500e+02
7.422448120117187500e+02
7.302811889648437500e+02
7.095870361328125000e+02
6.890186767578125000e+02
6.512660522460937500e+02
6.324197998046875000e+02
6.119782714843750000e+02
5.850773925781250000e+02
5.703746948242187500e+02
5.638851318359375000e+02
5.501315307617187500e+02
5.428451538085937500e+02
5.349468383789062500e+02
5.271940307617187500e+02
5.185278320312500000e+02
5.070165710449218750e+02
4.958043212890625000e+02
4.857329711914062500e+02
4.794671020507812500e+02
4.706172485351562500e+02
4.595817260742187500e+02
4.524107666015625000e+02
4.472709045410156250e+02
4.440750427246093750e+02
4.405975341796875000e+02
4.339805603027343750e+02
4.218485107421875000e+02
4.170299987792968750e+02
4.131893310546875000e+02
4.074512329101562500e+02
4.006646423339843750e+02
3.956190795898437500e+02
3.900740051269531250e+02
3.841666564941406250e+02
3.760195312500000000e+02
3.697061462402343750e+02
3.627354125976562500e+02
3.577558593750000000e+02
3.544069824218750000e+02
3.516140136718750000e+02
3.483325805664062500e+02
3.440032958984375000e+02
3.406324462890625000e+02
3.383440246582031250e+02
3.360421752929687500e+02
3.342238159179687500e+02
3.320250854492187500e+02
3.305466308593750000e+02
3.283717041015625000e+02
3.258840942382812500e+02
3.238390502929687500e+02
3.209065551757812500e+02
3.198110961914062500e+02
3.192276611328125000e+02
3.182966613769531250e+02
3.167231750488281250e+02
3.146795349121093750e+02
3.128165283203125000e+02
3.112668762207031250e+02
3.092615051269531250e+02
3.069291992187500000e+02
3.039643249511718750e+02
2.996146850585937500e+02
2.948949890136718750e+02
2.907408752441406250e+02
2.877881469726562500e+02
2.847061462402343750e+02
2.826213989257812500e+02
2.809253540039062500e+02
2.801324768066406250e+02
2.787833251953125000e+02
2.779197082519531250e+02
2.770577087402343750e+02
2.756925659179687500e+02
2.743498840332031250e+02
2.728610229492187500e+02
2.722384948730468750e+02
2.714393615722656250e+02
2.705229187011718750e+02
2.690181884765625000e+02
2.680800781250000000e+02
2.673095703125000000e+02
2.666888732910156250e+02
2.665702514648437500e+02
2.661592407226562500e+02
2.652648925781250000e+02
2.647101745605468750e+02
2.633227233886718750e+02
2.623186035156250000e+02
2.610407409667968750e+02
2.604743957519531250e+02
2.599553222656250000e+02
2.592025146484375000e+02
2.582325134277343750e+02
2.565334167480468750e+02
2.552265625000000000e+02
2.522446441650390625e+02
2.506762695312500000e+02
2.485371093750000000e+02
2.468866424560546875e+02
2.448206787109375000e+02
2.422086181640625000e+02
2.407520599365234375e+02
2.396151733398437500e+02
2.390965728759765625e+02
2.386728057861328125e+02
2.383593750000000000e+02
2.379762573242187500e+02
2.377601013183593750e+02
2.370702514648437500e+02
2.361967010498046875e+02
2.351188964843750000e+02
2.341212158203125000e+02
2.333406066894531250e+02
2.326859130859375000e+02
2.319693450927734375e+02
2.310477905273437500e+02
2.297989501953125000e+02
2.285190124511718750e+02
2.273827209472656250e+02
2.258049163818359375e+02
2.242088470458984375e+02
2.228884735107421875e+02
2.221918640136718750e+02
2.214678802490234375e+02
2.203982086181640625e+02
2.192379760742187500e+02
2.186843261718750000e+02
2.180819091796875000e+02
2.173223419189453125e+02
2.162851867675781250e+02
2.148629760742187500e+02
2.135924377441406250e+02
2.120128631591796875e+02
2.104672698974609375e+02
2.098434448242187500e+02
2.083653717041015625e+02
2.076593933105468750e+02
2.067366333007812500e+02
2.057697906494140625e+02
2.050680084228515625e+02
2.041339263916015625e+02
2.031040039062500000e+02
2.022776031494140625e+02
2.013642578125000000e+02
2.006624755859375000e+02
1.993943939208984375e+02
1.985151519775390625e+02
1.974181671142578125e+02
1.970495147705078125e+02
1.963110809326171875e+02
1.956321105957031250e+02
1.948967437744140625e+02
1.945293579101562500e+02
1.939341125488281250e+02
1.930619964599609375e+02
1.917584533691406250e+02
1.905627593994140625e+02
1.897269897460937500e+02
1.889625549316406250e+02
1.881048736572265625e+02
1.873469543457031250e+02
1.867269439697265625e+02
1.866517791748046875e+02
1.858344879150390625e+02
1.853744049072265625e+02
1.847550048828125000e+02
1.844965362548828125e+02
1.839372863769531250e+02
1.833971862792968750e+02
1.827531890869140625e+02
1.822061157226562500e+02
1.815152587890625000e+02
1.808272247314453125e+02
1.796513061523437500e+02
1.789025878906250000e+02
1.781930541992187500e+02
1.769358215332031250e+02
1.756822357177734375e+02
1.742836608886718750e+02
1.738765411376953125e+02
1.732110595703125000e+02
1.726004791259765625e+02
1.721094970703125000e+02
1.712946014404296875e+02
1.703416442871093750e+02
1.687133178710937500e+02
1.677657928466796875e+02
1.669967956542968750e+02
1.665724182128906250e+02
1.661768188476562500e+02
1.659418334960937500e+02
1.659199218750000000e+02
1.655293273925781250e+02
1.652159118652343750e+02
1.651356506347656250e+02
1.647008209228515625e+02
1.646250152587890625e+02
1.642979736328125000e+02
1.640687255859375000e+02
1.639179077148437500e+02
1.635809173583984375e+02
1.631791381835937500e+02
1.626158599853515625e+02
1.617840118408203125e+02
1.608832397460937500e+02
1.596531982421875000e+02
1.589535217285156250e+02
1.581752777099609375e+02
1.576541748046875000e+02
1.569624633789062500e+02
1.561661224365234375e+02
1.548085021972656250e+02
1.543857421875000000e+02
1.535885314941406250e+02
1.529443817138671875e+02
1.524999542236328125e+02
1.521993713378906250e+02
1.514014129638671875e+02
1.507138519287109375e+02
1.500232696533203125e+02
1.494643402099609375e+02
1.486251068115234375e+02
1.477074737548828125e+02
1.467262725830078125e+02
1.464408416748046875e+02
1.458099365234375000e+02
1.454320526123046875e+02
1.451246948242187500e+02
1.447855987548828125e+02
1.445790863037109375e+02
1.441337890625000000e+02
1.435105743408203125e+02
1.427347106933593750e+02
1.417986755371093750e+02
1.406771697998046875e+02
1.398653564453125000e+02
1.390941467285156250e+02
1.384400024414062500e+02
1.380391082763671875e+02
1.373841247558593750e+02
1.368275146484375000e+02
1.361686706542968750e+02
1.358940124511718750e+02
1.356958923339843750e+02
1.349990386962890625e+02
1.339490966796875000e+02
1.336427612304687500e+02
1.331521301269531250e+02
1.327295074462890625e+02
1.324904174804687500e+02
1.323364257812500000e+02
1.320692443847656250e+02
1.320492706298828125e+02
1.316927490234375000e+02
1.312138061523437500e+02
1.300446777343750000e+02
1.287654571533203125e+02
1.267692489624023438e+02
1.254160537719726562e+02
1.237760238647460938e+02
1.227467041015625000e+02
1.219282760620117188e+02
1.215761413574218750e+02
1.206035308837890625e+02
1.193786544799804688e+02
1.187416687011718750e+02
1.177219238281250000e+02
1.169816207885742188e+02
1.158402023315429688e+02
1.147105865478515625e+02
1.136301345825195312e+02
1.123769760131835938e+02
1.110696105957031250e+02
1.096497192382812500e+02
1.086830444335937500e+02
1.075972213745117188e+02
1.070247116088867188e+02
1.064851226806640625e+02
1.061370773315429688e+02
1.055080261230468750e+02
1.045814361572265625e+02
1.039778900146484375e+02
1.033800506591796875e+02
1.025525207519531250e+02
1.016024856567382812e+02
1.002050018310546875e+02
9.875183105468750000e+01
9.773863220214843750e+01
9.681454467773437500e+01
9.619580078125000000e+01
9.512791442871093750e+01
9.423933410644531250e+01
9.333238220214843750e+01
9.247002410888671875e+01
9.150769805908203125e+01
9.045387268066406250e+01
8.970549011230468750e+01
8.810110473632812500e+01
8.707183837890625000e+01
8.644669342041015625e+01
8.582807922363281250e+01
8.539389801025390625e+01
8.499423217773437500e+01
8.447966003417968750e+01
8.419785308837890625e+01
8.336965942382812500e+01
8.280271148681640625e+01
8.223426818847656250e+01
8.174871063232421875e+01
8.113721466064453125e+01
8.088866424560546875e+01
8.033724975585937500e+01
8.012324523925781250e+01
7.973633575439453125e+01
7.917985534667968750e+01
7.863884735107421875e+01
7.793887329101562500e+01
7.717359161376953125e+01
7.657467651367187500e+01
7.591986083984375000e+01
7.551304626464843750e+01
7.493839263916015625e+01
7.426696777343750000e+01
7.379576873779296875e+01
7.319654083251953125e+01
7.263400268554687500e+01
7.238563537597656250e+01
7.193717956542968750e+01
7.169307708740234375e+01
7.129644012451171875e+01
7.100765991210937500e+01
7.059033203125000000e+01
6.995035552978515625e+01
6.924095916748046875e+01
6.877653503417968750e+01
6.853005218505859375e+01
6.802445983886718750e+01
6.764441680908203125e+01
6.716651916503906250e+01
6.692008972167968750e+01
6.656858062744140625e+01
6.632300567626953125e+01
6.591457366943359375e+01
6.565181732177734375e+01
6.531443786621093750e+01
6.499745941162109375e+01
6.456586456298828125e+01
6.406108093261718750e+01
6.379835510253906250e+01
6.352711868286132812e+01
6.346112823486328125e+01
6.291395568847656250e+01
6.272314071655273438e+01
6.261780548095703125e+01
6.232093811035156250e+01
6.206355285644531250e+01
6.183234405517578125e+01
6.163368606567382812e+01
6.125406265258789062e+01
6.086190414428710938e+01
6.043910980224609375e+01
5.985462951660156250e+01
5.941849136352539062e+01
5.892555999755859375e+01
5.836818313598632812e+01
5.792580413818359375e+01
5.745822906494140625e+01
5.707071685791015625e+01
5.670478057861328125e+01
5.654440307617187500e+01
5.551742553710937500e+01
5.515373611450195312e+01
5.492115020751953125e+01
5.461521530151367188e+01
5.438813400268554688e+01
5.422956085205078125e+01
5.392962265014648438e+01
5.379074859619140625e+01
5.372624969482421875e+01
5.337660217285156250e+01
5.322950363159179688e+01
5.319163513183593750e+01
5.316688919067382812e+01
5.284368896484375000e+01
5.261577224731445312e+01
5.261020660400390625e+01
5.248363494873046875e+01
5.229242706298828125e+01
5.196440124511718750e+01
5.192701721191406250e+01
5.175909423828125000e+01
5.155553436279296875e+01
5.118721389770507812e+01
5.062859344482421875e+01
5.047690963745117188e+01
5.012243652343750000e+01
4.992105102539062500e+01
4.968425750732421875e+01
4.956904602050781250e+01
4.934426116943359375e+01
4.915159606933593750e+01
4.904156494140625000e+01
4.883906555175781250e+01
4.859860610961914062e+01
4.830179977416992188e+01
4.802803802490234375e+01
4.777296829223632812e+01
4.766685867309570312e+01
4.738037872314453125e+01
4.725457000732421875e+01
4.710131835937500000e+01
4.687503051757812500e+01
4.660973358154296875e+01
4.639095687866210938e+01
4.607801055908203125e+01
4.588042068481445312e+01
4.570406723022460938e+01
4.561806106567382812e+01
4.537956237792968750e+01
4.518531036376953125e+01
4.508354187011718750e+01
4.480075073242187500e+01
4.460081481933593750e+01
4.422138214111328125e+01
4.421035766601562500e+01
4.410642623901367188e+01
4.400969696044921875e+01
4.379921340942382812e+01
4.373926544189453125e+01
4.371633148193359375e+01
4.331822204589843750e+01
4.331781005859375000e+01
4.331781005859375000e+01
4.331781005859375000e+01
