1.030376093046829089e+00,8.328867709284025478e-02,3.059134388676936211e-01,9.930700691648406409e-01,1.004943549223228816e+00,1.006095038718741064e+00
5.400152385839299685e-01,9.166346752444666512e-02,3.149024744957028554e-01,5.882696852127422549e-01,1.107855313435084588e+00,1.027998589522273631e+00
4.826260360120313564e-01,9.298841728429560471e-02,1.757437764099198108e-01,5.308001413354376252e-01,1.260711429470424472e+00,5.701724481961603086e-01
4.329281028937549403e-01,1.080197118762508818e-01,1.292846442675328056e-01,5.044981384241312705e-01,1.288844347205592378e+00,4.102551979450040354e-01
1.601706647043965315e-01,6.562325668740683071e-02,9.978249547045635326e-02,1.783084405162211339e-01,8.992355917414001087e-01,3.208504608164039484e-01
8.156294290311549844e-02,2.180529367251894668e-02,4.882206012182475907e-02,9.526102313595556648e-02,3.117479868258702380e-01,1.600377244294379220e-01
4.615265318054620480e-02,1.122258012558295312e-02,1.391164303427742076e-02,5.166617808887543489e-02,1.413006990314431555e-01,4.705211610038145809e-02
3.169735868456034084e-02,6.824842702627493748e-03,8.943622714885208352e-03,3.825757132617870621e-02,8.590599503140251836e-02,2.948300300267583940e-02
2.544740851392841147e-02,6.151378384786346763e-03,6.257423656638042356e-03,2.699798518795561847e-02,7.613728412920793553e-02,2.160406338005491436e-02
1.447025269341296015e-02,5.647005152343683755e-03,9.590706144346865247e-03,1.453976426779992302e-02,7.606983918169152314e-02,3.239614532430624277e-02
1.194519139459044969e-02,5.040710621762941809e-03,1.199745777556458261e-02,1.214756119559145912e-02,6.765424454390595033e-02,3.825791519071112395e-02
6.884186421273719506e-03,4.200777769018853094e-03,7.403855062451982806e-03,7.446391679378983747e-03,5.272328006819709811e-02,2.615959109650678113e-02
5.872461648089557541e-03,3.674545575960969004e-03,6.542371414794878950e-03,6.096915313400709524e-03,4.668252398648151114e-02,2.233084218580432337e-02
5.685029547282131369e-03,3.756938839971835607e-03,7.936358227832403245e-03,6.182387720146607403e-03,4.677525184235264977e-02,2.638860288670787438e-02
5.060874299889492507e-03,3.034928636225620903e-03,5.326780800272446978e-03,5.383454019475778819e-03,3.896539461827795009e-02,1.869877316761067026e-02
4.150904361428141287e-03,2.521361083188628904e-03,4.185106896737528052e-03,4.249688153582662810e-03,3.114280238366849349e-02,1.611305834562511141e-02
3.064948913764977377e-03,2.297744118303588282e-03,3.281472470241770124e-03,3.200471750561260584e-03,2.853118974580839268e-02,1.237238595430645641e-02
3.583381363781861471e-03,2.451276997827534204e-03,3.717927794669295422e-03,3.613170072973138566e-03,2.967837165725614387e-02,1.449492064919072690e-02
3.672873234718480873e-03,2.425954312103090031e-03,3.950343855040810981e-03,3.828451205562305101e-03,3.016833141036599428e-02,1.523400506270717811e-02
3.171775185212037922e-03,2.150892961938660405e-03,3.273346155840939006e-03,3.193061818968999897e-03,2.647218211620317244e-02,1.230033662600196233e-02
3.233867963537368027e-03,2.037578251572820260e-03,3.077762514083968049e-03,3.239032592509838698e-03,2.511274003629711954e-02,1.121744295459117628e-02
2.741289012353003221e-03,1.812539444833247441e-03,2.190761432511501277e-03,2.886799018789034787e-03,2.161763373241376920e-02,8.045827742457527937e-03
2.789128070908715624e-03,1.672535858691380538e-03,2.120596427119690944e-03,2.979570478351839871e-03,2.022498512857004091e-02,7.827809001262101343e-03
2.332365979793778535e-03,1.485171743954105108e-03,2.188125761178621401e-03,2.489506257342095387e-03,1.797551944146237937e-02,7.518203660067612759e-03
2.188821693138203166e-03,1.470908492743333053e-03,1.972459646194979228e-03,2.416334029026130474e-03,1.792704037545694157e-02,6.927860357394512517e-03
2.050793406466875322e-03,1.173688233510311336e-03,1.997730683579397593e-03,2.213192134494577912e-03,1.503244449725117150e-02,7.065439701576009708e-03
2.172724344523886859e-03,9.051568613103074239e-04,1.750005406561465490e-03,2.407794039429040755e-03,1.219941761606310043e-02,6.339121827696476107e-03
2.501067130312153476e-03,1.079297665587359211e-03,2.018329936151820689e-03,2.638233060453158349e-03,1.469140176954012757e-02,7.069161966633201455e-03
2.366917437334541043e-03,9.725585625816225580e-04,1.728310351913712843e-03,2.514439519903449976e-03,1.331988591308915296e-02,6.205709666798348532e-03
2.424679963176067880e-03,9.493281060968100909e-04,1.641935097786624900e-03,2.547356432185889693e-03,1.322677574784734099e-02,5.865939564429849783e-03
2.302353238440240247e-03,1.094570343975624464e-03,1.418681068242881593e-03,2.404154204740343963e-03,1.453147687745454802e-02,5.295969519568810915e-03
2.099687406354685398e-03,1.125766959392218497e-03,1.377682430724279676e-03,2.195161584266421429e-03,1.451933210615962040e-02,5.061520143905855022e-03
1.845286391710787956e-03,1.035053476690057190e-03,1.390613723051624395e-03,1.928210574425585086e-03,1.339597868643278671e-02,5.013054687162211108e-03
2.071700669343306146e-03,1.007530536954201342e-03,1.186751273475595246e-03,2.098674965300475429e-03,1.296214315413214517e-02,4.432225846174162563e-03
1.727764119255015924e-03,9.976721340081502916e-04,1.152425552228413278e-03,1.771332130705927446e-03,1.291353502863340844e-02,4.137720622148659093e-03
1.838136691446424402e-03,1.003704824970083793e-03,1.185742639862112126e-03,1.893934847454482569e-03,1.299753506081260772e-02,4.162144191976811618e-03
2.057839014474986423e-03,1.050076455284360607e-03,1.281036923805832766e-03,2.120744822322250152e-03,1.329280533030928989e-02,4.524262511412759612e-03
2.121174153727787420e-03,1.050627155128902503e-03,1.440821187156491809e-03,2.176099525490098833e-03,1.324181244147576084e-02,4.941122826085331265e-03
2.150175806125577578e-03,1.050580496898538769e-03,1.393342442706611492e-03,2.147040652200297040e-03,1.309757199980168645e-02,4.771186065264174450e-03
1.894877037377620203e-03,9.741049499192607061e-04,1.233321017381920886e-03,1.903028459079145543e-03,1.220655237436832179e-02,4.298195953990576954e-03
1.687503881652527597e-03,8.713766065682622929e-04,1.116677255376825320e-03,1.680801078420659719e-03,1.140899699178678922e-02,4.117448045918645737e-03
1.701511387167613243e-03,8.577667292530310496e-04,1.029183376221899041e-03,1.707769973940677713e-03,1.120316555418512418e-02,4.012411723296437083e-03
1.534940071955189465e-03,8.283899760147738975e-04,1.111108965407722922e-03,1.574224396273819467e-03,1.118044376763528171e-02,4.420024695363524402e-03
1.487566203501835887e-03,7.595310535710810863e-04,1.086670112464966243e-03,1.532178779528146385e-03,1.030527573196563830e-02,4.330524302229326293e-03
1.504184297693339153e-03,7.475616178509138709e-04,1.005418478928078729e-03,1.530770500200433681e-03,9.779814285883065006e-03,3.925770852353538745e-03
1.187101220213488805e-03,6.844703949400663930e-04,9.759540952031849764e-04,1.237664617432547012e-03,9.215910161846155302e-03,3.866628398703411424e-03
1.274438429499815187e-03,7.599257027130301798e-04,8.264507328381508981e-04,1.291751018455301794e-03,9.825929243382113681e-03,3.346018391563405480e-03
1.242092355450023127e-03,7.011159364400569929e-04,8.856924078983665488e-04,1.239976055638514468e-03,9.286462849274980738e-03,3.328429033678794498e-03
1.180900341802006322e-03,7.153157431668115147e-04,8.118666292344702560e-04,1.211726451989875858e-03,8.967621615014360892e-03,3.149617431078814960e-03
1.117203370063374682e-03,6.970108790687283692e-04,7.687191389462543064e-04,1.142445005016324124e-03,8.792985467319972340e-03,3.000605960823053871e-03
1.087907152360614730e-03,6.871265235590030438e-04,7.465474388126030819e-04,1.128954512569970347e-03,8.647302942624533056e-03,2.923821720147920956e-03
9.270680544725076353e-04,6.488891071933913573e-04,6.005506960733925439e-04,9.795439445822924120e-04,8.192544183029537228e-03,2.412481716436769025e-03
9.504847133789325617e-04,6.567707891015589321e-04,6.372356913044777398e-04,1.002232371456031768e-03,8.145524214188074735e-03,2.349509351812450759e-03
9.447218046960216596e-04,6.979460232911395947e-04,6.413452710874162745e-04,1.002071998792645156e-03,8.557050977862756119e-03,2.361352368616967401e-03
9.646446512247326298e-04,6.766341625052206109e-04,6.293604775347785710e-04,1.023974445250505497e-03,8.325209887661179017e-03,2.287457262752153053e-03
9.898034341321011818e-04,6.544285321881550656e-04,5.763482648701885721e-04,1.032615510025242057e-03,8.089534705526611746e-03,2.186314482746253961e-03
9.628450529283057689e-04,6.219383465030201182e-04,5.819564318986516181e-04,9.944811079747274338e-04,7.667247453833255129e-03,2.265923509642797998e-03
9.388864015836162914e-04,5.642599529362067297e-04,5.800033748525619103e-04,9.677732541528381036e-04,7.151425702118714180e-03,2.188835489971374757e-03
9.993112338201458767e-04,6.071732186765812058e-04,5.502177035877125946e-04,1.014694733985537075e-03,7.742639221755066511e-03,2.132117240931076085e-03
1.067989802324807161e-03,5.786212612073576931e-04,5.135015267254380887e-04,1.090035794514488537e-03,7.362639239519075396e-03,1.933994082716620740e-03
1.089651319134721328e-03,5.609619663688203721e-04,5.192713321512949353e-04,1.109081694901775054e-03,7.121975148839851909e-03,1.959891843557788789e-03
1.061317290265206825e-03,5.364066435022521494e-04,5.211465846543800315e-04,1.075454244634538748e-03,6.845523874523385191e-03,1.994598587336072777e-03
9.877166075198460897e-04,4.807184398706299249e-04,5.571165696469216168e-04,1.024824342299351758e-03,6.140676870252906490e-03,1.953595691709297290e-03
1.096419075346458842e-03,5.023263821430412656e-04,5.569658246767677156e-04,1.126605942070352424e-03,6.418639039105581041e-03,1.935405725953517854e-03
1.149800524051839551e-03,5.006119335857319233e-04,5.985624209645405355e-04,1.157228104844567869e-03,6.214720655297304233e-03,2.029600584368533491e-03
1.075434753103889909e-03,4.517998201521323674e-04,5.736836489063404073e-04,1.086153760160151697e-03,5.799221614942470446e-03,1.999322191120148345e-03
1.038980566398392058e-03,4.493031111335055194e-04,5.939721215176183532e-04,1.056476576311548166e-03,5.752502745905954673e-03,2.027279938714442436e-03
1.030605849058257271e-03,4.530279326101668250e-04,5.632395355438455905e-04,1.055677000928175379e-03,5.734263910032326265e-03,1.938240763074011242e-03
1.028200685198121713e-03,4.424669687356692937e-04,5.298719630807981716e-04,1.059805779277058499e-03,5.679048454008424514e-03,1.852204199763435484e-03
9.400004161150525431e-04,3.994440366021914852e-04,5.180448156126462710e-04,9.777020919653593711e-04,5.242936399300479958e-03,1.891623631451520458e-03
9.679964185362317612e-04,3.913380526986795396e-04,5.078046760262092335e-04,9.944349985737648955e-04,5.124258768794517221e-03,1.861046422883818989e-03
9.125463750208705595e-04,3.761364643713169579e-04,4.436472706857957481e-04,9.472089236525210601e-04,4.940899069368061974e-03,1.657338507585291026e-03
8.965086229809958538e-04,3.949148935794150593e-04,4.006821460774499647e-04,9.424067792007760755e-04,5.057136894407015734e-03,1.452603427250791180e-03
9.114828744429349710e-04,3.895003788810887557e-04,4.059625967402374653e-04,9.691362116689779174e-04,5.054555460757074493e-03,1.462669514506891944e-03
9.215751173430717811e-04,3.892666163253674064e-04,4.390661825524406125e-04,9.769023700496573450e-04,5.067072642684191178e-03,1.550499267725052085e-03
9.232239180410736420e-04,3.866354416679343496e-04,4.294597044195450292e-04,9.643129480369613728e-04,5.025815627083630131e-03,1.543388225436746882e-03
9.318649861307859916e-04,3.987615512579223117e-04,4.325028969879346399e-04,9.832843147846363589e-04,5.183607641901464072e-03,1.510047742414929051e-03
9.517600864511548912e-04,4.066000678569619826e-04,4.431180508973602146e-04,9.961508167271875165e-04,5.276198372143842824e-03,1.533289401288487645e-03
9.524237007211233631e-04,4.069289349001643146e-04,4.429195367203840714e-04,9.963340593032064211e-04,5.278943686649221340e-03,1.534088356012281796e-03
