1.010652589697526693e+00,8.329207051283268881e-02,3.311385250792395762e-01,9.763913996000588291e-01,1.015973466295812644e+00,1.070919205488356951e+00
6.266775080600807124e-01,1.019476047163563603e-01,1.166557452347976032e-01,6.765012153304875708e-01,1.197380637241695522e+00,3.836011751188753149e-01
5.044418072479250892e-01,8.926760211034204251e-02,1.729007225496297373e-01,5.527086418462762163e-01,1.075906299742013461e+00,5.429151555933828810e-01
2.006718215041678188e-01,8.048992487442259425e-02,1.417804259414124912e-01,2.243816483182655419e-01,9.818967316024860281e-01,4.463720119096677985e-01
1.009522515517538716e-01,5.194570438975690957e-02,8.460010112589645692e-02,1.003476133561877759e-01,6.448220409341588466e-01,2.894364016768328218e-01
7.632769637287407927e-02,2.780961399620551777e-02,4.728337805163820851e-02,7.774182342442433058e-02,3.671843311847792779e-01,1.639215183738238490e-01
5.502080595294904508e-02,1.968138790222359602e-02,2.594376459330422283e-02,5.881296537274247060e-02,2.536576086407211772e-01,9.590483865756242732e-02
2.722174926825437699e-02,1.303906447398000233e-02,2.066966803021572444e-02,3.392408174413846095e-02,1.734786880522009578e-01,7.406168886485435532e-02
2.887771579068335037e-02,1.264923278806240337e-02,9.978203114245118299e-03,3.562501180160628639e-02,1.597967649601376994e-01,3.754349689312024702e-02
2.091245876845208157e-02,8.921715263032715601e-03,1.202195468749618461e-02,2.605098173023115415e-02,1.214546118211499715e-01,4.231418789124626045e-02
2.060097596613595650e-02,8.609982852123559613e-03,1.018444340768101877e-02,2.225533776275812753e-02,1.061211884798511224e-01,3.642174877183326775e-02
1.386419537801540994e-02,6.970368440266471941e-03,7.065541682265878178e-03,1.599730387057197653e-02,8.899212164258139823e-02,2.564246830214921696e-02
1.190067577905482531e-02,7.161840017503271448e-03,8.743469645229035372e-03,1.375524131684604211e-02,8.669589619296493022e-02,3.047251160633465336e-02
1.033678101982487760e-02,5.954782469908802452e-03,7.228552842542498511e-03,1.379596678452626839e-02,7.619469226138099460e-02,2.658467468054466140e-02
7.490554370522613421e-03,4.514597551310874958e-03,5.226472175259454754e-03,9.953592485450439217e-03,5.925228482043102401e-02,1.887695983091027679e-02
8.166535335288792330e-03,4.110686367668308673e-03,4.523187933712313757e-03,1.035683242408279477e-02,5.399942456314037881e-02,1.561503939237452419e-02
6.720695203220342952e-03,3.715980106284649722e-03,4.039591513627704966e-03,9.236334610865428243e-03,4.728677062445520163e-02,1.409537598530344847e-02
7.362751935934383658e-03,3.791551877958522065e-03,4.046114261800346987e-03,9.276924352863286094e-03,4.588437717672246702e-02,1.436258753670279116e-02
7.226928071888297916e-03,3.566829752127699624e-03,4.025872401227009734e-03,8.830560537478444882e-03,4.309652412672777821e-02,1.387300135689065878e-02
6.482722604301697882e-03,3.054869450102489555e-03,4.015933036639956870e-03,7.917019359367928610e-03,3.846449936142904563e-02,1.378371917699386037e-02
6.028746105030831012e-03,2.579357309177747644e-03,3.743540147001731162e-03,7.117559541891417020e-03,3.314445489715973220e-02,1.311652574276619097e-02
5.666734300233247645e-03,2.743708485135109686e-03,3.697223233525136210e-03,7.114088232327145551e-03,3.385479679537922726e-02,1.272376138352884073e-02
5.774605713590300927e-03,2.773798756169270491e-03,3.315841553348353610e-03,7.158313388572301421e-03,3.488973489705481101e-02,1.168856446628626332e-02
5.210035264744642021e-03,2.504800536520101952e-03,3.041435146561091273e-03,6.487771108748323530e-03,3.260021311221548979e-02,1.117237965553021482e-02
4.185812760980271545e-03,2.240803177316271887e-03,2.815583951553213803e-03,4.734076414818021335e-03,2.837283793854642605e-02,1.007052178427627655e-02
4.362654017817959445e-03,2.263984497955602235e-03,2.936983243906318534e-03,5.072741658276627187e-03,2.826714079557545237e-02,1.068773436372052327e-02
4.454448813466637541e-03,2.128104885653348856e-03,2.652776153965048095e-03,5.019678397001054067e-03,2.718456363133731762e-02,9.276609524693918418e-03
4.133476883645387408e-03,2.161999063716194165e-03,2.791809375378607235e-03,4.529469125984779410e-03,2.781843409288654520e-02,9.587798720271975550e-03
3.972231297564377331e-03,2.096420139400214343e-03,2.543877670114639070e-03,4.114403403723584061e-03,2.711092114710918557e-02,8.871806776949786935e-03
4.143150119241401433e-03,1.923765788738176791e-03,2.298274136301431837e-03,4.235815696500451477e-03,2.486390368762710773e-02,7.917278572005066392e-03
3.579094686014458460e-03,1.845447528066455423e-03,2.230802089980893875e-03,3.722556995845967016e-03,2.358557217039997100e-02,7.536534215377397455e-03
3.666837277379468834e-03,1.745027578616518320e-03,2.057409009693619666e-03,3.828230385751055405e-03,2.205824301384784122e-02,7.006724920256486230e-03
3.120876922851840811e-03,1.674492310922817521e-03,1.978009423893855971e-03,3.387328294296656269e-03,2.078480793572904869e-02,6.812312018109657058e-03
2.515553256436816026e-03,1.480082906251949972e-03,2.004894423137815272e-03,2.951911194925790124e-03,1.819946976878749137e-02,6.764310552276056425e-03
2.565425312721340660e-03,1.431948075809099611e-03,2.239247900063436741e-03,2.960216456304803727e-03,1.842501580081518792e-02,7.480215613207095472e-03
2.366348003245530903e-03,1.396749683846580138e-03,1.856571558847960532e-03,2.649475973099358998e-03,1.751437061027825287e-02,6.186476274047622050e-03
2.276211863222372695e-03,1.337115349730863458e-03,1.649750918179275407e-03,2.572298007672059374e-03,1.684921067521322549e-02,5.662395264762047978e-03
2.400055195744184213e-03,1.416717875413197724e-03,1.449540815019208402e-03,2.662479521478619549e-03,1.773379289565315403e-02,5.223945067953359757e-03
2.505107101422410741e-03,1.454801993704379556e-03,1.447724158343677205e-03,2.860980587009275336e-03,1.798480217309652782e-02,5.291280580774855059e-03
2.479362362879179108e-03,1.565318172682645531e-03,1.547373115036788363e-03,2.673135362127646974e-03,1.943684396434246231e-02,5.447990774674913404e-03
2.521981789944208099e-03,1.578398116813250866e-03,1.503596985908385369e-03,2.702316256971841989e-03,1.948274526350490810e-02,5.272008551400163279e-03
2.458415046315396216e-03,1.461513000441813257e-03,1.345208871009149435e-03,2.599800877266876531e-03,1.807789872293904740e-02,4.921024118367591307e-03
2.394804262285646270e-03,1.551388622210504590e-03,1.337877326673981822e-03,2.507147152276186820e-03,1.860127429094740603e-02,4.888753398153708810e-03
2.401443869999024278e-03,1.471918639253151292e-03,1.289505714634224011e-03,2.599905907452743168e-03,1.782413272584110545e-02,4.756388304706504234e-03
2.471922966807984460e-03,1.432226918331453835e-03,1.285972023118601894e-03,2.676797591943197007e-03,1.751538516709011742e-02,4.771601889659024716e-03
2.469498923281271841e-03,1.387630110398693599e-03,1.264745767191949788e-03,2.692980077897886258e-03,1.736486071057663158e-02,4.637316296047805028e-03
2.318742512353665075e-03,1.354889544708213611e-03,1.120444592168065405e-03,2.517171131428351180e-03,1.717869278353912829e-02,4.269509278055760165e-03
2.477976497584768317e-03,1.452879063311958343e-03,1.092441902296735360e-03,2.736664943469940825e-03,1.815471143268269222e-02,4.268875496916206200e-03
2.514991507684506255e-03,1.484801997524827282e-03,1.049035972403549854e-03,2.677451971339899536e-03,1.842341630327875082e-02,4.085692599987380234e-03
2.498634117466939399e-03,1.585574159326499444e-03,1.260345529078301958e-03,2.707105761539577507e-03,1.942692493850872032e-02,4.807418839000196509e-03
2.548689204635338438e-03,1.506064982485207657e-03,1.401419131070519774e-03,2.673619683148902807e-03,1.855692734404209079e-02,5.070813230411856665e-03
2.385967321077332379e-03,1.408493790625588464e-03,1.299679932632656848e-03,2.643382780032188691e-03,1.752227634182200108e-02,4.747236352443996027e-03
2.290454768149400352e-03,1.384224260617388218e-03,1.225895416616532138e-03,2.486061312544134583e-03,1.736782175984259019e-02,4.480075622903388621e-03
2.088219247823653625e-03,1.320520420138657745e-03,1.077834262248441883e-03,2.358897245341273763e-03,1.674048291649854470e-02,4.036115485661352122e-03
2.128934406902815990e-03,1.322266920322274445e-03,1.093945003378631823e-03,2.451733012266554303e-03,1.660322789573167104e-02,3.992168347496251324e-03
2.176320672986833613e-03,1.399986219250055593e-03,1.137374345013627500e-03,2.472319604805301926e-03,1.723374977288593887e-02,4.001164607980067095e-03
2.202124219406604178e-03,1.362201308530777482e-03,1.153973086685800443e-03,2.465115015718435595e-03,1.681346293756158169e-02,4.014379505394511174e-03
2.277853338280066541e-03,1.376995816302432115e-03,1.219644780642825535e-03,2.460824816672145619e-03,1.685014646922666434e-02,4.215651931055939758e-03
2.320902586651966710e-03,1.341226598912800480e-03,1.195740096007202663e-03,2.451665051653552970e-03,1.681820892952073584e-02,4.124045199674464257e-03
2.382869330142797781e-03,1.327348458492792890e-03,1.136177779963230220e-03,2.598426286599032301e-03,1.644140419993349311e-02,3.941254961145833867e-03
2.358084783540445508e-03,1.331045580858962376e-03,1.114782906892686741e-03,2.505433137581773717e-03,1.640721027724482972e-02,3.854785180071317128e-03
2.384089036764410353e-03,1.349745144735015273e-03,1.117636174288147910e-03,2.503256754263750994e-03,1.660218356461316477e-02,3.909364718707437555e-03
2.213979057891223533e-03,1.227983849264478820e-03,1.064964209065727028e-03,2.364761619591477029e-03,1.556728443745764197e-02,3.753854492031525377e-03
2.278733163215334711e-03,1.165614180584209191e-03,1.141812606436748553e-03,2.460539613245342396e-03,1.472391990064905037e-02,4.020670780109532154e-03
2.276704027755003645e-03,1.172083311101219201e-03,1.155567138112360663e-03,2.440262465621454487e-03,1.484833311382563296e-02,4.032991001534771969e-03
2.387070184411050483e-03,1.212122340805218620e-03,1.286551003023336066e-03,2.554731101128799101e-03,1.539369939546903453e-02,4.522724542545731100e-03
2.335067202974608607e-03,1.192971701511300140e-03,1.280620990734081905e-03,2.476956590626537037e-03,1.518565502902932338e-02,4.475698387864488099e-03
2.230527653605192916e-03,1.157504240051764662e-03,1.200492254113257832e-03,2.420587578246218355e-03,1.470215231867788921e-02,4.227805217907611504e-03
2.109846293302878369e-03,1.140757938776270101e-03,1.199187312105841167e-03,2.278477451178091522e-03,1.437634480544110020e-02,4.329409046354774394e-03
2.079802627581850590e-03,1.085372245853201975e-03,1.152089982047952745e-03,2.284372587664141967e-03,1.374764100424604070e-02,4.094376648364873340e-03
1.997638285701577344e-03,1.064154449654027435e-03,1.117060764306098894e-03,2.205901483287773645e-03,1.335703202235449978e-02,3.985228807792141718e-03
1.949191386321579185e-03,1.052048441585603459e-03,1.083635347028711867e-03,2.163250058495484306e-03,1.315689654196462027e-02,3.842078868611827069e-03
2.026218648446141170e-03,1.078033189193184282e-03,1.095501229201465126e-03,2.286204065890829699e-03,1.343183432834173067e-02,3.887104388392308499e-03
