1.028046920884650550e+00,8.409988120753569829e-02,3.008967889988886646e-01,9.914686121342811687e-01,1.012616254680608341e+00,9.925968170266619151e-01
5.907673661931458486e-01,9.510016900798572148e-02,1.973018202381881803e-01,6.290468297750292370e-01,1.114550524380857777e+00,6.495254165233835808e-01
5.408684627042196214e-01,8.436627669845588040e-02,1.952059705742043572e-01,5.673955545242749254e-01,1.025698878217619514e+00,6.156379464053708395e-01
4.417984178495726333e-01,8.202248253126870337e-02,1.501046715095787354e-01,5.129368731434846840e-01,1.073075500312031805e+00,4.691271072056372726e-01
3.176983889688719809e-01,8.532604001540267102e-02,1.492398026027828284e-01,3.877794444197353307e-01,1.034585194257688023e+00,4.694030995868748168e-01
1.151628124008013676e-01,3.630510309193871882e-02,8.122211606165795350e-02,1.169129520692235302e-01,4.774601341862036441e-01,2.726674048422280672e-01
8.451498428055517764e-02,2.123645358564697772e-02,4.075939841134264274e-02,8.807794968852368511e-02,2.880922766555871761e-01,1.382792573139450254e-01
6.163648381204120397e-02,2.020219931217333287e-02,2.894283724805865599e-02,7.086215631156467243e-02,2.526180911567834642e-01,9.945542684937350164e-02
4.675164523164059699e-02,1.170659483003610134e-02,2.258269261524790961e-02,4.912945034921096382e-02,1.555235369006595925e-01,7.903595640553122414e-02
3.525339982268081707e-02,1.239653765710592957e-02,2.247332076058784767e-02,3.922426034089687014e-02,1.593811572423950440e-01,8.241264213096420599e-02
3.243443045581373418e-02,1.372567441742247700e-02,1.946595048252459242e-02,3.694507988584138508e-02,1.709560561153140035e-01,7.474236502065467747e-02
2.592086216015588793e-02,1.047438989212602298e-02,1.774932696417061417e-02,3.025971560471380287e-02,1.395880929107530255e-01,6.492080952645933045e-02
2.479124795814152335e-02,1.110395483821232342e-02,1.896375543370521985e-02,2.749252392093973901e-02,1.413311073587133759e-01,6.907504028824888731e-02
2.342927400605841065e-02,1.080189215252262865e-02,1.725516964144369059e-02,2.587445709487148915e-02,1.373260519354315701e-01,6.191555064662903479e-02
2.087205549225632645e-02,9.392470314383099400e-03,1.456348758953777793e-02,2.421332075214046795e-02,1.207165968641451953e-01,5.445294552863819831e-02
1.989931168262410593e-02,9.056806311815185362e-03,1.242849573553594413e-02,2.300876327879111324e-02,1.149101242505904813e-01,4.501018294135313708e-02
1.998800106476368924e-02,8.632920473496074470e-03,1.203224084415465203e-02,2.367262466975566387e-02,1.127714357610700990e-01,4.399250200226501734e-02
1.763623790259808560e-02,7.915610234153500416e-03,1.174055595278767836e-02,2.143597184620288018e-02,1.029438489004822627e-01,4.319699849272057995e-02
1.746812034221069398e-02,7.659364539018255480e-03,1.194840811974133207e-02,2.137543681266377074e-02,1.005878249410886022e-01,4.235659291542749616e-02
1.819104412679036983e-02,7.877901009353448225e-03,1.229574875726122292e-02,2.065055797067149798e-02,1.022313980381025916e-01,4.229089362284946252e-02
1.789559021693568064e-02,7.822591727117370053e-03,1.153072977908013719e-02,2.005683223492828529e-02,1.001840977188583892e-01,4.019024550173037891e-02
1.683958837321767460e-02,7.692059666275424812e-03,1.177074518477258178e-02,1.890505294160339106e-02,9.985248916810464392e-02,4.241873935122518480e-02
1.654686077324330970e-02,7.698716038878550966e-03,1.136599729423467403e-02,1.880370995409449617e-02,9.850571060705871906e-02,3.960061315491086170e-02
1.590757379922183579e-02,7.905119130483308568e-03,1.146708685883515363e-02,1.690574868683543050e-02,1.006492058014953755e-01,3.931908857554536341e-02
1.602820449186078897e-02,7.852179193610758431e-03,1.156181312139291199e-02,1.782861903021512942e-02,1.002731204633645207e-01,4.037797008611063859e-02
1.567830626665051366e-02,8.011582679348080993e-03,1.111542662390985897e-02,1.766183674608692161e-02,1.015038246836025698e-01,3.848813477293319685e-02
1.435454972455946394e-02,7.685422314926101603e-03,1.060680268750545559e-02,1.666840233756703565e-02,9.809415900556379964e-02,3.696401876601533576e-02
1.393504204008162023e-02,7.361600424824560340e-03,1.015013829260900946e-02,1.638379301223013770e-02,9.365579040905225305e-02,3.486138102781942416e-02
1.394861740965619434e-02,6.955224400684984626e-03,9.759233414702821532e-03,1.592523395612360435e-02,8.851251549341848657e-02,3.334705647880262247e-02
1.356578852032412283e-02,7.071148619690928970e-03,9.031265126088709044e-03,1.533721003917053877e-02,8.998571028364800439e-02,3.071980795841983830e-02
1.428974021039223358e-02,7.131558568497041624e-03,8.843218507843659398e-03,1.628416702044544265e-02,9.049147850003773363e-02,3.049592786394057786e-02
1.389952987571769528e-02,6.903307211546147806e-03,7.943595075399018102e-03,1.574204865863932518e-02,8.778395292163186647e-02,2.690443802582972305e-02
1.444039994462892849e-02,6.563968797226979630e-03,8.063458361863532972e-03,1.562147421705762686e-02,8.289583342164436042e-02,2.734158158994793100e-02
1.377561237296480619e-02,6.431927283848917938e-03,7.343550908017007842e-03,1.478813874352482259e-02,8.071299369900700182e-02,2.556749818776178629e-02
1.290770440683428402e-02,6.376568378308133077e-03,7.161298226921256928e-03,1.396892532966234092e-02,8.075273213901594527e-02,2.476792689345964221e-02
1.308248990955704523e-02,6.227637375342421483e-03,6.880367885332732553e-03,1.388774635578774938e-02,7.924438459638948051e-02,2.352097633662194459e-02
1.241190598906279086e-02,6.107767238453581590e-03,6.752136270920644154e-03,1.320452594857956900e-02,7.834977722014471735e-02,2.338460889862236172e-02
1.147642462693175373e-02,6.364227167168091080e-03,6.850569989489818136e-03,1.216942955088813963e-02,8.132895025439762504e-02,2.368579445338197392e-02
1.121077699466075696e-02,6.145576782619997271e-03,7.784337082277059845e-03,1.165206143570961424e-02,7.811908007518522656e-02,2.703629014691324647e-02
1.016952618778683114e-02,6.309807982213869876e-03,7.351309424279209304e-03,1.099928763742387926e-02,7.910479488349603239e-02,2.514745830430388865e-02
1.050429022584351696e-02,6.229160038242470901e-03,7.594105054247630125e-03,1.145624702270415900e-02,7.874540628485331151e-02,2.632812082604736245e-02
1.064609020124433238e-02,6.026925700834840499e-03,7.884387867267528271e-03,1.151200549622279252e-02,7.650920108166787970e-02,2.751430017954915527e-02
1.070929096648792940e-02,5.924461784601457379e-03,7.673768267771868129e-03,1.147584541365675483e-02,7.511527135608034311e-02,2.670061026095595438e-02
1.065705450701086472e-02,6.002706774419615254e-03,7.760374225461857088e-03,1.129390591428812082e-02,7.551923897852315382e-02,2.670894353587172781e-02
1.048225664658953421e-02,5.986511434133869394e-03,7.649230433296671031e-03,1.095730596041633899e-02,7.479967780637504504e-02,2.617576654875207118e-02
1.008852865608062151e-02,5.849562349679529247e-03,7.531163298337094185e-03,1.053514932913876198e-02,7.370516823960301944e-02,2.537334589623503611e-02
9.595061814457014199e-03,5.830051603199808835e-03,7.657666240958736076e-03,9.979542153382654768e-03,7.313434147006050989e-02,2.641069646784713690e-02
1.000261525563671261e-02,5.707165001078869787e-03,7.468045562296719148e-03,1.071562267390542209e-02,7.320753145987030086e-02,2.677744056779377338e-02
9.893069215026152260e-03,5.601448114778147247e-03,7.649618117879312604e-03,1.055749945900980383e-02,7.125317520336992005e-02,2.714063080130182590e-02
9.988626554034856636e-03,5.346868623180347016e-03,7.755479400189104096e-03,1.047707922294061587e-02,6.827794824030938847e-02,2.768226283388128608e-02
9.700952839140578737e-03,5.513645265620903055e-03,7.404495895959557934e-03,1.020820583267345420e-02,7.022896915965178011e-02,2.610049966861661963e-02
1.044859422270978840e-02,5.309080391841200855e-03,7.915124014692588236e-03,1.085732575744856147e-02,6.914236657055793100e-02,2.863171637297661290e-02
1.079784078128890636e-02,5.222762952936945216e-03,7.947805747031777210e-03,1.123019401027361072e-02,6.788454773889206206e-02,2.882341775418433699e-02
1.110677349756540935e-02,5.072919758309719224e-03,8.083283365501865020e-03,1.150435621620761288e-02,6.658498055848986741e-02,2.941132310049563575e-02
1.090485782059103827e-02,5.250918404599617950e-03,8.130091112346549478e-03,1.139444581014159921e-02,6.835226807246402858e-02,2.942366410571029336e-02
9.898471342875459628e-03,5.283543413440765918e-03,8.324481867137316707e-03,1.036675630460833462e-02,6.921068791632369044e-02,3.036999298232697167e-02
9.586162783450613914e-03,5.011101783363930591e-03,7.791545359894245897e-03,1.016948647107891734e-02,6.497098070246178081e-02,2.883791025580728987e-02
9.466315138231646067e-03,5.201182547114781805e-03,7.436055955619319362e-03,9.886566693182236715e-03,6.646876232855128408e-02,2.709339338603960687e-02
9.361460450409973474e-03,5.268393258730476834e-03,7.364791590229163160e-03,9.854288505455598493e-03,6.692719264074055430e-02,2.658120809304790819e-02
9.349295034025937104e-03,5.083812295595121350e-03,7.054690690775682060e-03,9.799270236602859382e-03,6.487551848207788463e-02,2.546198024502506485e-02
9.393571917781543337e-03,5.086034964515507954e-03,7.106994808863641155e-03,9.822553967026933716e-03,6.381640615646906600e-02,2.588212518792446654e-02
9.043762292870302991e-03,5.071912219217166590e-03,6.786946085246703224e-03,9.491592398766020289e-03,6.297564696249274840e-02,2.462971660061184787e-02
8.850679489571189329e-03,5.006379215345326678e-03,6.926506898598219948e-03,9.308784001250612963e-03,6.228695686777326046e-02,2.517096805166856022e-02
8.979055489124032619e-03,4.949127523488145407e-03,6.833096447880587093e-03,9.430349753555028469e-03,6.163931949665160670e-02,2.453584963910555167e-02
8.186827161968043831e-03,5.114678979831788729e-03,6.578500136828317919e-03,8.715024066995901916e-03,6.349722443417959994e-02,2.359638718704201374e-02
8.595227570189149791e-03,5.095414854538973803e-03,6.893262434760408924e-03,8.984163598402162762e-03,6.325667752046179593e-02,2.487365931236568128e-02
8.652624218921883478e-03,4.999536154967499507e-03,7.032709413806895703e-03,8.963316981665334776e-03,6.280265390287528837e-02,2.571391712948408598e-02
8.798981737754986432e-03,5.100206918244360246e-03,6.306232192718469812e-03,9.153788886767594626e-03,6.347424007050210537e-02,2.354188516443898177e-02
8.558464532012531253e-03,5.049766027007282498e-03,5.885232685468024146e-03,8.893661970353803140e-03,6.317222624456013402e-02,2.207768411931744848e-02
8.348717933799897073e-03,4.816163893367127712e-03,5.549276355118618227e-03,8.637048806093759051e-03,5.974038384479652547e-02,2.061045584894214897e-02
8.510645469054804388e-03,4.746739942122674832e-03,5.564319164698072750e-03,8.759352579952519799e-03,5.887511635648312591e-02,2.069226553849675895e-02
7.765084384583325477e-03,4.691553279601346632e-03,5.389867059768191707e-03,8.135383633748631202e-03,5.888981260397340572e-02,2.044871383556524924e-02
8.277973021587592059e-03,4.509537160589775079e-03,5.168473118105284050e-03,8.527003821474287912e-03,5.724320392387778622e-02,1.972555755138894612e-02
8.127614161141201096e-03,4.491171863447704360e-03,5.198705834203373559e-03,8.383564580051568876e-03,5.705189964396016611e-02,2.004368801677377035e-02
7.472928792692614883e-03,4.539524053298205769e-03,5.160664058563064691e-03,7.683452271202950191e-03,5.764152097256788898e-02,2.026754213817127601e-02
7.123000529479944255e-03,4.491499332281724197e-03,4.881622332560613120e-03,7.260198738403765908e-03,5.642180113358780114e-02,1.900744296289337901e-02
7.212308390949473923e-03,4.361934798521178470e-03,4.864143352762870590e-03,7.336094896299827361e-03,5.544846724634844987e-02,1.880492754762633223e-02
7.419911201610155174e-03,4.305313994857852197e-03,4.939267365767672016e-03,7.509010783107754848e-03,5.446490663089263023e-02,1.909050166261034437e-02
7.224777767881268055e-03,4.420637230400675799e-03,5.023925563388209614e-03,7.250647018858047757e-03,5.571799845453628136e-02,1.893701280449912663e-02
7.239758348669852323e-03,4.395782400109141119e-03,4.929754963587212359e-03,7.278338465980012904e-03,5.538668406457090965e-02,1.858512491167561148e-02
7.333062037722766317e-03,4.213738977571895687e-03,5.085951761194499807e-03,7.392837660124228043e-03,5.373145441219956409e-02,1.885312208041769674e-02
7.459448721414331518e-03,4.085015010504775002e-03,4.885269689381627548e-03,7.416928454999865625e-03,5.209022766636205171e-02,1.804353231971366975e-02
7.208100771272134104e-03,3.880909899446450574e-03,4.896450440803992374e-03,7.218278546594804855e-03,4.979858441183493412e-02,1.819912027949608518e-02
7.032262995432485633e-03,3.839470751274681997e-03,5.058371197582721759e-03,7.157289110552823679e-03,4.938736003669835090e-02,1.900537724860867916e-02
6.625361764931724483e-03,3.886232152903100652e-03,4.720816483667638133e-03,6.770957789913233105e-03,4.972272134537489979e-02,1.770494751863299285e-02
6.609628787589308212e-03,3.913648356695875567e-03,4.411948102158140192e-03,6.746190453794862797e-03,4.939904967016858772e-02,1.601367728120047310e-02
6.598772519917076550e-03,3.872121920254989469e-03,4.460887919989047802e-03,6.704446526645807883e-03,4.911573887121820081e-02,1.635190031746589986e-02
6.669074746093435826e-03,3.819209840505874160e-03,4.484698101366345509e-03,6.761534168743075536e-03,4.870573148720171164e-02,1.661879125612981609e-02
6.578171641979304630e-03,3.809138510634523488e-03,4.263092780385240380e-03,6.675750006467275760e-03,4.855562216399008507e-02,1.548103300582764040e-02
7.045341996091521002e-03,3.768061036676498710e-03,4.127967840235182394e-03,7.128088642402057203e-03,4.777699373663182869e-02,1.516684499862296261e-02
6.853889146839970033e-03,3.816369522701599029e-03,3.999507718306575914e-03,6.940687063708134326e-03,4.825226546317686743e-02,1.493763257745396242e-02
6.468171905162150952e-03,3.847088366959900644e-03,4.434749575890033560e-03,6.667125911159177062e-03,4.844722253839421622e-02,1.636685898762741884e-02
6.105261387035418319e-03,3.758414232691752437e-03,4.027546962033725156e-03,6.369907850427892343e-03,4.715195944435045944e-02,1.458655538393964501e-02
6.452836994902289881e-03,3.761989652253063931e-03,3.822346510472227760e-03,6.705165757118593424e-03,4.702244373596470295e-02,1.388803571163758042e-02
6.025028957621445663e-03,3.808044034821769178e-03,4.114157687724361197e-03,6.287163823045430547e-03,4.727288493625836363e-02,1.484238603778756209e-02
5.494861577904714724e-03,3.521052539981203624e-03,3.854682133389474279e-03,5.880349350444794704e-03,4.337126273428990736e-02,1.380190105056238944e-02
4.972130023367896980e-03,3.571042613236879645e-03,3.832935521122213512e-03,5.190015794767473267e-03,4.423134542906444200e-02,1.339065748071114129e-02
4.832337903269911042e-03,3.414853407734669624e-03,3.618472616169288083e-03,5.074904106585116474e-03,4.254383177202084726e-02,1.287238924750017111e-02
5.018055135953114650e-03,3.497805855390739675e-03,3.585975416829152284e-03,5.225013649186458636e-03,4.314513441762191787e-02,1.280624251414138638e-02
4.953102368168721230e-03,3.352910668492903139e-03,3.455990608626542757e-03,5.006514288331188021e-03,4.172923289799110314e-02,1.225612728456031315e-02
4.964236419230438034e-03,3.327715845152699314e-03,3.541924992271553666e-03,5.054847162180001532e-03,4.150491054468324198e-02,1.263451603418205837e-02
4.759767120793730738e-03,3.226434568692017335e-03,3.774615074361505930e-03,4.956018543557520577e-03,4.158457520194640267e-02,1.318788742339609306e-02
4.654512186966614472e-03,3.171682074069966193e-03,3.251592381441968486e-03,4.893566164791946817e-03,4.058942270139406783e-02,1.149675548379202120e-02
4.401822137616960041e-03,3.073896359887041182e-03,3.215822340542277228e-03,4.630557733574442066e-03,3.896653645846982761e-02,1.140910525458345946e-02
4.392511046492873772e-03,2.949327954516787944e-03,3.217696535040073368e-03,4.568599856071195280e-03,3.746239273633968775e-02,1.126117239976954371e-02
4.276090920653012779e-03,2.941724791541862599e-03,3.119217808507037445e-03,4.493911996976202722e-03,3.719183372986941544e-02,1.078694121509056990e-02
4.115280293501775641e-03,2.995836086688684861e-03,2.898361717853248972e-03,4.333377663951991712e-03,3.785958665679201723e-02,1.004498587328455685e-02
4.011862416440636903e-03,3.077333331790022778e-03,2.911206232038705474e-03,4.263770951696272196e-03,3.929413057705268691e-02,1.016225040590207178e-02
4.221690854659733774e-03,2.985557378302036626e-03,3.055897248713406334e-03,4.437438038910692523e-03,3.843985873516168883e-02,1.046199556851988913e-02
3.895192105467288560e-03,2.981800877927523810e-03,2.946208203238527643e-03,4.175388354548436112e-03,3.867535282309477601e-02,1.005089716929041116e-02
3.942302285199480311e-03,2.963337559654507115e-03,3.017939039613649465e-03,4.269971192069865230e-03,3.852445393285836711e-02,1.026515392919022558e-02
4.004535660504351773e-03,3.048840961727587034e-03,2.821134616379243967e-03,4.335108531192761495e-03,3.913181541163331806e-02,9.787999902254618592e-03
4.110020658954970270e-03,3.104319073578983533e-03,2.854910235328211778e-03,4.457922893525818019e-03,3.989438037571889362e-02,9.969110427899002466e-03
4.471707292195842287e-03,2.966136364334561511e-03,2.760016316706941173e-03,4.662967317328344657e-03,3.833569742238487899e-02,1.001326957814802597e-02
3.917172795227524471e-03,3.036986027850238808e-03,2.568192621807652634e-03,4.251877477588122088e-03,3.866051414431048716e-02,9.400215210550219580e-03
4.331237619048558009e-03,3.023636713138297231e-03,2.528841066147125526e-03,4.567827412194311668e-03,3.876457513656362402e-02,9.260373495252698789e-03
4.217897831477550839e-03,3.056864322960148924e-03,2.644364950149160048e-03,4.424394245103290858e-03,3.829922707820041655e-02,9.930116432878508329e-03
4.425146577461582485e-03,2.962798138165409663e-03,2.708109899493651648e-03,4.555106843226000915e-03,3.740061157480421838e-02,9.950507860075551506e-03
4.218007185289737726e-03,3.031817982873520872e-03,2.638248033313745147e-03,4.393319865216176179e-03,3.826116055877634009e-02,9.783539500844280062e-03
4.212344493935633524e-03,2.998118808395843458e-03,2.607297874663577850e-03,4.402052918608244207e-03,3.795984932911955489e-02,9.753590780880418837e-03
4.103069472384462263e-03,3.033027325401313739e-03,2.553530380297971102e-03,4.398357177277179356e-03,3.848318756579070105e-02,9.534907141700630848e-03
4.064687391618091242e-03,3.007093127687719084e-03,2.690574854209353689e-03,4.357359498741534935e-03,3.826015083107654063e-02,1.009143639066794641e-02
4.087761604460743263e-03,2.942875276755197497e-03,2.702510212454734342e-03,4.380439528993462610e-03,3.750502153018555468e-02,1.003883020349668337e-02
3.974595615687580817e-03,2.992706671020096618e-03,2.847828665353593133e-03,4.265422692550600685e-03,3.825454542749628234e-02,1.027870992764492661e-02
4.026255455172512814e-03,2.870678621742877006e-03,2.898321901321823310e-03,4.236050227000577074e-03,3.697058973411625898e-02,1.044136009965601110e-02
4.007077611759192297e-03,2.783208078439132049e-03,2.867138161421483797e-03,4.216884017028497272e-03,3.604657489185609381e-02,1.021864662146904600e-02
4.253613459389949530e-03,2.754322096896675599e-03,2.668824024193325057e-03,4.397199570778930269e-03,3.544196714676438320e-02,9.781717181295885091e-03
4.106784808784048890e-03,2.808112904391454282e-03,2.784253037522651641e-03,4.288124013928364467e-03,3.628304914740235199e-02,1.020403157217882051e-02
3.908330707599402473e-03,2.777239287971011543e-03,2.919263034713553279e-03,4.147838740031059915e-03,3.597574423698379070e-02,1.065276261600067373e-02
3.795773762221296178e-03,2.756446676890147735e-03,2.918273403840663041e-03,4.091199465499444771e-03,3.605176202231286792e-02,1.052718857786709254e-02
3.739795032408164879e-03,2.779360517742184011e-03,2.941627445334655915e-03,3.989923241757706122e-03,3.621408761155334166e-02,1.059407648284513628e-02
3.718167895562453275e-03,2.737709459995544322e-03,2.900903613644419815e-03,3.962080301984500542e-03,3.533644522246629643e-02,1.057528327776606318e-02
3.949446392386316701e-03,2.758674664384501863e-03,2.949950953132759578e-03,4.135338731893528977e-03,3.568426996403090135e-02,1.072138360593101643e-02
4.040357382784031531e-03,2.782857156855331800e-03,2.848381019012728547e-03,4.156927890618838592e-03,3.580095916981931858e-02,1.054160842631401800e-02
4.278271720302199120e-03,2.854366402008306526e-03,2.930730197758648313e-03,4.384041093863580082e-03,3.656144261314134281e-02,1.091224069549495516e-02
4.356367126140629070e-03,2.827062932829146370e-03,3.071987311684710575e-03,4.481989318379038870e-03,3.605401934259379326e-02,1.137814909031590466e-02
4.338437101836944802e-03,2.798665108144045462e-03,3.260378658418424790e-03,4.457665257663910585e-03,3.573348664914097195e-02,1.181630129968709760e-02
4.198119887666632195e-03,2.741863593313857445e-03,3.330402956012362258e-03,4.353302356812614043e-03,3.517787418836061664e-02,1.201170256730048347e-02
4.268350771395828906e-03,2.647462803329797380e-03,3.323483372171355706e-03,4.403249906323868958e-03,3.403280460123494361e-02,1.205784361968486110e-02
4.003295190901496464e-03,2.666076915833310527e-03,3.330276205145571607e-03,4.210082868991562276e-03,3.418740349678945495e-02,1.205051983476734812e-02
4.041094513994834825e-03,2.681728150931864639e-03,3.184270920243002789e-03,4.219737683854438669e-03,3.454965281566235030e-02,1.161170174480090182e-02
3.946211709639082556e-03,2.744189941453213308e-03,3.133124031631842263e-03,4.112265470365432732e-03,3.523430035575002284e-02,1.136077781730112334e-02
3.895392918744018922e-03,2.700194344836189930e-03,3.134934989526349126e-03,4.050149991977888136e-03,3.458222627437372576e-02,1.128827385068544367e-02
3.801549964140213834e-03,2.682051128783859845e-03,3.330255100037433046e-03,4.052119162084048300e-03,3.413597065646423873e-02,1.185410915693902063e-02
3.969639730721056213e-03,2.685702822733152320e-03,3.178779333660794806e-03,4.207639537980662620e-03,3.436984106909829473e-02,1.150856842014714478e-02
3.570253153143409641e-03,2.696203618368240608e-03,3.291148962649096104e-03,3.858491584739181472e-03,3.460751171457707165e-02,1.198738670544034421e-02
3.632044363749841950e-03,2.837375421675878296e-03,3.335892741736859023e-03,3.837087902644001087e-03,3.655184615478825755e-02,1.220191015108156550e-02
3.514727166228502793e-03,2.853417399026469872e-03,3.240796015980528313e-03,3.732827450344197023e-03,3.680080461465808084e-02,1.196169438584439824e-02
3.504100792591103870e-03,2.827757691020234710e-03,3.260041850641234081e-03,3.693199719761990768e-03,3.664049147981984084e-02,1.192883610535314109e-02
3.481883176902518962e-03,2.881452770070988805e-03,3.308143890003319675e-03,3.687645259674022114e-03,3.724226420381291508e-02,1.222511365172950989e-02
3.477067429265956466e-03,2.755259241007670338e-03,3.151628643274932955e-03,3.686301914012725216e-03,3.562058888276232321e-02,1.173918355977310139e-02
3.502721453451309360e-03,2.794380795294104398e-03,3.257055079024428514e-03,3.685062085890222685e-03,3.606182284696460988e-02,1.200171795903170503e-02
3.533091077528467076e-03,2.832137093641966773e-03,3.216000779968987075e-03,3.666196984446274537e-03,3.630064257657967391e-02,1.192372504579343635e-02
3.521416725751101446e-03,2.788723617840074137e-03,3.144685414163319453e-03,3.627004839675433863e-03,3.581178662962570397e-02,1.158284153616578535e-02
3.423778235678910566e-03,2.799936789344795954e-03,3.239239169829794419e-03,3.609180481045232754e-03,3.558828871766646362e-02,1.196376389267759209e-02
3.515375687381987104e-03,2.919586141670845250e-03,3.164573573720593121e-03,3.661076292260756048e-03,3.683855541050921889e-02,1.158591429884008213e-02
3.475737905059537308e-03,2.884910781775066203e-03,3.267116843998934574e-03,3.662083820716940594e-03,3.632833405207505639e-02,1.189951544898571432e-02
3.317341722415368104e-03,2.860262346113737197e-03,3.197870048358154946e-03,3.544675947529240135e-03,3.589128831227177130e-02,1.160929963917518154e-02
3.405918412459222125e-03,2.718912033265857061e-03,3.202326560233033272e-03,3.586719586845706943e-03,3.436763946479254317e-02,1.164229157013801745e-02
3.511209516449940050e-03,2.604116208502741617e-03,3.176659796532461597e-03,3.647384519204112906e-03,3.315326232316501837e-02,1.156708713367008388e-02
3.283522184105400719e-03,2.646869011516127506e-03,3.245676268065290741e-03,3.414745602225123348e-03,3.352415273384069111e-02,1.173017559547243245e-02
3.160538179508018755e-03,2.555789281421191623e-03,3.211273348480868459e-03,3.267958543485327983e-03,3.241057416691984355e-02,1.171287992007992440e-02
3.165865617910631861e-03,2.526218475753085144e-03,3.203980688035513048e-03,3.251115471734851436e-03,3.195830554595078393e-02,1.150813624373776475e-02
3.056433283943344858e-03,2.607022124775793068e-03,3.122523682538640502e-03,3.142552220619108331e-03,3.219129847572081010e-02,1.124389301797204879e-02
3.091735380466791722e-03,2.508357266203891083e-03,3.154694611843204561e-03,3.180691565201179509e-03,3.100080607069816835e-02,1.135804200779396735e-02
3.213901555041297122e-03,2.369006951284257853e-03,3.068223143693816091e-03,3.260430006036638562e-03,2.949497708700719173e-02,1.110933597689257174e-02
3.134745595927026021e-03,2.379299719100315836e-03,3.077491238342686640e-03,3.229556608243639663e-03,2.937679420025691643e-02,1.122240848738004920e-02
3.173633042275722342e-03,2.358738666971055623e-03,3.102170682197042794e-03,3.249674413176566450e-03,2.921515715449902670e-02,1.145375363905360398e-02
3.177148510791131045e-03,2.284763510239817396e-03,3.201014585097581785e-03,3.227054585583516173e-03,2.839349282049167741e-02,1.182576054329689645e-02
3.227169998481848202e-03,2.375395722640138464e-03,3.142009717809333535e-03,3.288114766200529206e-03,2.954276605625448526e-02,1.185167798798699747e-02
3.278902591770599742e-03,2.322367490966062171e-03,3.015963340113876276e-03,3.330627640820528219e-03,2.899858782395197884e-02,1.143440632901010848e-02
3.142770614267965945e-03,2.282961212535630172e-03,2.970206599830821706e-03,3.202391264943225523e-03,2.880634282257058323e-02,1.141409810762507131e-02
3.047482044875108199e-03,2.342190842234266775e-03,2.851941216923396111e-03,3.098625440110753648e-03,2.949196789691348186e-02,1.097475566612910944e-02
2.947652653660405575e-03,2.246103216809841076e-03,2.847634220171801726e-03,2.991413749296032831e-03,2.835163588710857066e-02,1.068135578119625700e-02
3.066828438443703828e-03,2.254007893306471909e-03,2.788754277090901932e-03,3.113765890496774952e-03,2.846832574114321890e-02,1.054868668107882337e-02
2.887532792062903926e-03,2.346162063222433959e-03,2.669325612587089298e-03,2.953361232849812616e-03,2.928418600614749248e-02,1.005023672116669466e-02
2.851731180140168551e-03,2.305271246134226078e-03,2.663087522587326023e-03,2.915199897763285850e-03,2.884535263415804671e-02,1.003308465250897855e-02
2.688916169992617167e-03,2.243988424755172587e-03,2.806467651041697105e-03,2.751831882140289790e-03,2.774562340774811009e-02,1.023783699925070144e-02
2.684476313955549368e-03,2.281678820872214478e-03,2.696247049612336515e-03,2.748865032520763502e-03,2.786912738685459745e-02,9.885395668919496129e-03
2.588610400582086468e-03,2.236184370174237185e-03,2.453529434786457571e-03,2.655861160536950299e-03,2.745962057407066656e-02,9.284530792551660625e-03
2.581251722164776014e-03,2.160497523707514793e-03,2.389773283927888129e-03,2.662999948354233346e-03,2.662689079276094398e-02,9.207223525562630365e-03
2.828193913556626294e-03,2.066556803119320388e-03,2.266826176883061147e-03,2.852776369247963812e-03,2.574911694002891133e-02,8.804068932659125241e-03
2.914010696804058761e-03,1.982213542985290008e-03,2.085188285085540216e-03,2.914601761343372632e-03,2.490868895314511319e-02,8.205383338621176359e-03
2.898189404998936965e-03,2.003400868310002258e-03,2.150013759649664451e-03,2.909633082998421515e-03,2.535837839302667110e-02,8.752908397809570223e-03
2.903309975640494794e-03,1.971002650024082214e-03,2.072384954025468465e-03,2.941499908166840972e-03,2.510846920567014195e-02,8.342261358525893122e-03
2.877782178438880595e-03,2.034641736502577469e-03,1.996544064132862485e-03,2.930272420217525965e-03,2.593632570031179779e-02,8.060170230765467680e-03
2.671479598138373941e-03,2.109486992780837834e-03,1.917763768742231176e-03,2.784771581784153092e-03,2.680444011684354408e-02,7.722808291844430843e-03
2.654591744528042498e-03,2.098555983066983065e-03,1.959565080819993844e-03,2.784235063380938874e-03,2.683365288771730889e-02,7.863802807293146860e-03
2.622290797951460761e-03,2.050066813854842587e-03,2.107220893554665516e-03,2.754568139841232985e-03,2.622816754750779272e-02,8.035568203637466142e-03
2.773635166660722538e-03,1.987040570343945496e-03,2.160548610004405044e-03,2.893670146573310877e-03,2.552865101966024855e-02,8.120997615059291283e-03
2.794914451100009248e-03,1.920432284242013952e-03,2.152561954211570320e-03,2.903666206095396451e-03,2.485426595191067914e-02,8.322079218732559430e-03
2.808977485498898724e-03,1.864411759842243225e-03,2.367464438917141027e-03,2.929812958085362736e-03,2.399787686576924581e-02,8.985271301830742227e-03
2.940542663962720290e-03,1.792551897922811492e-03,2.144029724543851552e-03,3.007742739287363846e-03,2.333001184539416906e-02,8.548041948161349060e-03
2.817029833215675249e-03,1.817962893371496578e-03,1.958485269093274399e-03,2.898756087737834521e-03,2.358795395004730303e-02,8.000594035818877139e-03
2.682702714195985255e-03,1.822141313355764292e-03,2.091874757723271791e-03,2.751192072521281909e-03,2.348461809844215251e-02,8.162031397717485828e-03
2.615063100959820735e-03,1.823906065053596546e-03,2.175589242306330724e-03,2.686207663577702687e-03,2.311852821917459791e-02,8.175715876013433733e-03
2.645538973682035836e-03,1.780438799460076988e-03,2.238320589855718763e-03,2.739027993180881068e-03,2.262354837396923432e-02,8.324329211994267730e-03
2.518929511784972954e-03,1.818136128321628424e-03,2.339465699952906173e-03,2.625166061785367145e-03,2.298159305373171507e-02,8.572993408763364409e-03
2.638795234663988531e-03,1.802923755589966141e-03,2.392018389033357707e-03,2.793261954906429978e-03,2.294296331123877111e-02,8.729178034827008228e-03
2.622210920049698572e-03,1.865931591729527066e-03,2.277157765282255240e-03,2.820809908786882630e-03,2.351362457651596377e-02,8.480390105618781926e-03
2.554819224052441804e-03,1.829424297819743760e-03,2.418247008034110808e-03,2.747488157054664600e-03,2.304827582698040084e-02,8.668500915325279971e-03
2.496916036412275171e-03,1.855084384887463163e-03,2.389270057006145660e-03,2.633877316536646033e-03,2.336208783146670118e-02,8.584889882911166115e-03
2.418251037465211223e-03,1.816049388602023092e-03,2.387064889369114751e-03,2.522361869984730397e-03,2.300978663632133672e-02,8.576324375457784407e-03
2.558712039408483300e-03,1.759946861255192027e-03,2.480431640517547810e-03,2.670232609521440946e-03,2.234812266194261682e-02,8.724554092225412019e-03
2.553355789354041106e-03,1.772014168232997336e-03,2.332772346892449111e-03,2.670664259449560471e-03,2.253052075876284602e-02,8.378361954520701163e-03
2.522350654503800142e-03,1.776884445616803282e-03,2.369717346752563646e-03,2.633728988538431778e-03,2.254283976843677456e-02,8.360919295071976912e-03
2.485575458992041274e-03,1.791155568283605941e-03,2.422889021895759630e-03,2.634046400950721973e-03,2.264307803633477945e-02,8.562261716147991433e-03
2.551145600426793243e-03,1.806704633465812263e-03,2.600705065958257550e-03,2.722071917091799589e-03,2.265346502174551968e-02,9.081650763125632270e-03
2.461868339508305453e-03,1.840000056894814436e-03,2.426633952636605973e-03,2.612109222401225520e-03,2.277820782695874624e-02,8.620818366051125753e-03
2.350018412822508541e-03,1.841414110726792954e-03,2.301793823055571508e-03,2.452719715670266011e-03,2.265949482777781035e-02,8.208199218209449866e-03
2.406385230651338775e-03,1.878831343528994391e-03,2.410483212569125653e-03,2.516936218698961718e-03,2.329271399039301721e-02,8.450926928261551924e-03
2.411099838138414889e-03,1.839382463386421765e-03,2.323741899132228134e-03,2.523111008346656890e-03,2.294940084623235677e-02,8.338225410287752881e-03
2.589815814660227384e-03,1.829123406999357817e-03,2.374418645662134970e-03,2.694461215603832522e-03,2.302342650501480043e-02,8.427177749570672130e-03
2.622528327160894568e-03,1.789930453553120098e-03,2.445455264415314755e-03,2.756163331704255919e-03,2.222029609423386773e-02,8.750215332654588327e-03
2.725026338746715758e-03,1.755538723734780503e-03,2.571698325251463649e-03,2.865822368633285863e-03,2.194484734631345357e-02,9.194728816261217574e-03
2.821879869637319849e-03,1.750394223940866236e-03,2.518221441296911948e-03,2.981437683472955725e-03,2.189134870818010281e-02,9.240463261990789282e-03
2.590308032767333485e-03,1.752663256269604069e-03,2.509276770477244026e-03,2.753413295621495293e-03,2.183598264892921276e-02,8.938897926972768845e-03
2.662321888650844796e-03,1.711122568241595305e-03,2.516793926472338759e-03,2.858322980276407303e-03,2.159908945908091751e-02,9.003908650163421068e-03
2.632335915981303363e-03,1.731673533280839823e-03,2.446009855691187035e-03,2.806651379576766570e-03,2.194883239721364190e-02,8.758580561762232403e-03
2.753700198236154473e-03,1.772621912148275580e-03,2.481518806589152071e-03,2.846019908390243647e-03,2.258325308887343397e-02,8.574775143288913479e-03
2.754246851068069008e-03,1.781508521373779443e-03,2.531678910911932135e-03,2.855037511051658396e-03,2.276965450402921101e-02,8.757955445310881479e-03
2.519527451366910566e-03,1.731486825725736013e-03,2.317984704449865558e-03,2.642819034959740208e-03,2.220939046551849080e-02,8.112554117855866678e-03
2.454609093279960103e-03,1.729506992037126503e-03,2.248067750721899870e-03,2.619174756567435158e-03,2.236012343064408894e-02,7.875741893769548294e-03
2.382979470685006075e-03,1.783396639582513930e-03,2.317157602341209273e-03,2.504097595652036209e-03,2.310486705476182123e-02,8.128112269954329561e-03
2.353299922461952846e-03,1.783124640994423419e-03,2.266829412545158344e-03,2.466030723112692686e-03,2.311588819617691262e-02,7.930625497327955034e-03
2.308536464294864629e-03,1.787384411055162933e-03,2.185941699243496711e-03,2.439815224681797165e-03,2.313194774119208333e-02,7.629391574309026675e-03
2.394735237856860776e-03,1.768737539919520161e-03,1.973703194359545214e-03,2.562006645764053694e-03,2.270938666822748184e-02,7.010830535051625415e-03
2.443442222866222969e-03,1.653552387590250233e-03,1.944028986325832846e-03,2.646726738167404225e-03,2.116392355350707813e-02,7.077353873016697765e-03
2.337168302838862205e-03,1.652512603838568201e-03,1.997332164869524383e-03,2.513433936468926089e-03,2.107531697497891376e-02,7.087257181680203452e-03
2.309296859494095432e-03,1.649556884521914636e-03,2.198890601413372448e-03,2.450399482937980645e-03,2.084144541473251927e-02,7.763007553825420140e-03
2.396919509394997930e-03,1.616606298348919387e-03,2.095765051720535708e-03,2.541875031889852601e-03,2.050693843075786921e-02,7.590292018431967977e-03
2.483716647909495548e-03,1.620555861188763833e-03,2.033970763217178221e-03,2.573077256549978313e-03,2.030334507665114765e-02,7.204184006961077309e-03
2.370931677333112074e-03,1.654277347250587447e-03,1.871071298626085207e-03,2.451419623923523344e-03,2.061049820921080286e-02,6.620726911845124102e-03
2.399016959150082617e-03,1.643398254801666219e-03,1.752917269778743502e-03,2.517037772969599532e-03,2.045951853669692247e-02,6.250952656690944402e-03
2.425851946801401305e-03,1.621059458804508056e-03,1.790760458205682779e-03,2.549190975878835863e-03,2.034953958505704777e-02,6.510455180339021555e-03
2.425584706775779122e-03,1.607527427338181205e-03,1.868653804424489110e-03,2.537147284142483427e-03,2.012784303549618528e-02,6.695772202704839901e-03
2.725103994207739126e-03,1.594733566178226786e-03,1.875253415477404987e-03,2.819411227676479198e-03,1.990962445233880260e-02,6.725397329237137699e-03
2.611894543479716113e-03,1.537969685389528260e-03,1.863490876311076853e-03,2.704257742839345866e-03,1.938212795486766310e-02,6.710378505076232056e-03
2.499001882312272983e-03,1.580738880021375151e-03,1.803152350555660595e-03,2.590277662816599553e-03,1.974275684490238436e-02,6.433664706609197766e-03
2.487976562397630452e-03,1.534411880384924749e-03,1.738443440242065131e-03,2.581393775805944629e-03,1.929339184053721276e-02,6.300279392531979786e-03
2.490154119363777174e-03,1.536246041354693333e-03,1.720070763815505612e-03,2.579253170946640191e-03,1.931446186472573698e-02,6.240211669625217970e-03
