1.008643976015047627e+00,8.407785677702128702e-02,3.101295235643861115e-01,9.757871509568805113e-01,1.010136754792817282e+00,1.014036307786094548e+00
6.161716466280006133e-01,9.120304544854491990e-02,1.563604476485181694e-01,6.651594505371007937e-01,1.080691747462170449e+00,5.132035389554548965e-01
5.560715567830832873e-01,8.887657273106008837e-02,1.538393283423990232e-01,5.852594838716530523e-01,1.050340316716763533e+00,4.847483786131998040e-01
5.314158181775978651e-01,8.760063704324642930e-02,1.493044801389891429e-01,5.691529747774481951e-01,1.039095787754736655e+00,4.658224679603241158e-01
4.782214897743329862e-01,9.053087699107806308e-02,1.517414271490543920e-01,5.250534229252451501e-01,1.073518485947947632e+00,4.888770653264201682e-01
1.231822612795690636e-01,3.410367695853429304e-02,6.599654910378496830e-02,1.199550728383705911e-01,4.490330190138947519e-01,2.462650804386956049e-01
7.533015877200807675e-02,3.154177906479244814e-02,4.833036894441702924e-02,7.630068655649764608e-02,3.801273703894854639e-01,1.805592034446818206e-01
6.724884507964344615e-02,2.687009033643161446e-02,4.178204511726596460e-02,6.789165597237874217e-02,3.290842736985288286e-01,1.577982987153858652e-01
5.991968010720992444e-02,2.417036264443294877e-02,3.033982589074456573e-02,6.002767593102232430e-02,2.943347299150658181e-01,1.113748848290947446e-01
4.074026953472460050e-02,1.986926897790668167e-02,2.324902572139855156e-02,4.367390503345532082e-02,2.564662902732471883e-01,8.310361584195079254e-02
2.952877714561809655e-02,1.554894707829313286e-02,1.830378556683066177e-02,3.122230703479369346e-02,1.998767873164374598e-01,6.367236613729758410e-02
2.498160332495366967e-02,1.427594588336563754e-02,1.326392732105582083e-02,2.567638567376590714e-02,1.872791687115873960e-01,4.877142442129185629e-02
2.100012391305045717e-02,1.006880505257415695e-02,1.510259658243403441e-02,2.281150706604118117e-02,1.303178436308847776e-01,5.199253740347397484e-02
1.844081464149461419e-02,7.646174056103027111e-03,1.165683814736189275e-02,1.991157036201257613e-02,9.190300378559634886e-02,4.208658913832010601e-02
1.570572358438685617e-02,7.321835252215453012e-03,1.279713245735359869e-02,1.660403286161730302e-02,8.889580554479559193e-02,4.739704099528775638e-02
1.450456288907496678e-02,7.254277362220001336e-03,1.021876317441174596e-02,1.523024298813440217e-02,8.577095762423024572e-02,3.847333848665812628e-02
1.431561101371059928e-02,6.868487102660005006e-03,7.788476653301719919e-03,1.501234248053804655e-02,8.688218479465772970e-02,2.885927770751552449e-02
1.080507896044796690e-02,5.888898336107939273e-03,6.551175760192358942e-03,1.175051701197713308e-02,7.220662513838209395e-02,2.406531928764008357e-02
1.142018806144087621e-02,5.749645616453131873e-03,6.735349151548470671e-03,1.274437936987153110e-02,7.477465860779813900e-02,2.394343385524612053e-02
1.110080609993753173e-02,5.107142262496248107e-03,7.062874268866111901e-03,1.198633072461281063e-02,6.622560488397589984e-02,2.481297454294071475e-02
1.020953387590296628e-02,4.558731987186604058e-03,4.677682603482841671e-03,1.120137873567493038e-02,5.682815286866980953e-02,1.680017255052571046e-02
9.490864725786737899e-03,4.517226508753800426e-03,5.517998896614406505e-03,1.049469868895205882e-02,5.571676964498784024e-02,1.851504862747977223e-02
8.874187342823124450e-03,4.360561608281340873e-03,5.948927184479992601e-03,9.643026370063454561e-03,5.380219544113667984e-02,2.068470603701671323e-02
8.840037562030316626e-03,3.804817590726982789e-03,5.647989308273223749e-03,9.687868788186735150e-03,4.920705881514984836e-02,1.915417781974010358e-02
8.316104369881206770e-03,3.786764249764574663e-03,4.505070455472341175e-03,8.919307451189149860e-03,4.904708509719724746e-02,1.577188672189178131e-02
8.435000443701613435e-03,3.788582513164186032e-03,3.879519048358692161e-03,8.989224385604748305e-03,4.864725588965365666e-02,1.373958773813715659e-02
8.768402153697616927e-03,3.859320901882092297e-03,4.312274463559364994e-03,8.944284928694753306e-03,4.811464950979470190e-02,1.496207260817544564e-02
7.785630062327760122e-03,3.526131605055114575e-03,4.206593899455240981e-03,8.054318091496986617e-03,4.546375368752480356e-02,1.491063054753491261e-02
7.943271286725199151e-03,3.445852669178143569e-03,4.777911345537222236e-03,8.267130367831984628e-03,4.504625615355106749e-02,1.621656541935652049e-02
8.310139976618452148e-03,3.725873312873413581e-03,5.002628867109735859e-03,8.645116819806156552e-03,4.721501183656184181e-02,1.677004182665951110e-02
7.779209017784107123e-03,3.919191790557458727e-03,5.193788696875330409e-03,8.227499914054305433e-03,4.800970421625908036e-02,1.715667206477124174e-02
7.479453822808505847e-03,3.854688333265839616e-03,5.425154353968184365e-03,8.219927170785918530e-03,4.900552526154591110e-02,1.763672432923397287e-02
7.795901644352970332e-03,3.811141520307210605e-03,4.790140076418854774e-03,8.547395248977043142e-03,4.928357275310308455e-02,1.577236231418824991e-02
7.999724235626734861e-03,3.617448233761743574e-03,6.286637381042810453e-03,8.550245031113748451e-03,4.867439807452641348e-02,2.125974848332980172e-02
7.556853043458150801e-03,3.534496843768261676e-03,5.416541024179994356e-03,8.019912995714551310e-03,4.734819850966982130e-02,1.857181339277070437e-02
7.969445917888407990e-03,3.726957290962861370e-03,4.592400237524651811e-03,7.925358815669006698e-03,4.767023328291253303e-02,1.669800073448753780e-02
7.779187867904551086e-03,3.672397284789087699e-03,4.487812009299509824e-03,7.628696770957987469e-03,4.583467622446706774e-02,1.610173818655251735e-02
7.823187112314328520e-03,3.674027465887300375e-03,4.555349010819534708e-03,7.723341819242782874e-03,4.638019484038857776e-02,1.605509452856145741e-02
7.424955191639763530e-03,3.659383583535608716e-03,4.241623137436419805e-03,7.377349265531306204e-03,4.649983183280700233e-02,1.477308001604118147e-02
6.471862155163856690e-03,3.737163525871679912e-03,3.755028490020719412e-03,6.594100572690738890e-03,4.633063749289695332e-02,1.277374787583926766e-02
6.635486904102898785e-03,3.675023947716803824e-03,3.884877717295003464e-03,6.660828512763692331e-03,4.491324827233402622e-02,1.311714834605173970e-02
6.802153059184488058e-03,3.586897281182009449e-03,3.617493839626845318e-03,6.608604281720911050e-03,4.266374077415111682e-02,1.271063546936865817e-02
5.512098923496221332e-03,3.052314456325283532e-03,3.384191987547905799e-03,5.681804085601591288e-03,3.789450594854503612e-02,1.215067727583972294e-02
5.699700511879010785e-03,3.191905975251220582e-03,3.483008119040246087e-03,5.675796774290517432e-03,3.848900669518728196e-02,1.224212833768514690e-02
5.112415642071077224e-03,2.977009604173414068e-03,3.171902248729298324e-03,5.117430169111613671e-03,3.666810461784078545e-02,1.134492672445044925e-02
5.388606656726359703e-03,3.141321004474726016e-03,3.381904207518378162e-03,5.276054084876888144e-03,3.794322441810014934e-02,1.173234066794475415e-02
5.727603935023413244e-03,3.304002400909365495e-03,3.711836554121498294e-03,5.566324242592722918e-03,3.916216957020243750e-02,1.299552845483584879e-02
4.937511522254197684e-03,3.000933360922240344e-03,3.274465131989473012e-03,4.925483151892404501e-03,3.686087618685895961e-02,1.162683872258082722e-02
4.778460489182235517e-03,2.803463605578762879e-03,3.405674186827049085e-03,4.862380054420258578e-03,3.416008801245670051e-02,1.168401026462222159e-02
4.615265952140719906e-03,2.736687130596360783e-03,3.294574841507281159e-03,4.797788394346164977e-03,3.377185732508643928e-02,1.114938011536724567e-02
4.798737362917686322e-03,2.643665263171167054e-03,3.287187918249670753e-03,4.991850968271642486e-03,3.316992159751089297e-02,1.103831503474163138e-02
4.745121836514118972e-03,2.615928913236142961e-03,2.982752400059841564e-03,4.861001516836509564e-03,3.302834841232611673e-02,1.005538342650026326e-02
4.970684908194607579e-03,2.733219274861820643e-03,3.187007879195661100e-03,5.006676783016522116e-03,3.356519414434065707e-02,1.076608080294346945e-02
4.877418358119052326e-03,2.650141739218501904e-03,3.348863441522887362e-03,4.979916957365430885e-03,3.321434702972444336e-02,1.147162651481748938e-02
4.447598522000565692e-03,2.529424593575052126e-03,2.947264286639698309e-03,4.720396875178297855e-03,3.252505728188544165e-02,1.015830590505921102e-02
4.449962617904128920e-03,2.544667637479943855e-03,3.018626553586100953e-03,4.740466053789397019e-03,3.266377210194294778e-02,1.046653380848991573e-02
4.185636761789217168e-03,2.579529441649078530e-03,3.096906520276584800e-03,4.529019548051080660e-03,3.318689822883232055e-02,1.097944925760261682e-02
4.221421306166300152e-03,2.561012950388343642e-03,3.060588629711790028e-03,4.573498692800802463e-03,3.325668423591949391e-02,1.124921105205841688e-02
4.263377755178507020e-03,2.574517016110171048e-03,3.131507268781455380e-03,4.543050090090340436e-03,3.302388752957233914e-02,1.128163639245978282e-02
4.297695910271868112e-03,2.507733585805050139e-03,3.232118379478336745e-03,4.712268216055359726e-03,3.298539371976491608e-02,1.144269093084846270e-02
4.218352384591861695e-03,2.425756115369917011e-03,2.995923658208103201e-03,4.509267088793733613e-03,3.164018855503303307e-02,1.065980626936208209e-02
4.346745424008230385e-03,2.285167041269068732e-03,3.288890317859122746e-03,4.491189155762482371e-03,2.972044525053903208e-02,1.162192769361137905e-02
4.511852019942029154e-03,2.341216568816798047e-03,3.369022885746426454e-03,4.655508313452245105e-03,3.081345703197882133e-02,1.181111682181693566e-02
4.460377401418849294e-03,2.271612041501974277e-03,3.296960438936864975e-03,4.667814717285238314e-03,2.984876456442729295e-02,1.170666023389034180e-02
4.429485664270742945e-03,2.307355160861630523e-03,3.336576234568408052e-03,4.561151830200632466e-03,3.020766346943037917e-02,1.174902148533911624e-02
4.273340269563302707e-03,2.267185003996871531e-03,3.266020403193005146e-03,4.441110369587287707e-03,2.969605389106287283e-02,1.151626303484519151e-02
4.133118280352674097e-03,2.194664882264379425e-03,3.071162243806939158e-03,4.256519208632196863e-03,2.862800579573221774e-02,1.092527626823133237e-02
4.339993889670302162e-03,2.293854330745316670e-03,3.107650934466436518e-03,4.433156815919735150e-03,2.920427065044030324e-02,1.083248315253704068e-02
4.399478287485841625e-03,2.360363547312450006e-03,3.354629785813163702e-03,4.473041823257676956e-03,2.973165179810831338e-02,1.164049481044642995e-02
4.479683673551088964e-03,2.437872254165984916e-03,3.581154345237046004e-03,4.533841684485964696e-03,3.061815981927165295e-02,1.244101771743772247e-02
4.388082758149652179e-03,2.375247177983176410e-03,3.631917289651779256e-03,4.455707795968760244e-03,2.988597948809775667e-02,1.259696100510419685e-02
4.338781352547710531e-03,2.391308252909408235e-03,3.497745403460975153e-03,4.394434086867748251e-03,2.999990496460058081e-02,1.213992560429376713e-02
4.169739831312249505e-03,2.267942908201943126e-03,3.623892571236848274e-03,4.251174502674902496e-03,2.851658653495240531e-02,1.226488859376537351e-02
4.260168850994709537e-03,2.275903187603765983e-03,3.434036539646091821e-03,4.295194831524014149e-03,2.858167714891428693e-02,1.170519143596059942e-02
4.360835658565227931e-03,2.188675202572233029e-03,3.238856198092142542e-03,4.325736044788561045e-03,2.709406551436124508e-02,1.126984964131797114e-02
4.321589276368979597e-03,2.242571819210657270e-03,3.271238422529437750e-03,4.327708733485792492e-03,2.756362241074870184e-02,1.156364356676247568e-02
4.133282808639573112e-03,2.255737114711546965e-03,3.137745809230371025e-03,4.203024452762831216e-03,2.771919804822433470e-02,1.106836898460842634e-02
4.260800064392439648e-03,2.201428383568288741e-03,3.172009710837960916e-03,4.285273383935301120e-03,2.723091167087038703e-02,1.132638370672826682e-02
4.425523450178022247e-03,2.143645451068375805e-03,3.135364049246802242e-03,4.424002603504307955e-03,2.657833014636356780e-02,1.122838717238063694e-02
4.389883589385568802e-03,2.102724817876190644e-03,3.018936600141778996e-03,4.476501061973255438e-03,2.629018032404780922e-02,1.065422348630302302e-02
4.339314307880742100e-03,2.067537540410326231e-03,3.175714543983046596e-03,4.442655909023468692e-03,2.618702067854174892e-02,1.114473962029188629e-02
4.322250559475854237e-03,2.017195459216276389e-03,2.843360773799162838e-03,4.433216272354647755e-03,2.558346577229464805e-02,1.025214257469114938e-02
4.247543109760883000e-03,2.090503341147794542e-03,3.044833050026987155e-03,4.322047329858559606e-03,2.592008016688704744e-02,1.079100956837593904e-02
4.219737499971951307e-03,2.053197300404160843e-03,3.163692333179585550e-03,4.307458526281339808e-03,2.552394962154633240e-02,1.096654365168225030e-02
4.291879032951601697e-03,2.038023543597455595e-03,3.137083886663980230e-03,4.366518604354253930e-03,2.540035611229603946e-02,1.087095050550709006e-02
4.208559534023719947e-03,2.010647643479109795e-03,2.945834434199040477e-03,4.269514682195187788e-03,2.512457568451784487e-02,1.026077961041638176e-02
4.330078407122179077e-03,2.009245051900532698e-03,2.775865431709445292e-03,4.339588443125996960e-03,2.485750449141958113e-02,9.895292335253507224e-03
4.328812848747758298e-03,1.969157508155450903e-03,2.978042019591990979e-03,4.347713393756800181e-03,2.426992026107387471e-02,1.045414599433144159e-02
4.320572763520806429e-03,2.028269544754665935e-03,2.962714838169351605e-03,4.347338542834588114e-03,2.448780506379870381e-02,1.039046967934648992e-02
4.322699222086569780e-03,2.006605082769619998e-03,2.689873803963855302e-03,4.306427080516440561e-03,2.387934421548771127e-02,9.509495320659238499e-03
4.309078396961271186e-03,2.025360732212653711e-03,2.888898295520176893e-03,4.358423411240361367e-03,2.389690562908523483e-02,1.009935689871607929e-02
4.233347383244813640e-03,2.025310523544555149e-03,2.753173717305214176e-03,4.288739859839343568e-03,2.412668653970376914e-02,9.582578138647495844e-03
4.077317598825986635e-03,1.961580506629527487e-03,2.829195313219019792e-03,4.148389439884587679e-03,2.356294467858964167e-02,9.783256033465940679e-03
3.990636040944565109e-03,1.930721791212651429e-03,2.605104682165224061e-03,4.055516824144777925e-03,2.323001225333821626e-02,9.039947881783989142e-03
4.075259805366269680e-03,1.980371559647467559e-03,2.759338550129781208e-03,4.145637970247078620e-03,2.417424650578575349e-02,9.490082078980598482e-03
3.937908580516064419e-03,1.927907205693355766e-03,2.574353905934615664e-03,4.009605518828123980e-03,2.337061499195787831e-02,8.912004202830886915e-03
4.066723941899851036e-03,1.913338504974386196e-03,2.773571644847489057e-03,4.229667261515514427e-03,2.330959829347134527e-02,9.511524322076742380e-03
4.105630801955393455e-03,1.965306400538579298e-03,2.634994949263221291e-03,4.294766162218668394e-03,2.371397308302805942e-02,9.139674089192920819e-03
3.932825391523158548e-03,1.956158788818307057e-03,2.603545703510777489e-03,4.145046340209045284e-03,2.368350040200839154e-02,9.046917370598105829e-03
3.932825391523158548e-03,1.956158788818307057e-03,2.603545703510777489e-03,4.145046340209045284e-03,2.368350040200839154e-02,9.046917370598105829e-03
