1.000055077313337204e+00,1.411385008285100939e-01,1.846290656718280465e-01,9.110537499376556436e-01,1.639739618606063321e+00,5.487471643769707974e-01
6.281442335679312539e-01,1.003830640181188338e-01,1.458492264745658296e-01,6.338606428880333432e-01,1.199444907412311245e+00,4.447421358758212873e-01
6.217909625603933454e-01,9.911784643076704260e-02,1.443419923545146144e-01,6.211070937189687724e-01,1.167936279267850930e+00,4.300889560932807387e-01
5.884569845118208242e-01,8.556945146762177934e-02,1.582591180345319093e-01,5.713774645871473323e-01,1.073477765494826208e+00,4.597548140703712205e-01
4.869808422293777084e-01,8.102936339307395541e-02,1.368364811231261025e-01,5.190054481132537756e-01,1.058766654733693358e+00,3.873264711361748547e-01
1.530442319207958868e-01,8.179536069104310914e-02,9.280196910264816579e-02,1.443174796814297445e-01,1.108116634297337422e+00,2.813401652613198856e-01
4.642072551868145491e-02,1.898888793457445892e-02,1.661008670543962992e-02,5.173209927586848444e-02,2.453099796504249752e-01,5.880784340884244454e-02
2.904419494960067127e-02,7.675306893217356645e-03,5.949969252822338850e-03,3.097370196417018398e-02,1.004799203791836293e-01,2.059209888840090805e-02
2.222709573949724349e-02,7.429784585476495451e-03,5.250507152680942285e-03,2.624001893523662809e-02,9.774345962220720718e-02,1.845817013427201655e-02
1.801245794091331162e-02,5.486513753240698267e-03,5.935927552876046724e-03,2.210078354132188547e-02,7.548116807651701621e-02,1.892667558295643010e-02
1.622150735407631300e-02,4.609329687757460041e-03,4.750374797663159399e-03,2.030151093344309543e-02,6.575861379681485763e-02,1.521700640698097143e-02
1.756111344242064845e-02,4.483107464796651752e-03,4.589213462445051843e-03,2.212836968333874513e-02,6.792895978720236982e-02,1.437490857287601100e-02
1.490160261048914872e-02,5.271246938282200464e-03,5.459372164343886252e-03,2.019492993683618884e-02,7.796232279563733436e-02,1.729091991183073079e-02
1.327803046697734364e-02,4.773801862443123253e-03,6.768198638522134915e-03,1.837964776674132564e-02,7.012223253676060086e-02,2.122767024061766872e-02
1.080319378368840150e-02,4.214288114066385739e-03,5.479961596252230956e-03,1.355604520552827763e-02,5.935169415843059154e-02,1.804075259227555864e-02
9.382010480140220640e-03,4.534985788991850210e-03,6.246687830629316963e-03,1.092248244462791680e-02,6.143689944084466253e-02,1.923051219738458259e-02
8.408438518750721916e-03,3.903353776821726333e-03,4.997873894747266628e-03,9.261876995557900491e-03,5.262492877362246607e-02,1.572113382548167779e-02
6.554739834069057275e-03,3.236470496732134564e-03,4.631058827698446637e-03,6.919580187177162486e-03,4.767287424664967688e-02,1.473940562664960430e-02
6.580807994075593692e-03,2.782297056811133904e-03,3.939377483590656218e-03,6.579639198089792806e-03,3.759837322358677153e-02,1.242567576293028206e-02
6.535146010341335784e-03,2.934223082161930164e-03,3.707337502284780827e-03,6.305676916936128230e-03,3.750390866447905064e-02,1.259032531541815804e-02
5.299793132088796190e-03,2.430421628392953007e-03,3.932233226480873374e-03,5.332909517318515542e-03,3.546061552029834002e-02,1.223697513014266290e-02
4.698839399120166398e-03,2.162612360308220714e-03,3.652066130433624224e-03,4.879060208229058296e-03,3.082802742992192882e-02,1.168081707942302677e-02
4.007197672461259089e-03,2.330601680571753320e-03,3.192317483662893227e-03,4.461625762762317163e-03,3.144237884067105360e-02,1.046463038277521164e-02
3.829077352037398973e-03,1.705535874735271623e-03,2.930977830711062413e-03,4.126720201451537264e-03,2.331420953646537106e-02,9.193501434504433925e-03
3.417995074241005765e-03,1.649522980285798553e-03,2.466003160753840392e-03,3.646667157068062687e-03,2.377335113531853575e-02,7.545134966040075407e-03
3.671313902423741903e-03,1.735052176097222690e-03,2.389927416302557554e-03,3.702025203237637938e-03,2.304695149683845534e-02,7.331678877259988070e-03
3.362926559831430802e-03,1.473965053500902100e-03,2.598257138290641609e-03,3.512426653544576446e-03,1.990326131037740975e-02,7.909492130710116947e-03
3.435096588614235807e-03,1.326445034244675119e-03,2.471731364513930339e-03,3.397534458799940111e-03,1.848181688483336443e-02,7.400164169052094246e-03
3.110660725139117056e-03,1.322747504771091881e-03,2.455963438740963508e-03,3.274532161379882685e-03,1.741980753861144260e-02,7.362559933001545237e-03
2.872232421849864239e-03,1.271288428212674930e-03,2.498290703454834980e-03,3.081612889934224470e-03,1.675640992157768558e-02,7.538654372173659614e-03
2.712149179736625827e-03,1.321620119191432895e-03,2.532250378485666632e-03,2.974658645816650841e-03,1.652585862194001429e-02,7.625277162004923115e-03
2.585582353592000629e-03,1.322749918478968245e-03,2.488113092420932582e-03,2.787234992193609370e-03,1.669006474568513615e-02,7.571434478566103563e-03
2.434818017716390472e-03,1.276808344376412739e-03,2.392165857375593181e-03,2.615664631061556059e-03,1.600345623849769652e-02,7.276501632555378192e-03
2.406603521506170927e-03,1.205581036952840584e-03,2.230629067452753050e-03,2.470840999194538930e-03,1.610790217514425360e-02,6.753198522314947556e-03
2.501118950435153847e-03,1.068340104642226179e-03,2.261472220645380921e-03,2.499910822878631273e-03,1.388701379546426230e-02,7.200038547790392658e-03
2.218735509463495154e-03,1.009070814258677343e-03,2.168070557554116831e-03,2.209985509122368210e-03,1.335128235937123840e-02,6.751858046751912576e-03
2.222838981442226518e-03,9.447018733989995471e-04,2.186471948534042271e-03,2.243605984705636987e-03,1.235433782490601498e-02,6.930396636709644335e-03
2.656760652600286075e-03,1.014218951224910795e-03,2.123236188950215850e-03,2.542611984511218386e-03,1.343876512300065315e-02,6.660583559619348559e-03
2.195270894405022735e-03,9.087036581663955875e-04,2.037020322316342082e-03,2.140935048743235203e-03,1.196683948488409463e-02,6.300167374075720667e-03
2.181158937710180219e-03,8.227307679022658957e-04,1.998020361005324683e-03,2.121235590314439652e-03,1.076143031831540940e-02,6.179317782896106594e-03
1.656978179080960054e-03,7.288509094008819265e-04,1.896235750614075908e-03,1.700644096712257197e-03,9.289626948691788802e-03,5.811875208290097176e-03
2.020930608548184709e-03,8.341184155261425863e-04,1.836665443767421160e-03,1.938023032887406429e-03,1.053718636069362127e-02,5.574997733371602968e-03
1.925500570961319368e-03,9.060928280346777688e-04,1.807017362080257658e-03,1.891511538633975763e-03,1.147470089870639837e-02,5.557614076245744744e-03
1.835435080211950207e-03,8.092297702844732099e-04,1.781116072934377844e-03,1.769462503401222691e-03,1.030624024945891136e-02,5.555660460076839932e-03
1.645478329838659989e-03,8.348422254340963312e-04,1.758908640955719705e-03,1.614912899341078420e-03,1.021226211513518237e-02,5.432689107651464226e-03
1.577285584473785444e-03,7.291618384008280180e-04,1.751879785505933108e-03,1.583689253522182734e-03,9.278693406821978198e-03,5.414135383724935982e-03
1.615389578334785938e-03,7.470862031050629288e-04,1.768917660170893271e-03,1.609599338091697186e-03,9.280330628030830295e-03,5.446721090164421790e-03
1.655506116451716057e-03,7.153572281497488916e-04,1.813350862151105096e-03,1.632596838893434800e-03,9.345241516756660691e-03,5.516332735406820169e-03
1.547401237386495342e-03,5.669799864073093564e-04,1.699039263250542520e-03,1.556439490096536010e-03,7.988693162587443344e-03,5.163409380957742663e-03
1.532495123627947110e-03,5.958242025782452007e-04,1.741000592864160252e-03,1.513624912215337862e-03,7.781783669479941552e-03,5.330123556674271762e-03
1.454515471765834922e-03,5.889568247645329997e-04,1.726160071518819750e-03,1.476562789419885854e-03,7.447459979353062212e-03,5.315508785871230109e-03
1.429353754328087584e-03,5.330611001835885683e-04,1.705276148810736013e-03,1.459309668569113046e-03,6.637013790369143164e-03,5.279384081743744399e-03
1.339622830368026891e-03,5.607321387717354062e-04,1.607554631174582622e-03,1.377789483444237474e-03,6.914922726228033001e-03,5.023382248489584659e-03
1.502341901885578725e-03,5.679225286698810944e-04,1.605211544214190040e-03,1.504095031981013972e-03,7.340963375494089643e-03,4.975492319368006629e-03
1.344301084312019608e-03,5.581178368613985480e-04,1.628817807722741191e-03,1.370206638325553988e-03,7.076814236923995027e-03,5.061461042757478719e-03
1.442380128288617194e-03,4.688113676319577211e-04,1.514024068496483324e-03,1.433743132166062726e-03,6.104130161919956755e-03,4.729957074825708041e-03
1.280257570509509783e-03,4.825516287174261114e-04,1.483790939856498639e-03,1.289509967111964828e-03,6.256519062505551398e-03,4.620093624829311151e-03
1.242724107295997129e-03,5.163002069975953070e-04,1.488112374726117092e-03,1.255516989191066655e-03,6.399374048774377106e-03,4.673803650612644300e-03
1.277891771434666113e-03,5.216800564416893818e-04,1.475076292550668881e-03,1.241447510597923441e-03,6.326588309142438388e-03,4.591833357788157634e-03
1.210001604836309337e-03,4.678780821113172252e-04,1.456018125815715597e-03,1.191300981633581666e-03,6.001001813050559769e-03,4.468145374903469136e-03
1.263098433508423862e-03,4.822857619123952031e-04,1.455089562298087554e-03,1.269091755320700485e-03,6.132157608909121101e-03,4.418785394106857986e-03
1.280537707669177159e-03,5.523476479072353656e-04,1.479297535421270115e-03,1.270808313214253369e-03,6.771526495670423910e-03,4.428788249530789603e-03
1.389354831703059050e-03,5.712017664638266738e-04,1.449259934928749487e-03,1.387253684768066436e-03,7.043185830101896493e-03,4.371767669043374015e-03
1.487427754496985005e-03,5.527541604523556395e-04,1.415373222355876918e-03,1.451379464331046089e-03,6.851467219034883087e-03,4.287018818641893936e-03
1.421743464859018735e-03,6.126851289129274991e-04,1.409723255066960270e-03,1.439495361964787624e-03,7.514024203723742960e-03,4.338802657565457056e-03
1.311720899241314384e-03,5.951911434887614686e-04,1.374117311811550108e-03,1.342888502391396911e-03,7.211821194075242192e-03,4.200114463716084212e-03
1.359197269944328965e-03,5.889461497280135387e-04,1.308389833738604711e-03,1.345812895819334344e-03,7.276684088232518791e-03,4.002393932079472555e-03
1.216877463477327153e-03,5.398311845148300123e-04,1.234737981537153929e-03,1.213171078969029317e-03,6.733195836758248606e-03,3.757949725686000886e-03
1.189367237160555719e-03,5.155395338869749652e-04,1.181949017859037446e-03,1.188189065603229531e-03,6.734910911744558526e-03,3.551144547749744002e-03
1.019445622552458486e-03,5.017736746468206763e-04,1.087089549218337543e-03,1.027905192876902348e-03,6.500272849228809317e-03,3.250705435068572315e-03
8.782480364018907092e-04,4.662434128967977813e-04,1.085346127961367467e-03,9.322023823793971651e-04,5.807378992385463061e-03,3.237714040315240339e-03
9.251779956118066570e-04,4.980708704885171857e-04,1.018019932320021097e-03,9.498749160119553808e-04,6.189630567081976648e-03,2.998422847374531807e-03
8.702820889400319886e-04,4.703193890493118307e-04,1.015789175239075652e-03,9.119963678827320772e-04,5.942377111420717693e-03,2.953105183881797949e-03
8.448837913246565667e-04,4.376319885102368393e-04,9.837545888711140760e-04,8.899650567926477816e-04,5.812962243239907026e-03,2.873470129398062074e-03
9.413785686022057772e-04,4.585366904511164760e-04,9.367209058126368558e-04,9.420807242670986396e-04,6.004825380485194659e-03,2.756920840065439898e-03
8.718316898678557612e-04,4.999216207218516988e-04,9.342736133874141079e-04,8.820538388959486310e-04,6.389402252176605741e-03,2.794389146316366562e-03
8.978247923889493519e-04,4.826226963748147885e-04,8.633324237597562014e-04,9.066081858737606554e-04,6.220398204687312485e-03,2.557053101942565604e-03
9.297435357882577467e-04,4.927302834401615667e-04,8.875425518738533186e-04,9.240649227739170055e-04,6.544245903025909875e-03,2.588024708720921326e-03
1.018893514867082010e-03,5.001212228805221620e-04,9.301820434832397877e-04,9.924503119687374912e-04,6.560216850177403095e-03,2.706583570364626441e-03
1.038985452920201426e-03,5.203320039914469076e-04,9.132641507954731164e-04,1.003938464990430067e-03,6.795370721079691846e-03,2.643171683081843408e-03
9.321789393588619408e-04,4.869021232019453307e-04,8.067791640003341277e-04,9.158526771913045369e-04,6.560136605648657360e-03,2.332389219124493106e-03
9.803573961391233004e-04,5.090824020803661832e-04,8.260676231962771256e-04,9.391037374085812973e-04,6.770813787391827612e-03,2.398628174511965080e-03
1.027851889939114353e-03,4.715159503172006790e-04,8.247948794939941302e-04,9.808976722979665351e-04,6.300168857072198023e-03,2.406045184063186886e-03
9.621324042079370696e-04,4.791182844762338047e-04,7.402600664930159176e-04,9.301130479634530778e-04,6.476515853620083869e-03,2.207885102535165397e-03
8.483103282231508214e-04,4.742303253395231894e-04,7.281991657193931898e-04,8.469666486789033388e-04,6.711510402793770952e-03,2.210933914112222110e-03
7.981561239429002747e-04,4.492491334883069775e-04,7.133526619465391369e-04,7.949736750841128853e-04,6.728177630747189837e-03,2.183701518158610768e-03
8.156225420043628372e-04,4.584424596793138049e-04,6.937150828363158449e-04,8.052048854290944210e-04,6.807028008294207892e-03,2.160161853783028503e-03
7.592017701893205616e-04,4.657709843943884397e-04,6.364498860384160085e-04,7.564556997286050891e-04,6.552166176885765476e-03,1.984232168509848706e-03
7.683947695868076268e-04,4.791618819241011602e-04,6.495244380856990754e-04,7.590376008783726158e-04,6.591323035598195025e-03,1.984378973645755349e-03
6.824444469247114729e-04,4.537076168510785425e-04,6.279195134307136378e-04,7.003922782841655531e-04,6.368065070710285727e-03,1.922868230141273329e-03
6.671353432337035188e-04,4.570620985194443885e-04,5.840742951058309042e-04,6.935813601674162623e-04,6.522481944909458949e-03,1.906180344045392810e-03
7.037240964080970817e-04,4.429899202790467849e-04,5.759338348561914922e-04,7.203885506875722317e-04,6.471032636940399554e-03,1.915000531757702143e-03
6.481438228296065385e-04,4.461173551875452265e-04,5.838070204284773667e-04,6.842713953643615515e-04,6.359042639114837088e-03,1.899829805243244277e-03
6.998388007714073438e-04,4.649919894538084852e-04,5.611179257286269756e-04,7.133264149517803141e-04,6.530200138390370238e-03,1.906241176829690789e-03
6.585170277868901498e-04,4.466111321268353756e-04,5.683459305089233254e-04,6.963821099875138355e-04,6.393204054537241464e-03,1.877931372826300866e-03
7.017947492748721240e-04,4.099595919317812562e-04,5.690662777562993137e-04,7.303592965466436642e-04,6.163498077101280982e-03,1.910659869003360038e-03
7.345739153429520175e-04,4.274803503323692275e-04,5.409473102905126406e-04,7.363657736872152070e-04,6.128859440360125491e-03,1.792072583655795158e-03
7.036898914826206523e-04,4.032425443339537246e-04,5.172879317272694030e-04,7.181409024254232663e-04,5.844697970288288344e-03,1.745630811177144737e-03
6.726285609946868870e-04,3.918871514921416907e-04,5.220947250839935716e-04,6.925886734699418729e-04,5.697680117494307792e-03,1.766951643340679235e-03
6.327046627983101516e-04,3.774805739656159997e-04,5.269132785089592234e-04,6.558838601524800667e-04,5.528289895908284658e-03,1.728370084823159904e-03
6.189075712975522633e-04,3.868361997980288643e-04,5.478705592655042393e-04,6.466816409526822840e-04,5.617428926020096372e-03,1.825170891577419406e-03
6.813695237416250760e-04,4.081704668788533035e-04,4.902125796313306326e-04,6.796322208299826646e-04,5.658236591427599251e-03,1.640209961891862279e-03
6.762094671098439584e-04,3.983355727737735471e-04,4.635649969693767056e-04,6.848284515605640704e-04,5.333748649880902699e-03,1.529505001435527926e-03
6.326686713004303587e-04,3.751319539460173502e-04,4.398030818746012866e-04,6.600490033082271821e-04,5.118971969332749422e-03,1.488377553711750859e-03
6.620710551000052579e-04,3.589461278629261544e-04,4.646144164268739617e-04,6.795818532230989010e-04,5.133018489663853344e-03,1.486739997032909084e-03
6.583490928369906126e-04,3.825200412288335696e-04,4.469970689675806458e-04,6.796627186548712205e-04,5.294741398317100167e-03,1.424131831424452644e-03
6.407600311950301586e-04,3.621133823676179358e-04,4.525010629156855837e-04,6.698053053775014859e-04,5.217127435838258935e-03,1.472553337159680743e-03
6.148961287393028309e-04,3.486827268186441222e-04,4.558052376678789659e-04,6.526607456183295590e-04,5.112931900581724892e-03,1.509001456474562408e-03
6.399515549007272954e-04,3.487425432532240653e-04,4.450992633460948379e-04,6.653989020161898103e-04,5.096024908975737774e-03,1.486956037031114501e-03
6.855837156721212005e-04,3.406182573027439413e-04,4.360941360346837236e-04,6.925970692432231171e-04,5.003825926633722818e-03,1.446356989113371924e-03
7.128803538497153081e-04,3.470016072284586982e-04,4.134516464326432094e-04,7.340419943236383468e-04,5.035818807240666738e-03,1.398236162727715818e-03
6.922978227621678872e-04,3.550476299679221110e-04,4.173451658061932750e-04,6.836970648915701278e-04,5.002255641456001753e-03,1.347584151995233652e-03
7.405690789126817856e-04,3.768338053956232152e-04,4.174004296591160741e-04,7.345931408652806678e-04,5.071594410537665944e-03,1.335991109218369723e-03
7.344612289681340042e-04,3.814440078563540652e-04,4.103522704475359522e-04,7.309943460332201997e-04,5.132402645256357344e-03,1.334057789453718581e-03
7.554324487279651590e-04,3.825787312812655317e-04,4.174445584083264112e-04,7.521324082068075231e-04,5.161788234660469495e-03,1.329860406959269652e-03
