1.009545414367218008e+00,8.605476762749862674e-02,3.092674449763027633e-01,9.761670190899933708e-01,1.037843158481058348e+00,1.012754921861931612e+00
5.992713936546205655e-01,9.994531346334167843e-02,1.607134505252837964e-01,6.381075618531076854e-01,1.180600190224456059e+00,5.115519567592944350e-01
5.556109514545494177e-01,9.449358652484562970e-02,1.610645821474974426e-01,5.826694787899943107e-01,1.137643560442834545e+00,5.068010905055040372e-01
2.829633369215775462e-01,8.780260322122711292e-02,1.578764634462634098e-01,3.305819715028683325e-01,1.102617845028024401e+00,5.053293310446962394e-01
1.032251787671076559e-01,4.953088296688272496e-02,1.022216461946606203e-01,1.065304728236232124e-01,6.206691944336545363e-01,3.392339408834133541e-01
8.574918839219565492e-02,3.953359978489816295e-02,6.479848753976170939e-02,8.836174999631352112e-02,4.805273217651708784e-01,2.298463778256854828e-01
6.090318474013543121e-02,3.143786947193460274e-02,5.609865442828721599e-02,5.967191467106914421e-02,3.887574506617386128e-01,1.893875235868305584e-01
3.843337980755342359e-02,2.498870693758926953e-02,2.924630357459711769e-02,4.166668013160714640e-02,3.117162008929276196e-01,1.034415239506885908e-01
2.550979332124862081e-02,1.366432314142378493e-02,1.999255724453813041e-02,2.755959206334564551e-02,1.709356755162623476e-01,6.715496386409362806e-02
2.047375520477680982e-02,1.111056748093377372e-02,1.486909626620440059e-02,2.190637901046465358e-02,1.390786042928588706e-01,4.776019435008674319e-02
1.534882224175479655e-02,8.670587161076664592e-03,9.854414260285420529e-03,1.658514868148339150e-02,1.122535778886210450e-01,3.563217020710782168e-02
1.342390892112110823e-02,8.799537022223241980e-03,8.805989277039134866e-03,1.338163763478821162e-02,1.109355764263487282e-01,3.212291557418291837e-02
1.250288743084325416e-02,8.186641184531639678e-03,1.037234262316572703e-02,1.281018389140196369e-02,9.925710929268882765e-02,3.681098983215565223e-02
1.137441934636114829e-02,7.967528445069961551e-03,9.855142374674420724e-03,1.150194742150439063e-02,9.912063002085522156e-02,3.711070288835503078e-02
1.032148097039555477e-02,8.002448361036298627e-03,9.519176345941661455e-03,1.088024579427217427e-02,1.012063109786856679e-01,3.779090801057306825e-02
9.508403085595709681e-03,7.158746364390908626e-03,9.076037706073458722e-03,1.008437585365147895e-02,9.049087554106170772e-02,3.543939024036349417e-02
8.536845254586344564e-03,6.434872512229586339e-03,7.920515313233962573e-03,9.244282689187262314e-03,8.198698057935405181e-02,2.987354543157164088e-02
8.430604365449794954e-03,5.982960902126130583e-03,7.511795192268333130e-03,9.256457399199882405e-03,7.741627098423764508e-02,2.825613978947488086e-02
8.132731995221241170e-03,5.974642307830547137e-03,6.482364324246599196e-03,9.382906406339514005e-03,7.583238050616926407e-02,2.588231294911573499e-02
1.016377378392989764e-02,5.649069563676395976e-03,7.065995568785754868e-03,1.156611268570858359e-02,7.081792803480721488e-02,2.550706965190606412e-02
9.186411245139462778e-03,5.724430587868592317e-03,6.428744591016672359e-03,9.845906407499016924e-03,7.257804830360883863e-02,2.189561505887031509e-02
7.528363207698541247e-03,5.147490739419887523e-03,4.670834097298035524e-03,8.469989875941295876e-03,6.468658264703405769e-02,1.747129398022316191e-02
8.916493262551904858e-03,5.208951245973411637e-03,4.353497837678206757e-03,9.588944616715526156e-03,6.512288545863006983e-02,1.567145684143417261e-02
8.733058212246333496e-03,5.039560233819763251e-03,5.040517835095200024e-03,9.850906548784220743e-03,6.324006077158576822e-02,1.802030654600858539e-02
8.548309059544657862e-03,4.915727014878690238e-03,4.165669421814767459e-03,9.735506311702345900e-03,6.197439776666842370e-02,1.575965900006897139e-02
7.713787375823426794e-03,4.769077937341660058e-03,4.448323839952509143e-03,8.522824919800296717e-03,5.950515748468716837e-02,1.697885282792042233e-02
6.259944839183759734e-03,4.337761764618862891e-03,4.206790132671047941e-03,7.045740181937475491e-03,5.400054098195235242e-02,1.581007755088326139e-02
6.170746240681172431e-03,4.058799725937009377e-03,4.277205914383906335e-03,7.145921088830702733e-03,5.029641967066447034e-02,1.598981241392541733e-02
6.619857872360444123e-03,3.853284610599739396e-03,3.793512092621628435e-03,7.443358893115420774e-03,4.710922230704415320e-02,1.365995937364255022e-02
7.207370711434788087e-03,3.725053133713827642e-03,3.489929044807773498e-03,7.750444221021529634e-03,4.614893604498169349e-02,1.240550151017868509e-02
7.613558219052051976e-03,3.680732879313945369e-03,2.982678324160568939e-03,7.993353183143583549e-03,4.566940472303711307e-02,1.116226109924041074e-02
6.911520674273753141e-03,3.702778015428850791e-03,2.910505970623489432e-03,7.365134051007258056e-03,4.499626144953401685e-02,1.099707719895673744e-02
6.827981443589601143e-03,3.300617953364026226e-03,2.543050154933414447e-03,7.644921253951270437e-03,3.982897525317581622e-02,9.862002599381103699e-03
5.520979676967678607e-03,2.859376871204504216e-03,2.306140861250877833e-03,6.317259217588130221e-03,3.475376873069426636e-02,8.899954734892238928e-03
5.019788170647485580e-03,2.632664593986932828e-03,1.933074973897084192e-03,5.666566551249858745e-03,3.280337710271080676e-02,7.264952395991355893e-03
4.548373122370232523e-03,2.371876872042052043e-03,2.059789962268335998e-03,5.370009979012570038e-03,3.032131769826110906e-02,7.393764808789217609e-03
4.342347136879340201e-03,2.441034719750719006e-03,2.021314836260505038e-03,5.051914541926906359e-03,3.045503683037193918e-02,7.196893425752274795e-03
4.816157763301741855e-03,2.318342578296965148e-03,2.028634911854999140e-03,5.512334997982411798e-03,2.987232305805920252e-02,7.123730801730913421e-03
5.142275606301643411e-03,2.372434454939827218e-03,2.020178804176560490e-03,5.684620988906107647e-03,2.983508049399712439e-02,6.972934939808998929e-03
5.316474051702233493e-03,2.421620371447504461e-03,1.883197209020532519e-03,5.676190287076880725e-03,3.065468207065738179e-02,6.682871093218534404e-03
5.012402526482970071e-03,2.438435482260877148e-03,1.818065632911107640e-03,5.485198006020397879e-03,3.104247677860494034e-02,6.291366805188194390e-03
4.785087518499398299e-03,2.381841166229469418e-03,1.835459594906035464e-03,5.235775528880205060e-03,3.061097303604829248e-02,6.408449970272475302e-03
4.380819186572131214e-03,2.350939398081652518e-03,1.798163568697105225e-03,4.792231887271149876e-03,3.005325204373846329e-02,6.267509675866211188e-03
4.660151375967220427e-03,2.317964669830221286e-03,1.781349990684597722e-03,5.039902033198186138e-03,2.894680168514002921e-02,6.470191773359096517e-03
4.323021737308405978e-03,2.194547462366469581e-03,1.869323220406045837e-03,4.845448840132690442e-03,2.712214076069446173e-02,6.582405243467919810e-03
4.112536663950391164e-03,2.252166713339466813e-03,1.906641596219350952e-03,4.597193905644867545e-03,2.789114855961155950e-02,6.810409988780516573e-03
4.346741545875340909e-03,2.282775424704269057e-03,1.776120710078909039e-03,4.806258821451392903e-03,2.819795882206160842e-02,6.317086961415413829e-03
4.251425354803890777e-03,2.288949710625136184e-03,1.693973889415095703e-03,4.902817285745632303e-03,2.782886237537909174e-02,6.062785671099013389e-03
4.682427485382750776e-03,2.384871469577816080e-03,1.727221432009121540e-03,5.209006792231457919e-03,2.937182371893578420e-02,6.008248364027244867e-03
3.907678959407721170e-03,2.285881784104275023e-03,1.860885293276540479e-03,4.473089613212140325e-03,2.831508798585689185e-02,6.253321639763846120e-03
3.725709628161271054e-03,1.994405771545885216e-03,1.644589607966948173e-03,4.556153717392200618e-03,2.556443622585161460e-02,5.590285358034576338e-03
4.334576001830163332e-03,2.173043119289353505e-03,1.791477064745961934e-03,5.092398109040384944e-03,2.696611289913062801e-02,6.288077318815487454e-03
4.760924819413388416e-03,2.353664063100121585e-03,2.010173723644145989e-03,5.263358225411379765e-03,2.845175208431720629e-02,7.055287971148287152e-03
4.811313312612937494e-03,2.276520619796826902e-03,1.967248783910993410e-03,5.297845719402336992e-03,2.773145717518420150e-02,6.908355746015552856e-03
4.762677048213336851e-03,2.301297170823504972e-03,2.000755574925202826e-03,5.175586035616312232e-03,2.813450566485376989e-02,7.092303472017703891e-03
4.773866848940249569e-03,2.252410879253560847e-03,2.044253122275482490e-03,5.272243685723953556e-03,2.773628920700126413e-02,7.070376554631294629e-03
4.276772718108513491e-03,1.978135305674474237e-03,1.910559586303005319e-03,4.970942120700202332e-03,2.441010291735826176e-02,6.655862679783075553e-03
4.186965567321522183e-03,1.936002600440207572e-03,2.012312962140114583e-03,4.830235067636444619e-03,2.393032516620476405e-02,6.795821923235742697e-03
4.334155646853347921e-03,1.893156806662428700e-03,1.960204322829209225e-03,4.958641284709979294e-03,2.415975873786423145e-02,6.529374119387565921e-03
3.899013925725647832e-03,1.880508038187131978e-03,1.673971790037314441e-03,4.373043128351541270e-03,2.435250696587454647e-02,5.718437890464997571e-03
3.957872981967505005e-03,1.878501065296702159e-03,1.729227112316981518e-03,4.466952796661555029e-03,2.432355240214344183e-02,5.984357818378821352e-03
4.194220979939215950e-03,1.922678865171986067e-03,1.784024489386076091e-03,4.636631455941013676e-03,2.466725647366571628e-02,6.058570464403522683e-03
4.322511064166078935e-03,1.976771598179646004e-03,1.789901535105044685e-03,4.625800085176271642e-03,2.502626810079021380e-02,5.990950681846640008e-03
4.305171742947836062e-03,1.926880855729771721e-03,1.657140708945498532e-03,4.599232301294923879e-03,2.426217720303554953e-02,5.685944918965070774e-03
3.913116691007726203e-03,1.874475315326464388e-03,1.897122864882492014e-03,4.138259972839892012e-03,2.318287388283501657e-02,6.440198833543509666e-03
3.949706166492925226e-03,1.810233564850082574e-03,1.811014916875857035e-03,4.089617844846916636e-03,2.239501943036603313e-02,6.124899650983243495e-03
3.832749976473912891e-03,1.692735872436545866e-03,1.794106166257086613e-03,4.045345293471774330e-03,2.121546338451739400e-02,6.089585894364817238e-03
3.802798373906042442e-03,1.599915884267923355e-03,1.700316508658343637e-03,4.004988801858023681e-03,2.014178721023567389e-02,5.714943014450796568e-03
3.520311149835757877e-03,1.563497472915615803e-03,1.719850986791189758e-03,3.829129886875378384e-03,1.966622727039407659e-02,5.799651781793144396e-03
3.345885781939672132e-03,1.525515300827435085e-03,1.749128565787837989e-03,3.667530474889104612e-03,1.907023744165716600e-02,5.985286094121640421e-03
3.176288064265607794e-03,1.455905847326247103e-03,1.470392741831019626e-03,3.461212019480313165e-03,1.830891556446599677e-02,5.122218052984801873e-03
2.927013716585935999e-03,1.452657303179133268e-03,1.308700986818909237e-03,3.260320677480882303e-03,1.839939649757407411e-02,4.476919414486154811e-03
3.167447508471951927e-03,1.409169574272015188e-03,1.428446492883607725e-03,3.562847886859695987e-03,1.792453312299563048e-02,4.735063767090147771e-03
2.991827515918764595e-03,1.486812891102938733e-03,1.409132120185315265e-03,3.495136547019943481e-03,1.854052562859740544e-02,4.961936372734178716e-03
3.223016656851687180e-03,1.520318644403710184e-03,1.449809442649092981e-03,3.743745676186360522e-03,1.916529702822567308e-02,5.043568945515103721e-03
3.519318862146421541e-03,1.546993553141780406e-03,1.339533260178517142e-03,3.900931554391169533e-03,1.903298999382533122e-02,4.510900591171661082e-03
3.318920791626503441e-03,1.569203474067920254e-03,1.327210051552443195e-03,3.784616835141125721e-03,1.930458467047590707e-02,4.647768232558579203e-03
3.271022778994037410e-03,1.445486766263740560e-03,1.194248216167024569e-03,3.741575172293336738e-03,1.789083377208528294e-02,4.172980717902146329e-03
2.758548737699010375e-03,1.401484173206747055e-03,1.421712769537526472e-03,3.342565052416477007e-03,1.696540437201777066e-02,4.753522938997215529e-03
2.870836422533247414e-03,1.255564090435619309e-03,1.214072295248966836e-03,3.440101904343051062e-03,1.542763383399271479e-02,4.060980262362588744e-03
2.597580536666272127e-03,1.324350359234130253e-03,1.144568061974966496e-03,3.305780674408906675e-03,1.601718479407614193e-02,3.945233176852970883e-03
2.652132187892944012e-03,1.251275202265917817e-03,1.237392759084952150e-03,3.342164654658242879e-03,1.534503923885588428e-02,4.321832624510603231e-03
2.587079644986623513e-03,1.214851620838734670e-03,1.298701054608137652e-03,3.260001254162737949e-03,1.506042575667215083e-02,4.584207563271659215e-03
2.611715339701811949e-03,1.241044284539961429e-03,1.457862096766423740e-03,3.259451022258619008e-03,1.510554167825995178e-02,4.917081076410913416e-03
2.846838345213803263e-03,1.310338662110375292e-03,1.329272779319792992e-03,3.345875969198632265e-03,1.592366280690540870e-02,4.681808942900283869e-03
3.068270471381224964e-03,1.307108767285031269e-03,1.359389014922149147e-03,3.531407030625128163e-03,1.631495897961618424e-02,4.736919540246074464e-03
2.894013548777442293e-03,1.242766071090948199e-03,1.250462759956545104e-03,3.401340248612619733e-03,1.543255470531356734e-02,4.440515674290642333e-03
2.959343816976424141e-03,1.257039220710695323e-03,1.209992697377697051e-03,3.460093494174134362e-03,1.550608874645066984e-02,4.197510357770138818e-03
2.938223900727747820e-03,1.223311273809194431e-03,1.117172043982064345e-03,3.386907805602680684e-03,1.542338426357572900e-02,3.811422829709677773e-03
2.697972772149244153e-03,1.189092540841293726e-03,1.107476051184973611e-03,3.250741012984620457e-03,1.476931086468808753e-02,3.759829067975830816e-03
2.870286685534004668e-03,1.103477469221846551e-03,9.891197768728862260e-04,3.373282364659954159e-03,1.378959709048821307e-02,3.419768917013641784e-03
2.722834429079187910e-03,1.165842796697170308e-03,9.713245648529408686e-04,3.212421504591272004e-03,1.450004057102780193e-02,3.393893951877001089e-03
2.782524786151641810e-03,1.147925899199950120e-03,9.654653062072556099e-04,3.284776557905327073e-03,1.438592691507032534e-02,3.354724814625115528e-03
