1.030375648676786549e+00,8.329001220752811629e-02,3.059131697166803110e-01,9.930701376344287512e-01,1.005023767594002138e+00,1.006100308410596611e+00
5.657075093257238896e-01,1.449762482455576595e-01,1.963515568109676646e-01,5.829988144171687203e-01,1.803013497885846972e+00,6.344030831269314996e-01
5.550818443044583939e-01,8.374155193409983655e-02,1.436237870700459995e-01,5.857847830110080034e-01,1.026426939281575912e+00,4.437011193024779643e-01
5.404569727204696639e-01,8.398900152480938408e-02,1.416470769364958360e-01,5.742133947871354005e-01,1.019145667605003913e+00,4.326926495498351621e-01
5.366344006246391851e-01,8.457636137319254899e-02,1.398847863857616280e-01,5.711222115337950545e-01,1.016921206725549531e+00,4.283369372317505919e-01
2.562412675087269442e-01,7.301206634097921755e-02,1.219817612380456884e-01,2.459288967602071829e-01,8.399013805815930267e-01,4.098537253358697785e-01
5.944422810992123357e-02,2.337041590273823688e-02,3.013984489581931700e-02,6.530932411360455825e-02,2.904641911016019873e-01,1.166549690742251510e-01
2.625559478150471873e-02,1.185015372680541836e-02,2.031360039764521300e-02,2.671058047773776020e-02,1.592330669151207911e-01,8.051990720003414370e-02
1.912372614217986572e-02,9.059002863676066455e-03,1.183110609675212289e-02,1.874664556906864218e-02,1.112715713113441862e-01,4.242574873899637722e-02
1.210797897401651863e-02,7.425776528203486410e-03,7.947705819482614800e-03,1.176746819163818937e-02,8.919437675092529993e-02,2.780330834658552644e-02
7.402418492192558430e-03,4.905632696990528709e-03,6.426860408596545005e-03,7.624034717951487343e-03,5.997085413258786829e-02,2.133288629436001088e-02
4.907466001703065725e-03,4.038647589209179087e-03,4.895027724110215077e-03,5.030686936607764795e-03,5.038336104292687884e-02,1.631728441624249321e-02
5.041143228773352358e-03,3.914230263783343572e-03,5.526046758910600765e-03,5.439750292472794388e-03,5.025400508773245067e-02,1.801301675949873449e-02
4.703104915795058329e-03,3.114803195603456365e-03,4.966195817891554468e-03,5.153832601679200071e-03,4.037146740659790234e-02,1.725187810870842595e-02
5.851109578543981123e-03,2.818015102485298563e-03,4.756684761575750119e-03,6.031962393236874574e-03,3.519686713262590999e-02,1.632856600760593246e-02
3.048886761420750886e-03,1.728537873566696670e-03,2.493207013283716897e-03,3.106326615595338993e-03,2.200197063783167900e-02,8.245605729479370608e-03
3.082010036280519866e-03,1.487785675657747348e-03,2.030681839831848922e-03,3.216481205765217566e-03,1.899908258685768792e-02,6.979543168441474689e-03
3.095118857059211796e-03,1.334685136901931149e-03,1.785460373129584520e-03,3.203645916389882570e-03,1.645075845794697830e-02,5.999048791674954639e-03
2.179359693453577617e-03,1.197995904483507932e-03,1.500827902857242895e-03,2.242780436249848953e-03,1.518951185648488231e-02,5.294608954176176566e-03
2.758758229071894743e-03,1.589811590948191642e-03,1.682594095249886033e-03,2.820008230746050455e-03,2.016799272729037293e-02,5.979460148729508553e-03
2.488335156987800736e-03,1.470686116401414677e-03,1.641166082491559916e-03,2.603205902553064333e-03,1.921228114277801977e-02,5.819184205550739439e-03
2.871051393149217507e-03,1.431849433842707648e-03,1.576186697998303941e-03,2.954248686776094791e-03,1.777405787721812735e-02,5.487805481687087900e-03
2.834797337926402584e-03,1.269016304765216950e-03,1.591416250687382539e-03,2.873376509824187609e-03,1.598969006276142885e-02,5.579122736600018555e-03
2.460201116624204185e-03,1.035305350425987743e-03,1.416146672644108670e-03,2.535537689301768042e-03,1.468183388906321371e-02,4.869940072140803433e-03
2.249142093054962155e-03,1.094080388015432814e-03,1.464935768501082324e-03,2.509341311472536567e-03,1.596884661646727141e-02,4.959867471498683594e-03
2.203477466562424238e-03,1.076438356289705512e-03,1.362638199783611746e-03,2.404361133614666465e-03,1.518511802386243031e-02,4.804779326055727030e-03
2.142338263655988676e-03,1.007989273728957403e-03,1.497539966483836960e-03,2.298256162440765957e-03,1.363725045943263436e-02,5.120578252867425545e-03
2.048158040838249892e-03,1.006688289020560246e-03,1.324400412734612212e-03,2.087647807183523781e-03,1.332071372591083630e-02,4.497495809717129943e-03
1.984913138265096463e-03,9.188732814066389405e-04,1.491896981993268319e-03,2.033976592264707603e-03,1.259596110547471851e-02,4.971486008558114941e-03
1.765300967488369396e-03,8.154118230838987161e-04,1.173761110946510170e-03,1.873277485107136551e-03,1.136574215221104397e-02,3.990458292073339151e-03
1.722117197747243065e-03,7.111820818319951549e-04,1.356827129239730582e-03,1.915622016762605915e-03,1.066679432109904693e-02,4.655995278529178466e-03
1.816191817228222797e-03,6.640347318531468566e-04,1.232494890070194192e-03,1.993171356158447531e-03,9.648757150952549932e-03,4.244019093860928495e-03
1.788864409522073406e-03,6.327531723338607281e-04,1.128553704720996640e-03,1.895185070893461859e-03,8.709548206867898795e-03,3.821386184415811581e-03
1.907414170642884660e-03,5.802427815884337496e-04,1.004203169827636933e-03,2.020111637706329798e-03,8.467290008191239933e-03,3.442393902065415175e-03
1.855337458007840510e-03,5.993392322537027632e-04,1.131839865772792369e-03,2.004309240410733980e-03,8.271632885009811212e-03,3.947698446772370320e-03
1.722874298263535288e-03,5.737750527887220710e-04,1.048020048262788282e-03,1.809128695623491009e-03,7.366677689391230160e-03,3.743693567731176067e-03
1.746100582267184984e-03,5.445568750391779119e-04,9.075622681296032597e-04,1.789942651718401780e-03,6.672798861765608276e-03,3.230159658879182358e-03
1.454758527876567984e-03,4.152935657082672954e-04,8.715955604799973397e-04,1.477466682100178402e-03,5.168726676100906386e-03,3.069146958215952358e-03
1.446373897522263688e-03,4.239582324853553982e-04,8.660660882906601275e-04,1.501376834496819966e-03,5.450270728017054742e-03,3.132647723800941180e-03
1.191657849570508607e-03,4.218347796698599240e-04,8.519016156021461507e-04,1.214177083529960604e-03,5.402701392905677816e-03,3.050452980100570519e-03
1.171896155151780708e-03,4.165080291032870587e-04,7.651158685416119178e-04,1.180988845711099461e-03,5.395602436821919992e-03,2.753407465976500691e-03
1.088687489585079366e-03,4.929079542881812477e-04,7.511275155534069114e-04,1.115315739789430423e-03,6.473183186482828720e-03,2.786511528147883263e-03
1.128685899257213980e-03,5.219348998629718371e-04,7.532151680579964514e-04,1.135743252964367591e-03,6.497228510629058859e-03,2.809183791146752096e-03
1.065703811376742579e-03,5.541523869235884681e-04,7.698838533649785768e-04,1.068104818436816207e-03,6.941009454088322220e-03,2.826418492214944397e-03
1.058943944751056156e-03,5.188939941618050510e-04,7.735042572816455859e-04,1.068294867407334559e-03,6.884534878917709759e-03,2.832846447351763247e-03
1.003207835816239670e-03,5.538812387243146132e-04,6.909469414712201109e-04,1.005794929630847521e-03,7.273722093691593372e-03,2.616802426587639015e-03
1.012239655727304550e-03,5.700839848673845689e-04,6.575322534069687544e-04,1.016446414215727966e-03,7.232871997972525023e-03,2.399001589923616031e-03
9.873113540146160640e-04,5.961295688129662762e-04,7.690775536082068665e-04,9.737541143874894585e-04,7.450073087893939287e-03,2.841520198836249705e-03
1.044459088755186112e-03,6.374486344172177474e-04,8.314844987356529923e-04,1.035388268485514353e-03,7.876854148321638799e-03,3.036819500065832990e-03
9.908586897224706033e-04,6.560386507199332962e-04,8.642202410371240331e-04,9.982968088795632355e-04,8.050372629984670417e-03,3.276909995179824123e-03
1.030420378683172917e-03,6.140756628387809921e-04,9.137317694385842281e-04,1.047653103029621028e-03,7.607242643212870289e-03,3.445698237965098224e-03
9.778119711391192962e-04,6.332514084763339601e-04,8.579940390361054554e-04,9.768618837446706345e-04,7.817804219000088276e-03,3.079489867051718108e-03
1.032457677841500457e-03,6.614579158177137175e-04,7.820325441797038989e-04,1.062325815636401116e-03,8.153928866045226376e-03,2.794317638553731314e-03
9.910432041688370473e-04,6.128562648478433654e-04,8.137946446990675228e-04,1.003634130355521292e-03,7.863943005307429818e-03,2.992270974251204450e-03
1.045202953414398278e-03,6.086962984358106109e-04,7.445331627581827129e-04,1.063459285158273185e-03,7.666404403571342938e-03,2.754690127487599213e-03
9.188025314029660403e-04,6.062466872729838129e-04,7.633498704640832725e-04,9.259087950540139701e-04,7.558372696213538910e-03,2.828726826887394217e-03
8.936963955686065466e-04,6.269690256094678955e-04,6.960115826869213516e-04,8.973689501901604450e-04,7.837195353373991452e-03,2.526556539304383817e-03
8.866209988070952643e-04,6.567775188799816147e-04,6.750119993268615965e-04,9.037795596254769893e-04,8.139969770336182367e-03,2.438571249238759026e-03
9.253089833099600522e-04,5.936038138706796734e-04,7.117114234812652084e-04,9.411966444489274289e-04,7.392178078505793996e-03,2.577432166250008712e-03
8.217221478758934871e-04,5.549656347109515860e-04,6.480289061214330234e-04,8.211372223612989655e-04,6.905952036137245030e-03,2.313847958785330162e-03
7.463586729251589806e-04,5.064689771535392255e-04,6.576956266459137862e-04,7.577224878967841245e-04,6.254730657535415017e-03,2.396779344123456650e-03
7.298899981988056810e-04,4.913882694776253732e-04,6.401318263319427052e-04,7.408753206617535491e-04,6.104503677832167838e-03,2.337225689911745855e-03
7.181760715576281529e-04,5.036969696821473868e-04,6.462531559085114233e-04,7.233967929367086545e-04,6.139994223227272785e-03,2.359209061830359541e-03
7.258604136264647233e-04,4.976697129280292830e-04,6.780640352966046469e-04,7.331708968345834873e-04,6.072818491028015783e-03,2.514238574923134076e-03
7.072545297074970920e-04,5.176271684230700828e-04,6.251211426263777972e-04,7.325015907819084054e-04,6.258926053477792233e-03,2.248531465356962394e-03
7.314063912008942530e-04,5.169410658605757105e-04,7.278918526201229831e-04,7.509054788336979062e-04,6.286563225447319020e-03,2.608621547504289939e-03
8.073178571060247131e-04,5.340761121155554198e-04,6.998524256992691775e-04,8.234322696677317480e-04,6.679191209893547976e-03,2.463538668863906028e-03
8.395495765365868987e-04,5.064855323236167051e-04,6.823532778263395344e-04,8.560280085368468994e-04,6.286592726956896290e-03,2.423563689770168606e-03
9.016720394646224974e-04,5.083553320899379538e-04,7.536877209782702047e-04,9.209694177098644166e-04,6.291964404684219012e-03,2.676239996903246980e-03
8.438271935419873514e-04,4.986109879156295360e-04,7.751958084180405250e-04,8.697727068489075238e-04,6.302227697695738512e-03,2.752037352777949794e-03
8.528393423197986852e-04,4.917592183120745057e-04,7.726239254234578682e-04,8.820341904707859181e-04,6.172282304164685915e-03,2.735262074371889746e-03
7.834017439690103965e-04,4.549249809712636351e-04,7.376074919889124334e-04,8.070481156034252585e-04,5.777993925938099129e-03,2.585875160534624722e-03
8.071624829406965967e-04,4.687833350039788361e-04,7.554415082144341114e-04,8.320809279785482951e-04,5.817885888520043201e-03,2.611010346000904991e-03
8.305886550366764270e-04,5.090874719537718260e-04,7.128343263094946963e-04,8.583561075616885118e-04,6.210407314041124088e-03,2.458850445096069648e-03
7.525875677850171188e-04,5.015465092481733193e-04,7.071863984076642287e-04,7.903012527531126912e-04,6.009570718404207319e-03,2.434667201417950629e-03
7.376473799975106918e-04,4.715214162920874723e-04,6.853520533951100229e-04,7.795360254766463444e-04,5.770068612627446761e-03,2.324427865838789124e-03
7.124763334381046826e-04,4.404303487045423018e-04,6.799049259663940024e-04,7.403721729934745720e-04,5.454951277745318482e-03,2.308505570634861604e-03
7.187269771465398327e-04,4.139333188118363149e-04,6.655947821611878524e-04,7.434831769244573674e-04,5.129053277443426477e-03,2.235102475230691266e-03
7.304643936249534918e-04,4.362349545466931238e-04,6.665797813093244642e-04,7.686222717987045835e-04,5.541211496606639371e-03,2.260175615426472055e-03
7.278124400861399378e-04,4.454565224156444882e-04,6.738466617704064578e-04,7.552864103971402947e-04,5.712335028899698415e-03,2.271128437818234220e-03
7.149352406803033627e-04,4.061310505821387430e-04,7.015825458687656273e-04,7.355165904632533476e-04,5.189648503412508558e-03,2.368737495869198233e-03
7.192491657818730769e-04,3.899766775947561236e-04,6.866052911323353245e-04,7.412076857255114415e-04,5.057733569275156549e-03,2.369592019820484889e-03
7.010529715583319098e-04,3.629811218945101239e-04,6.264356795246805044e-04,7.374146824334223103e-04,4.500157804416302955e-03,2.108752137235217743e-03
6.931561924928368850e-04,3.621304516566042106e-04,6.030362069342105891e-04,7.261063254332467739e-04,4.538478989727337716e-03,2.083188729610571319e-03
6.929398895496518759e-04,3.568137341963530606e-04,6.110908780458017622e-04,7.366890575002844888e-04,4.500882677189883482e-03,2.063410359878865754e-03
6.518341456150285058e-04,3.531310192506140872e-04,6.155221613268901807e-04,6.709591642751289251e-04,4.506451462497518441e-03,2.053211058547619976e-03
6.203464055076446338e-04,3.651922387549478015e-04,6.311037633496809291e-04,6.325284264106334053e-04,4.678608330425939980e-03,2.119347205890791119e-03
6.313691617956196595e-04,3.581991504343536850e-04,6.410856368800749421e-04,6.513389964488195110e-04,4.518546312506097409e-03,2.145997389856693985e-03
6.241034138507458662e-04,3.804761456724602945e-04,6.316432964822022702e-04,6.514476315154160094e-04,4.804114864086493283e-03,2.149896267794934764e-03
5.888392296274178473e-04,3.574763384865004023e-04,6.232524317901839321e-04,6.103949661212876776e-04,4.558495887134713861e-03,2.100146710745222876e-03
5.755707151406220341e-04,3.631162867835936964e-04,6.043575203188710247e-04,5.875020202505535673e-04,4.587390228240541268e-03,2.041921972000367274e-03
5.538273165955383140e-04,3.386115188113144399e-04,6.194653320396483051e-04,5.548519764454552848e-04,4.335176155592672040e-03,2.114195491715481403e-03
5.601836164663243989e-04,3.351637817559110664e-04,6.270829913559018264e-04,5.666903317733894795e-04,4.268924225796966523e-03,2.138739307383812158e-03
