1.093739735247641454e+00,3.795323528732620355e-01,5.098670367410559345e-01,1.027410812191444478e+00,4.276024165328474957e+00,1.453156092177501968e+00
6.134772840573569086e-01,9.100291562967345593e-02,1.460414101542461263e-01,6.067298406728243165e-01,1.092066417664601108e+00,4.360624037251556451e-01
6.033886447980184586e-01,9.336042256795212824e-02,1.545080946304308589e-01,5.899811930446049457e-01,1.122542265235548342e+00,4.489059045062158693e-01
4.915618405254204015e-01,8.932539119978394337e-02,1.363407481647788688e-01,5.085069229340561936e-01,1.313568072465553849e+00,3.974295559880537398e-01
4.316264416633560086e-01,9.259205906636498729e-02,1.413006969069107999e-01,4.948464110402958638e-01,1.338067519197994937e+00,4.056764042426848071e-01
8.486558335196033032e-02,3.476227225767998530e-02,6.034083057988381960e-02,8.536209185172927150e-02,4.677455461743866283e-01,1.849366278420082332e-01
2.812351670322737335e-02,8.854586328391178193e-03,9.288259382629063948e-03,3.028878705186828502e-02,1.109088696560650150e-01,3.009781394118240042e-02
1.392795176208100165e-02,5.381054501000275686e-03,7.469117694393330974e-03,1.391890994742270987e-02,7.304124024769080570e-02,2.368049022395644562e-02
1.030341693273719231e-02,4.719856288531713850e-03,5.711864832988034976e-03,1.041845016153970273e-02,5.946186312663603868e-02,1.718301232788976146e-02
5.011463322601193877e-03,2.578313181135946999e-03,3.885400805499248256e-03,4.989200574825528381e-03,3.191603385628216660e-02,1.200558943500592071e-02
3.327732430379227828e-03,1.770639739409150511e-03,2.894977767267432715e-03,3.357785226824801846e-03,2.341012892012612340e-02,8.952450535751048377e-03
2.468967644478220654e-03,1.450625504998965913e-03,1.806584483922451991e-03,2.536073318246657125e-03,2.029876374877470288e-02,5.761171604050425825e-03
1.743087336167777794e-03,1.058272711847485547e-03,1.353405807896659310e-03,1.868678579525532082e-03,1.626632863365809478e-02,4.481819975257293927e-03
1.664964892361909740e-03,8.527593755969980821e-04,1.166489005452202646e-03,1.709898392155510382e-03,1.520399638016959633e-02,4.355567319451279958e-03
1.207579905113681561e-03,7.859945380900075929e-04,9.867415047935790794e-04,1.211177340866072694e-03,1.164520782793402980e-02,3.403667733483667010e-03
1.085508757449483780e-03,6.145410489458256065e-04,9.308363616115778024e-04,1.148608543996394987e-03,9.224447442026870170e-03,3.249693345331061602e-03
1.033028398578211739e-03,6.216372503712833553e-04,8.105618845444251264e-04,1.057808912876217035e-03,8.729346219281711519e-03,2.773278334548040860e-03
1.086541491119871229e-03,5.855873432705425681e-04,7.903211368708495856e-04,1.058157230362759141e-03,8.358714100616374335e-03,2.586765540196332095e-03
9.447423820537858945e-04,5.499180195869492931e-04,6.435480166044871796e-04,9.215780924578773374e-04,7.375385852658705721e-03,2.145298768579109554e-03
8.821136231921633628e-04,5.260455966127697627e-04,6.055884560916002541e-04,9.327107320203039710e-04,7.371072419942545362e-03,1.964397538915588475e-03
7.537276890430344781e-04,4.644176235250361911e-04,5.028799022632867832e-04,8.084106039673160131e-04,6.316349836857935995e-03,1.604669091909969409e-03
8.541773295398946307e-04,5.031030008979131161e-04,5.209152206659095315e-04,8.361447645456049219e-04,6.463900022389992492e-03,1.699080099113010282e-03
7.653412617563349262e-04,4.936336562249922554e-04,5.709293199887099761e-04,7.138205401804172080e-04,6.328614695176899320e-03,1.914001562162288969e-03
7.559589142314504604e-04,4.749626517394632303e-04,5.353248143244404523e-04,7.296705301916365507e-04,6.138572134116538313e-03,1.819093980315403866e-03
7.163081489501788241e-04,4.966035845885636213e-04,4.855834323321073318e-04,7.144513701376535532e-04,6.388107425498335858e-03,1.701491827420972954e-03
6.523979225493315055e-04,4.687095376702403492e-04,4.855930442613542769e-04,6.670413998668103979e-04,6.101380799117781494e-03,1.652534929559321217e-03
6.942268480505997324e-04,4.478715013145204084e-04,4.904310042164705371e-04,7.032567560460495273e-04,5.765229411380153220e-03,1.688822266976535910e-03
5.695662095906761689e-04,3.883449516035947452e-04,4.963332155901733784e-04,6.212555462751787657e-04,5.039981548823661665e-03,1.587566812347520956e-03
5.555266372373546604e-04,3.853356670079241498e-04,4.738315668303794245e-04,5.948410344785450520e-04,4.765670710281693333e-03,1.546056024003423677e-03
4.212696207629773658e-04,3.028331630865465653e-04,4.219951958216583551e-04,4.633758161660459082e-04,3.955103900892499233e-03,1.397801811985629290e-03
4.532091399991211730e-04,3.046240083087896127e-04,4.230586508926514910e-04,4.592170083091385788e-04,3.822381065066741621e-03,1.376819924613699887e-03
4.776869960746788000e-04,3.306658444966741484e-04,4.172226077736529361e-04,4.558346493309927425e-04,4.098820561783535904e-03,1.364486092684692861e-03
4.343052070368502932e-04,3.249660307093165377e-04,3.825252327803996526e-04,4.369569745046965651e-04,4.116452713446353689e-03,1.201025540225760489e-03
3.957618401261820090e-04,3.360296275750793106e-04,3.883277200048296262e-04,4.059592146474420263e-04,4.278659642949182371e-03,1.215799803846070483e-03
4.027056398999062843e-04,3.227190236720485993e-04,3.597001720382108953e-04,3.982519597553542574e-04,4.111063145145643638e-03,1.130220303840737215e-03
3.586963352593908151e-04,3.015468663787855292e-04,3.459437511546226379e-04,3.738785783756687700e-04,3.837707094068278438e-03,1.078132731561335473e-03
3.878619576844444207e-04,2.995270329082138673e-04,3.252360626583938961e-04,3.829812587949285325e-04,3.748578707128624992e-03,1.023719082073449790e-03
3.843243630190695728e-04,2.845766973905279021e-04,3.044247045171499929e-04,3.643192247270592740e-04,3.512342040058251316e-03,9.786072694549471148e-04
4.015017857926872296e-04,2.996416001686450468e-04,2.985779497126872474e-04,3.797102929686701654e-04,3.700151942052973871e-03,9.708926298071310357e-04
3.802417796774071302e-04,2.848529955492971237e-04,2.820016402298430847e-04,3.555473954337926468e-04,3.457468424746543926e-03,9.130382115180606844e-04
3.604900378477993161e-04,2.504308514984159386e-04,2.617007142579242003e-04,3.331594088915565454e-04,2.999156701321841530e-03,8.578609813216655318e-04
3.325720168920775805e-04,2.294252438349091117e-04,2.635144385906418437e-04,3.242993935807589193e-04,2.890261094357034211e-03,8.447736558717002095e-04
3.025441096340009020e-04,2.187427228369493272e-04,2.611569852931805587e-04,2.886145346338271980e-04,2.737584200772149277e-03,8.227397082524456895e-04
2.583594467835592570e-04,2.045774066334110554e-04,2.503098389524638606e-04,2.521589542463732649e-04,2.561764959669587949e-03,7.928565328759575384e-04
2.874990731421489466e-04,2.160370974923126494e-04,2.453543087858378645e-04,2.789482509362569622e-04,2.634805118835363471e-03,7.965528234336079335e-04
2.983014056849164894e-04,2.103945846945617882e-04,2.385601581726415354e-04,2.878833716746561212e-04,2.573926300038133913e-03,7.684052484473933003e-04
2.809953086188265959e-04,1.938348339330742489e-04,2.373955731294785545e-04,2.749499541525300705e-04,2.360453672989224448e-03,7.684026039340260050e-04
2.844032106241523093e-04,1.946419232631559863e-04,2.344436376537739717e-04,2.886223867012379686e-04,2.368811037749683768e-03,7.697960367720744265e-04
2.430461437417175206e-04,1.726397403757550734e-04,2.244961451631444173e-04,2.456358792975658727e-04,2.185613964498091949e-03,7.194404243674415878e-04
2.251651981349744815e-04,1.635196200607651207e-04,2.260173060593351170e-04,2.215607867878917141e-04,2.109108099435470438e-03,7.228350438853475184e-04
2.164767528536637475e-04,1.538290693510386046e-04,2.109077465306141599e-04,2.178862049681764450e-04,1.995658159145789843e-03,6.748555930822062055e-04
2.386300815653974320e-04,1.553645663049400740e-04,2.091162972904037152e-04,2.307143130946282949e-04,1.998270509533433149e-03,6.574390964876258370e-04
2.156316698703186752e-04,1.445844544696753904e-04,2.043407440745259639e-04,2.145847380359549997e-04,1.952992033775040022e-03,6.343327578019738794e-04
1.955766754837517908e-04,1.413719026964374548e-04,1.929958134240672299e-04,2.028339208768338271e-04,1.910671748846736210e-03,6.066898391287061819e-04
1.996482050595116311e-04,1.405590917613970992e-04,1.862459951419081984e-04,2.027950881319501688e-04,1.875663103041502701e-03,5.771573754515115862e-04
1.966387503155153768e-04,1.302310776620003053e-04,1.805963434241475353e-04,2.025685912643515553e-04,1.735016820817463293e-03,5.640716913997296513e-04
1.732808379146322318e-04,1.240840607314291628e-04,1.809291856118722011e-04,1.836447612929366282e-04,1.656946534866178327e-03,5.778150623835304938e-04
1.822482722190710226e-04,1.292587142762575134e-04,1.693495812897771713e-04,1.914820315686291744e-04,1.720127470217773036e-03,5.470286292589551314e-04
1.861581121670241655e-04,1.244376351948456706e-04,1.757167688342209475e-04,1.869866711224863756e-04,1.725618341734297704e-03,5.648814416293480422e-04
1.804410528770949984e-04,1.285464068645233537e-04,1.531806288080384015e-04,1.859285958079717521e-04,1.691177426611483858e-03,5.180757780274531212e-04
1.894411772527926482e-04,1.316565681032802536e-04,1.517048984941782384e-04,1.898964924959359866e-04,1.694481168248015632e-03,5.055215368553276495e-04
1.833303574764422140e-04,1.380032799931084917e-04,1.467744310645158299e-04,1.825635878273824801e-04,1.797735109212681391e-03,4.901303931757499581e-04
1.600771314142657056e-04,1.357917007850459746e-04,1.480843561775402209e-04,1.658090718031500390e-04,1.787102280150013696e-03,4.900914974569782869e-04
1.638773232852852504e-04,1.341392547076692332e-04,1.368707486131648485e-04,1.628864764608997315e-04,1.785615631173164027e-03,4.661523483514920258e-04
1.652530411835317892e-04,1.354438290630943917e-04,1.373319950067086758e-04,1.575583662931015071e-04,1.764465607057558736e-03,4.846131214181622032e-04
1.438049460211610195e-04,1.366178334538314324e-04,1.379424396141204446e-04,1.477256640648954384e-04,1.755856309201302232e-03,4.758133057729596388e-04
1.468620918909635520e-04,1.297241095113876223e-04,1.353907707599333245e-04,1.529259479589680946e-04,1.652961707392314314e-03,4.784667340212931112e-04
1.408045796417545324e-04,1.345697808360794346e-04,1.414077126557633643e-04,1.478846306419138621e-04,1.681509070804065604e-03,5.062766541687594747e-04
1.437202984621477233e-04,1.333648814737963722e-04,1.340070533352355400e-04,1.426539457190685860e-04,1.710255900515094719e-03,4.823127611784383539e-04
1.419189907011342397e-04,1.244924515198833853e-04,1.289643457533129370e-04,1.418165416949799542e-04,1.592529696282269551e-03,4.553794580414245101e-04
1.385822369869471517e-04,1.269888915601332269e-04,1.326285293391882367e-04,1.340342378700969085e-04,1.620298260396635078e-03,4.491461430519129655e-04
1.407372571767717586e-04,1.317808342447020892e-04,1.296863589804986251e-04,1.352091003693055445e-04,1.708040021850596715e-03,4.322851595462007669e-04
1.429567763379579950e-04,1.276903407036135613e-04,1.262124511832396446e-04,1.329773397451745908e-04,1.665696429327238187e-03,4.202271373478263226e-04
1.557571185360873242e-04,1.298468184521453885e-04,1.291383629007958355e-04,1.416052454584996328e-04,1.689468038833673432e-03,4.303559580777532498e-04
1.515228001376456377e-04,1.211316942965535884e-04,1.227342204886960886e-04,1.412786540605422429e-04,1.554093688210008394e-03,4.084292793753183733e-04
1.318352004874079396e-04,1.294333122708872953e-04,1.451212346094610175e-04,1.294042348855824296e-04,1.702501558790843385e-03,4.645682057061717701e-04
1.334862809082515368e-04,1.181300208300201451e-04,1.279098585489979521e-04,1.257047747754142094e-04,1.534122331124851239e-03,4.033906749916294832e-04
1.300324896487470359e-04,1.207654401987656088e-04,1.324572109205224171e-04,1.244378378172517475e-04,1.546512525036621922e-03,4.200455809022099279e-04
1.375401842769508097e-04,1.215837336242413979e-04,1.230429314369974015e-04,1.277656085467423835e-04,1.555079160354190439e-03,4.092632548282671996e-04
1.336913933771277652e-04,1.225928545227174325e-04,1.214936225063922832e-04,1.300434802853877019e-04,1.583687105165370842e-03,4.057763691448624090e-04
1.360542063171677049e-04,1.224626152479525948e-04,1.199304450080529482e-04,1.319945831237608362e-04,1.579450289393615446e-03,3.956098277069566849e-04
1.345997672396170841e-04,1.186586723325860226e-04,1.145563577959729496e-04,1.276133265634153604e-04,1.540294699808605373e-03,3.802997323692672402e-04
1.307712572665253967e-04,1.138554111355143052e-04,1.130737578488316697e-04,1.294415465496171109e-04,1.503151734568681803e-03,3.848689568352614836e-04
1.232126150931411738e-04,1.106391649753897224e-04,1.141441301347467796e-04,1.191710630726076171e-04,1.434264738485631569e-03,3.783719486360216915e-04
1.193108135681819609e-04,1.057461812719119642e-04,1.170377950544954088e-04,1.159770377510261187e-04,1.374327310005721888e-03,3.955787649676707502e-04
1.199718745844313727e-04,1.017968037015569790e-04,1.126681475679125466e-04,1.143834894116780464e-04,1.343473936195076083e-03,3.794696807745043233e-04
1.127296892672446910e-04,9.811751248716697098e-05,1.029264636489868356e-04,1.102435998699692984e-04,1.291077105968141230e-03,3.543635415629233670e-04
1.098595663457302478e-04,9.847168956151289710e-05,1.014595083593472448e-04,1.067578344981358573e-04,1.298058913254188356e-03,3.451695862946698649e-04
1.003802643065132512e-04,9.228623423553483499e-05,1.013587658301562362e-04,9.746747325458154020e-05,1.236490585084800298e-03,3.527016213144187201e-04
1.046975400076710703e-04,9.026953029231292241e-05,9.946563879139724406e-05,9.967601164861505502e-05,1.217253129479123992e-03,3.535161140453659326e-04
1.020863382942660519e-04,9.159814296842556350e-05,9.315407021993183474e-05,9.652952194329348691e-05,1.224006451618362421e-03,3.426755559104172218e-04
1.011349502232949981e-04,9.167152623676261811e-05,9.421057547660204826e-05,9.656764314557756497e-05,1.242815723897948942e-03,3.411996776594319707e-04
1.021581181470188000e-04,9.197158603166888868e-05,9.290376140430156148e-05,9.949679156758686554e-05,1.233270979170749976e-03,3.306125287372781748e-04
9.939612471838387656e-05,9.027013933305215031e-05,9.635150700059601963e-05,9.636181134597158950e-05,1.212568981098869269e-03,3.433585933313523537e-04
1.024435350849939270e-04,9.471526780123218922e-05,9.490837402758800175e-05,9.822953334523200364e-05,1.256369407512008748e-03,3.367606480041840790e-04
9.629045844773309224e-05,9.119658985469029130e-05,9.070785473966447407e-05,9.206392831052418379e-05,1.206087535361641087e-03,3.222155051681880331e-04
9.057363588475308492e-05,9.295871273816133705e-05,9.760462901353016878e-05,8.660063023771676863e-05,1.228226863173135629e-03,3.414269541401013805e-04
8.890618908086955167e-05,9.012928942967299479e-05,9.091643940671412076e-05,8.503437734648267325e-05,1.189969641207555507e-03,3.198223360357045674e-04
8.460862079856857113e-05,8.933756262828504132e-05,9.036226084405241219e-05,8.420388557283798160e-05,1.179756756997929089e-03,3.128209812839671724e-04
8.599074752781655161e-05,8.819132263142356735e-05,8.265526723050920605e-05,8.621862339831973482e-05,1.158386186081423455e-03,3.003319199027691200e-04
8.986658737969999687e-05,8.837207371670546959e-05,8.386222510627372722e-05,9.008416860228520950e-05,1.195478498999464180e-03,3.072684771222850128e-04
9.069087101049810265e-05,8.516001067878545651e-05,8.492755210912195205e-05,9.366892940610308861e-05,1.154569375867264868e-03,3.113164881385105279e-04
9.460247345384531546e-05,8.937222516872539164e-05,8.791097570388096125e-05,9.597073816574672590e-05,1.201926938116170763e-03,3.181678688009451452e-04
9.158089549620939914e-05,8.384557095761871633e-05,8.250689928704702295e-05,9.271232902172040760e-05,1.147332531231070674e-03,2.970365324018649786e-04
9.608665487817913842e-05,8.266321289262065124e-05,8.258882043160275751e-05,9.464797520654586447e-05,1.142173717869733509e-03,2.963624608657733253e-04
