1.166584014892578125e+01
1.123169898986816406e+01
1.068961429595947266e+01
1.006856346130371094e+01
9.397985458374023438e+00
8.706556320190429688e+00
8.021494865417480469e+00
7.373123168945312500e+00
6.797173500061035156e+00
6.312826156616210938e+00
5.909824848175048828e+00
5.551662445068359375e+00
5.193397045135498047e+00
4.804512023925781250e+00
4.395316123962402344e+00
4.005290508270263672e+00
3.703717470169067383e+00
3.498409986495971680e+00
3.313975572586059570e+00
3.173999309539794922e+00
3.097770214080810547e+00
3.043036699295043945e+00
2.977316856384277344e+00
2.885845422744750977e+00
2.788182497024536133e+00
2.731230974197387695e+00
2.734428405761718750e+00
2.749644279479980469e+00
2.738624095916748047e+00
2.704204559326171875e+00
2.684271097183227539e+00
2.682692527770996094e+00
2.685710906982421875e+00
2.666690826416015625e+00
2.643205165863037109e+00
2.628103733062744141e+00
2.625139951705932617e+00
2.615882158279418945e+00
2.600531578063964844e+00
2.584821701049804688e+00
2.570883274078369141e+00
2.553226470947265625e+00
2.527829647064208984e+00
2.500106334686279297e+00
2.472750902175903320e+00
2.443194866180419922e+00
2.404468536376953125e+00
2.356750011444091797e+00
2.305560588836669922e+00
2.260940551757812500e+00
2.223742485046386719e+00
2.187161684036254883e+00
2.153498649597167969e+00
2.125632286071777344e+00
2.098439693450927734e+00
2.072441339492797852e+00
2.047845363616943359e+00
2.018032312393188477e+00
1.988369107246398926e+00
1.964174866676330566e+00
1.941784739494323730e+00
1.922615528106689453e+00
1.901489019393920898e+00
1.875494122505187988e+00
1.846544146537780762e+00
1.816130280494689941e+00
1.789230227470397949e+00
1.766148090362548828e+00
1.745739698410034180e+00
1.726747393608093262e+00
1.708210349082946777e+00
1.691836833953857422e+00
1.674532175064086914e+00
1.653812646865844727e+00
1.632899403572082520e+00
1.616599202156066895e+00
1.604604244232177734e+00
1.594751954078674316e+00
1.583054304122924805e+00
1.565298557281494141e+00
1.546518921852111816e+00
1.533867239952087402e+00
1.526941299438476562e+00
1.517375826835632324e+00
1.502304077148437500e+00
1.489693403244018555e+00
1.480683207511901855e+00
1.467427968978881836e+00
1.451917529106140137e+00
1.438295006752014160e+00
1.421420693397521973e+00
1.400691151618957520e+00
1.379393100738525391e+00
1.353409290313720703e+00
1.323496341705322266e+00
1.291898488998413086e+00
1.255555272102355957e+00
1.215118288993835449e+00
1.168824911117553711e+00
1.115510582923889160e+00
1.056674242019653320e+00
9.912272691726684570e-01
9.202615618705749512e-01
8.446507453918457031e-01
7.683051824569702148e-01
6.933726668357849121e-01
6.216917037963867188e-01
5.554798841476440430e-01
4.959889054298400879e-01
4.423262476921081543e-01
3.939003944396972656e-01
3.514707684516906738e-01
3.160899281501770020e-01
2.861907482147216797e-01
2.672778367996215820e-01
2.741467356681823730e-01
3.417944312095642090e-01
3.476788401603698730e-01
2.183610498905181885e-01
2.799372673034667969e-01
2.207967936992645264e-01
2.034375965595245361e-01
1.981971859931945801e-01
1.662981510162353516e-01
1.643793135881423950e-01
1.406444609165191650e-01
1.346822082996368408e-01
1.194469854235649109e-01
1.164584457874298096e-01
1.027205884456634521e-01
1.012662053108215332e-01
9.108591079711914062e-02
8.797898888587951660e-02
8.253459632396697998e-02
7.527038455009460449e-02
7.348471879959106445e-02
6.536714732646942139e-02
6.365596503019332886e-02
5.749998241662979126e-02
5.562879517674446106e-02
5.316558852791786194e-02
4.872471466660499573e-02
5.020848661661148071e-02
4.511035233736038208e-02
4.623837023973464966e-02
4.197683185338973999e-02
4.312003403902053833e-02
3.937099128961563110e-02
3.990480676293373108e-02
3.644906729459762573e-02
3.678970783948898315e-02
3.475412726402282715e-02
3.375717625021934509e-02
3.332196176052093506e-02
3.130673617124557495e-02
3.152241557836532593e-02
3.018417581915855408e-02
2.956348285079002380e-02
2.897589281201362610e-02
2.803143113851547241e-02
2.731554210186004639e-02
2.690313011407852173e-02
2.609568834304809570e-02
2.579377964138984680e-02
2.525055781006813049e-02
2.469386532902717590e-02
2.450426481664180756e-02
2.390279620885848999e-02
2.369955554604530334e-02
2.319978177547454834e-02
2.296127006411552429e-02
2.245879918336868286e-02
2.235766872763633728e-02
2.187995612621307373e-02
2.168096415698528290e-02
2.152270451188087463e-02
2.140611782670021057e-02
2.163356170058250427e-02
2.237122878432273865e-02
2.413086220622062683e-02
2.753818221390247345e-02
3.302244096994400024e-02
3.806628659367561340e-02
3.735000267624855042e-02
2.802918478846549988e-02
1.948515139520168304e-02
2.076098509132862091e-02
2.703252993524074554e-02
2.745909616351127625e-02
2.107755094766616821e-02
1.788029447197914124e-02
2.137592434883117676e-02
2.378230541944503784e-02
2.075654082000255585e-02
1.739507913589477539e-02
1.881213858723640442e-02
2.150124311447143555e-02
2.049002796411514282e-02
1.851529628038406372e-02
1.965273544192314148e-02
1.614855974912643433e-02
1.577948033809661865e-02
1.572470366954803467e-02
1.568172872066497803e-02
1.565443538129329681e-02
1.561581529676914215e-02
1.549456827342510223e-02
1.530014537274837494e-02
1.512978784739971161e-02
1.481262221932411194e-02
1.456393394619226456e-02
1.427523978054523468e-02
1.377785764634609222e-02
1.363981794565916061e-02
1.275079324841499329e-02
1.240116730332374573e-02
1.163088809698820114e-02
1.065480988472700119e-02
1.035448722541332245e-02
9.891394525766372681e-03
9.613283909857273102e-03
9.156812913715839386e-03
8.710121735930442810e-03
8.344390429556369781e-03
8.145307190716266632e-03
7.801453117281198502e-03
7.632951252162456512e-03
7.298872806131839752e-03
7.030641194432973862e-03
6.826049648225307465e-03
6.670705974102020264e-03
6.506106350570917130e-03
6.291571073234081268e-03
6.112197414040565491e-03
5.942287854850292206e-03
5.829923320561647415e-03
5.677512846887111664e-03
5.487971939146518707e-03
5.308613181114196777e-03
5.183695349842309952e-03
5.007408093661069870e-03
4.812913481146097183e-03
4.590045660734176636e-03
4.440223798155784607e-03
4.356396850198507309e-03
4.275671206414699554e-03
4.171153064817190170e-03
4.036379978060722351e-03
3.824758343398571014e-03
3.717835061252117157e-03
3.597281174734234810e-03
3.536250675097107887e-03
3.466782625764608383e-03
3.359248396009206772e-03
3.230839269235730171e-03
3.140343120321631432e-03
3.052568528801202774e-03
2.947482978925108910e-03
2.834997139871120453e-03
2.762102056294679642e-03
2.697120886296033859e-03
2.632563468068838120e-03
2.563128015026450157e-03
2.521427348256111145e-03
2.478289417922496796e-03
2.427560044452548027e-03
2.359820064157247543e-03
2.292685676366090775e-03
2.204627264291048050e-03
2.152842935174703598e-03
2.091153990477323532e-03
2.025021705776453018e-03
1.995206577703356743e-03
1.926604658365249634e-03
1.898659858852624893e-03
1.865018391981720924e-03
1.834110124036669731e-03
1.794212032109498978e-03
1.754380529746413231e-03
1.722065615467727184e-03
1.699351356364786625e-03
1.664882409386336803e-03
1.635268330574035645e-03
1.610745675861835480e-03
1.584034063853323460e-03
1.557399635203182697e-03
1.531405607238411903e-03
1.506790868006646633e-03
1.478974474593997002e-03
1.456991536542773247e-03
1.439773710444569588e-03
1.416791928932070732e-03
1.390771940350532532e-03
1.365712378174066544e-03
1.345999306067824364e-03
1.323153730481863022e-03
1.307556405663490295e-03
1.284397440031170845e-03
1.263809739612042904e-03
1.236755633726716042e-03
1.216056407429277897e-03
1.186866662465035915e-03
1.169324619695544243e-03
1.155930920504033566e-03
1.139698899351060390e-03
1.124450704082846642e-03
1.108038122765719891e-03
1.082887640222907066e-03
1.057075569406151772e-03
1.043593743816018105e-03
1.028357888571918011e-03
1.011583954095840454e-03
9.899344295263290405e-04
9.651436703279614449e-04
9.476352133788168430e-04
9.333287598565220833e-04
9.204645757563412189e-04
9.016410913318395615e-04
8.809580467641353607e-04
8.667874499224126339e-04
8.556492393836379051e-04
8.420819649472832680e-04
8.270834805443882942e-04
8.145048632286489010e-04
8.020472014322876930e-04
7.846873486414551735e-04
7.719711284153163433e-04
7.600566023029386997e-04
7.484367815777659416e-04
7.349796360358595848e-04
7.167472504079341888e-04
6.999341421760618687e-04
6.927896174602210522e-04
6.859350833110511303e-04
6.755393114872276783e-04
6.722373655065894127e-04
6.556349107995629311e-04
6.508120568469166756e-04
6.458760472014546394e-04
6.397662218660116196e-04
6.311924080364406109e-04
6.203996017575263977e-04
6.124497158452868462e-04
6.042461027391254902e-04
5.968790501356124878e-04
5.872609326615929604e-04
5.823044339194893837e-04
5.786775145679712296e-04
5.752801080234348774e-04
5.715340375900268555e-04
5.658766604028642178e-04
5.589289939962327480e-04
5.539053818210959435e-04
5.487557500600814819e-04
5.459078238345682621e-04
5.421235109679400921e-04
5.326825194060802460e-04
5.306662060320377350e-04
5.273490096442401409e-04
5.242033512331545353e-04
5.219868617132306099e-04
5.167128983885049820e-04
5.144993192516267300e-04
5.084150470793247223e-04
5.058596143499016762e-04
5.023458506911993027e-04
4.977420903742313385e-04
4.944206448271870613e-04
4.908115370199084282e-04
4.887544782832264900e-04
4.872482386417686939e-04
4.834990249946713448e-04
4.810584650840610266e-04
4.769543884322047234e-04
4.739322757814079523e-04
4.712674999609589577e-04
4.691594513133168221e-04
4.672011127695441246e-04
4.641952109523117542e-04
4.609701281879097223e-04
4.580142267514020205e-04
4.508709535002708435e-04
4.461689095478504896e-04
4.413771675899624825e-04
4.355189739726483822e-04
4.326897324062883854e-04
4.279529384803026915e-04
4.258321132510900497e-04
4.230372433084994555e-04
4.184928839094936848e-04
4.162623372394591570e-04
4.116688505746424198e-04
4.098891222383826971e-04
4.061676736455410719e-04
4.030791460536420345e-04
3.984834183938801289e-04
3.961136098951101303e-04
3.924941120203584433e-04
3.872006782330572605e-04
3.819111734628677368e-04
3.771113697439432144e-04
3.744301502592861652e-04
3.711404278874397278e-04
3.658713540062308311e-04
3.591857675928622484e-04
3.529774839989840984e-04
3.505807253532111645e-04
3.467125934548676014e-04
3.441156877670437098e-04
3.400613786652684212e-04
3.372032660990953445e-04
3.354551736265420914e-04
3.334449429530650377e-04
3.320732503198087215e-04
3.300916287116706371e-04
3.285231650806963444e-04
3.259659861214458942e-04
3.242047387175261974e-04
3.220115322619676590e-04
3.193360171280801296e-04
3.178200859110802412e-04
3.142217756249010563e-04
3.115118015557527542e-04
3.097751468885689974e-04
3.081615432165563107e-04
3.057087888009846210e-04
3.030437510460615158e-04
3.007158520631492138e-04
2.989718632306903601e-04
2.959032426588237286e-04
2.925645094364881516e-04
2.887885202653706074e-04
2.856026985682547092e-04
2.844433183781802654e-04
2.830332960002124310e-04
2.797481720335781574e-04
2.773050800897181034e-04
2.748190599959343672e-04
2.736040623858571053e-04
2.719731128308922052e-04
2.710901026148349047e-04
2.701530756894499063e-04
2.685503859538584948e-04
2.667176013346761465e-04
2.648070221766829491e-04
2.637212164700031281e-04
2.619811566546559334e-04
2.606686612125486135e-04
2.587647468317300081e-04
2.551383804529905319e-04
2.527801843825727701e-04
2.523632720112800598e-04
2.492972998879849911e-04
2.485033182892948389e-04
2.464285935275256634e-04
2.444036654196679592e-04
2.434388734400272369e-04
2.410455199424177408e-04
2.403692778898403049e-04
2.391158777754753828e-04
2.376553020440042019e-04
2.357552002649754286e-04
2.341156650800257921e-04
2.325692912563681602e-04
2.311155840288847685e-04
2.289831754751503468e-04
2.283873327542096376e-04
2.270666300319135189e-04
2.263775095343589783e-04
2.248164673801511526e-04
2.232697734143584967e-04
2.209543599747121334e-04
2.189593797083944082e-04
2.176257839892059565e-04
2.167694037780165672e-04
2.161435986636206508e-04
2.154168032575398684e-04
2.147099003195762634e-04
2.135956310667097569e-04
2.128276246367022395e-04
2.119420096278190613e-04
2.108273620251566172e-04
2.097700780723243952e-04
2.076326782116666436e-04
2.067522436846047640e-04
2.055177610600367188e-04
2.047687594313174486e-04
2.040730032604187727e-04
2.030956966336816549e-04
2.009154704865068197e-04
1.985063718166202307e-04
1.977335487026721239e-04
1.950355072040110826e-04
1.933335879584774375e-04
1.922159863170236349e-04
1.909315324155613780e-04
1.903036900330334902e-04
1.893360167741775513e-04
1.888089464046061039e-04
1.882323849713429809e-04
1.878421462606638670e-04
1.871185086201876402e-04
1.863579673226922750e-04
1.856734452303498983e-04
1.843972713686525822e-04
1.828516251407563686e-04
1.815150899346917868e-04
1.806796935852617025e-04
1.799458987079560757e-04
1.787499932106584311e-04
1.777175639290362597e-04
1.767900394042953849e-04
1.759448205120861530e-04
1.753828109940513968e-04
1.747048227116465569e-04
1.743091561365872622e-04
1.739341096254065633e-04
1.736154372338205576e-04
1.733388635329902172e-04
1.729435462038964033e-04
1.726652553770691156e-04
1.721641165204346180e-04
1.716287079034373164e-04
1.712015946395695210e-04
1.706438488326966763e-04
1.703323505353182554e-04
1.699439162621274590e-04
1.692552177701145411e-04
1.688222255324944854e-04
1.680488931015133858e-04
1.675041130511090159e-04
1.668586919549852610e-04
1.664927258389070630e-04
1.658700493862852454e-04
1.653718063607811928e-04
1.649454789003357291e-04
1.644292497076094151e-04
1.638523535802960396e-04
1.631450140848755836e-04
1.626160956220701337e-04
1.618720125406980515e-04
1.613239874131977558e-04
1.605746219865977764e-04
1.588926970725879073e-04
1.581592368893325329e-04
1.575075439177453518e-04
1.567781728226691484e-04
1.561349927214905620e-04
1.551720488350838423e-04
1.544760161777958274e-04
1.538349024485796690e-04
1.531693997094407678e-04
1.527149288449436426e-04
1.526392297819256783e-04
1.518353528808802366e-04
1.516637858003377914e-04
1.513568277005106211e-04
1.509859284851700068e-04
1.506752159912139177e-04
1.500341604696586728e-04
1.494776806794106960e-04
1.489116402808576822e-04
1.483696396462619305e-04
1.476440520491451025e-04
1.472521107643842697e-04
1.469141716370359063e-04
1.466628746129572392e-04
1.464090018998831511e-04
1.461995707359164953e-04
1.457271573599427938e-04
1.451826683478429914e-04
1.446490059606730938e-04
1.445410161977633834e-04
1.441058557247743011e-04
1.439200277673080564e-04
1.436031452612951398e-04
1.431994023732841015e-04
1.426278176950290799e-04
1.418439205735921860e-04
1.413323043379932642e-04
1.407947856932878494e-04
1.405599759891629219e-04
1.402358175255358219e-04
1.395276340190321207e-04
1.391537516610696912e-04
1.388360979035496712e-04
1.382289337925612926e-04
1.379507593810558319e-04
1.376029540551826358e-04
1.373063423670828342e-04
1.369287201669067144e-04
1.364359777653589845e-04
1.359943125862628222e-04
1.353700499748811126e-04
1.348678633803501725e-04
1.346421049674972892e-04
1.341294409940019250e-04
1.339326263405382633e-04
1.337159337708726525e-04
1.331484672846272588e-04
1.328422513324767351e-04
1.321390154771506786e-04
1.318631257163360715e-04
1.315515110036358237e-04
1.312578388024121523e-04
1.309178769588470459e-04
1.306112972088158131e-04
1.303211320191621780e-04
1.300631265621632338e-04
1.293254317715764046e-04
1.292433444177731872e-04
1.287886261707171798e-04
1.285965845454484224e-04
1.282984449062496424e-04
1.280214200960472226e-04
1.275464455829933286e-04
1.273550733458250761e-04
1.265712635358795524e-04
1.263677986571565270e-04
1.261637953575700521e-04
1.259351847693324089e-04
1.256692630704492331e-04
1.252722868230193853e-04
1.248673070222139359e-04
1.244716549990698695e-04
1.242540311068296432e-04
1.237587275682017207e-04
1.233481598319485784e-04
1.228649052791297436e-04
1.224265870405361056e-04
1.220425037899985909e-04
1.215719385072588921e-04
1.210561895277351141e-04
1.208123576361685991e-04
1.206191882374696434e-04
1.203426363645121455e-04
1.201922204927541316e-04
1.199785037897527218e-04
1.197960082208737731e-04
1.195129443658515811e-04
1.190922339446842670e-04
1.187156158266589046e-04
1.184241409646347165e-04
1.182075357064604759e-04
1.180246472358703613e-04
1.176198566099628806e-04
1.171795156551524997e-04
1.162640546681359410e-04
1.158973100245930254e-04
1.154448691522702575e-04
1.151837350334972143e-04
1.149554882431402802e-04
1.145390560850501060e-04
1.142339897342026234e-04
1.136020728154107928e-04
1.134018093580380082e-04
1.131242170231416821e-04
1.129037700593471527e-04
1.126337738242000341e-04
1.122422836488112807e-04
1.119549051509238780e-04
1.115724371629767120e-04
1.110883604269474745e-04
1.105441115214489400e-04
1.100986773963086307e-04
1.097255444619804621e-04
1.094825856853276491e-04
1.090943624149076641e-04
1.089038560166954994e-04
1.086697011487558484e-04
1.082592862076126039e-04
1.079612120520323515e-04
1.076152984751388431e-04
1.074265601346269250e-04
1.072535524144768715e-04
1.069286518031731248e-04
1.067597186192870140e-04
1.064590323949232697e-04
1.062869923771359026e-04
1.061480506905354559e-04
1.059286732925102115e-04
1.057088084053248167e-04
1.055218308465555310e-04
1.053836458595469594e-04
1.052363804774358869e-04
1.049211423378437757e-04
1.045253302436321974e-04
1.043678421410731971e-04
1.039309281622990966e-04
1.035790774039924145e-04
1.030494604492560029e-04
1.024351513478904963e-04
1.021158022922463715e-04
1.017089816741645336e-04
1.015000598272308707e-04
1.012960128718987107e-04
1.009029074339196086e-04
1.005348240141756833e-04
1.001670098048634827e-04
9.982419578591361642e-05
9.947977378033101559e-05
9.887495252769440413e-05
9.853317169472575188e-05
9.828686597757041454e-05
9.802832209970802069e-05
9.775302896741777658e-05
9.757673979038372636e-05
9.724526898935437202e-05
9.688825230114161968e-05
9.662534284871071577e-05
9.620415949029847980e-05
9.594255243428051472e-05
9.561558545101433992e-05
9.512186079518869519e-05
9.473468526266515255e-05
9.435958054382354021e-05
9.401296847499907017e-05
9.349239553557708859e-05
9.309701999882236123e-05
9.269639849662780762e-05
9.218009654432535172e-05
9.196520841214805841e-05
9.181008499581366777e-05
9.147555101662874222e-05
9.117142326431348920e-05
9.072170360013842583e-05
9.040530130732804537e-05
9.010899520944803953e-05
8.956667443271726370e-05
8.926482405513525009e-05
8.888114098226651549e-05
8.865118434187024832e-05
8.839900692692026496e-05
8.819895447231829166e-05
8.798109774943441153e-05
8.786239777691662312e-05
8.768768748268485069e-05
8.751694258535280824e-05
8.735134906601160765e-05
8.725243969820439816e-05
8.706170774530619383e-05
8.688450907357037067e-05
8.677225559949874878e-05
8.653299300931394100e-05
8.605355833424255252e-05
8.591078221797943115e-05
8.561110007576644421e-05
8.540510316379368305e-05
8.521272684447467327e-05
8.505037112627178431e-05
8.502998389303684235e-05
8.484776481054723263e-05
8.475252252537757158e-05
8.453562622889876366e-05
8.424333645962178707e-05
8.411158341914415359e-05
8.379477367270737886e-05
8.355570753337815404e-05
8.334421727340668440e-05
8.315696322824805975e-05
8.299171895487233996e-05
8.283575880341231823e-05
8.270565012935549021e-05
8.256066939793527126e-05
8.232981781475245953e-05
8.209515362977981567e-05
8.190999506041407585e-05
8.170556247932836413e-05
8.139297278830781579e-05
8.092646748991683125e-05
8.082212298177182674e-05
8.053849160205572844e-05
8.039216481847688556e-05
8.009636076167225838e-05
7.977172208484262228e-05
7.937337795738130808e-05
7.905381789896637201e-05
7.883214857429265976e-05
7.868115790188312531e-05
7.845160143915563822e-05
7.817886216798797250e-05
7.785369234625250101e-05
7.756573177175596356e-05
7.723567250650376081e-05
7.692275539739057422e-05
7.665323209948837757e-05
7.643853314220905304e-05
7.616143557243049145e-05
7.591363100800663233e-05
7.565437408629804850e-05
7.516054029110819101e-05
7.470059790648519993e-05
7.451937563018873334e-05
7.408680539811030030e-05
7.388478843495249748e-05
7.347310747718438506e-05
7.288312190212309361e-05
7.252937211887910962e-05
7.210810144897550344e-05
7.188870222307741642e-05
7.174403435783460736e-05
7.149401062633842230e-05
7.126423588488250971e-05
7.103706593625247478e-05
7.075995381455868483e-05
7.020277553237974644e-05
6.976033910177648067e-05
6.942649633856490254e-05
6.909544754307717085e-05
6.892666715430095792e-05
6.866974581498652697e-05
6.837325781816616654e-05
6.820270937168970704e-05
6.807512545492500067e-05
6.794816727051511407e-05
6.778481474611908197e-05
6.758980453014373779e-05
6.732567999279126525e-05
6.704591214656829834e-05
6.680155638605356216e-05
6.652314914390444756e-05
6.626652611885219812e-05
6.577649037353694439e-05
6.565992225660011172e-05
6.545606447616592050e-05
6.522458716062828898e-05
6.508914520964026451e-05
6.490039231721311808e-05
6.460108124883845448e-05
6.412963557522743940e-05
6.393239164026454091e-05
6.356756784953176975e-05
6.342672713799402118e-05
6.330211181193590164e-05
6.306527211563661695e-05
6.275316991377621889e-05
6.259908695938065648e-05
6.213060987647622824e-05
6.187674443935975432e-05
6.157900497782975435e-05
6.123595812823623419e-05
6.098507583374157548e-05
6.075201235944405198e-05
6.057479913579300046e-05
6.046144699212163687e-05
6.027865310898050666e-05
6.001485598972067237e-05
5.984721792628988624e-05
5.972107464913278818e-05
5.957894245511852205e-05
5.926979065407067537e-05
5.903334749746136367e-05
5.884632992092519999e-05
5.842536847922019660e-05
5.803583917440846562e-05
5.774259261670522392e-05
5.717170279240235686e-05
5.697469896404072642e-05
5.678192974301055074e-05
5.658800364471971989e-05
5.645567580359056592e-05
5.622225216939114034e-05
5.612812674371525645e-05
5.603984027402475476e-05
5.599297583103179932e-05
5.593000969383865595e-05
5.583278471021912992e-05
5.576878174906596541e-05
5.562778460443951190e-05
5.554324525292031467e-05
5.542434519156813622e-05
5.534180309041403234e-05
5.523671279661357403e-05
5.512094503501430154e-05
5.497434176504611969e-05
5.486492591444402933e-05
5.474398494698107243e-05
5.463622801471501589e-05
5.451920151244848967e-05
5.439490996650420129e-05
5.434847116703167558e-05
5.427785072242841125e-05
5.420307570602744818e-05
5.414225961430929601e-05
5.404212424764409661e-05
5.387228884501382709e-05
5.367902849684469402e-05
5.355492248781956732e-05
5.342884833225980401e-05
5.339043127605691552e-05
5.334369416232220829e-05
5.325694291968829930e-05
5.321279604686424136e-05
5.309245170792564750e-05
5.304485966917127371e-05
5.294146103551611304e-05
5.283699647407047451e-05
5.274061550153419375e-05
5.269872053759172559e-05
5.260731995804235339e-05
5.256226722849532962e-05
5.250063986750319600e-05
5.238159792497754097e-05
5.226145003689453006e-05
5.216167119215242565e-05
5.204002081882208586e-05
5.192757089389488101e-05
5.175339174456894398e-05
5.171748125576414168e-05
5.140667053638026118e-05
5.130450881551951170e-05
5.118260014569386840e-05
5.102772411191835999e-05
5.092014180263504386e-05
5.075469380244612694e-05
5.059375325799919665e-05
5.041753320256248116e-05
5.021240212954580784e-05
5.013113695895299315e-05
5.005819548387080431e-05
5.001325916964560747e-05
4.995367999072186649e-05
4.984317638445645571e-05
4.979506047675386071e-05
4.969190922565758228e-05
4.962083039572462440e-05
4.952398012392222881e-05
4.938871279591694474e-05
4.921779327560216188e-05
4.907413313048891723e-05
4.899808845948427916e-05
4.895166057394817472e-05
4.887388058705255389e-05
4.877247556578367949e-05
4.871463170275092125e-05
4.865895607508718967e-05
4.860548506258055568e-05
4.853163773077540100e-05
4.843468923354521394e-05
4.830418765777722001e-05
4.824066854780539870e-05
4.813748819287866354e-05
4.807958612218499184e-05
4.803341653314419091e-05
4.794840060640126467e-05
4.783901385962963104e-05
4.775989509653300047e-05
4.761094896821305156e-05
4.752194581669755280e-05
4.746031481772661209e-05
4.745081241708248854e-05
4.742504097521305084e-05
4.737359995488077402e-05
4.727926716441288590e-05
4.724696191260591149e-05
4.721701770904473960e-05
4.716440889751538634e-05
4.710843859356828034e-05
4.703629747382365167e-05
4.692877337220124900e-05
4.685782914748415351e-05
4.675286618294194341e-05
4.669205372920259833e-05
4.663548315875232220e-05
4.657622775994241238e-05
4.648730100598186255e-05
4.642124986276030540e-05
4.636759331333450973e-05
4.630666808225214481e-05
4.619444371201097965e-05
4.609016468748450279e-05
4.603921479429118335e-05
4.595788777805864811e-05
4.587823787005618215e-05
4.581687244353815913e-05
4.576205901685170829e-05
4.568944132188335061e-05
4.564253322314471006e-05
4.554058978101238608e-05
4.545581032289192080e-05
4.540651571005582809e-05
4.531168815447017550e-05
4.525794065557420254e-05
4.518900823313742876e-05
4.514583997661247849e-05
4.508739948505535722e-05
4.502752562984824181e-05
4.496869223657995462e-05
4.490049468586221337e-05
4.487467231228947639e-05
4.476883987081237137e-05
4.471429201657883823e-05
4.461394564714282751e-05
4.454529334907419980e-05
4.447703031473793089e-05
4.442116187419742346e-05
4.432691275724209845e-05
4.426992381922900677e-05
4.420983896125108004e-05
4.415148578118532896e-05
4.409658868098631501e-05
4.399407407618127763e-05
4.394431380205787718e-05
4.383669147500768304e-05
4.378810263006016612e-05
4.372442344902083278e-05
4.364897176856175065e-05
4.356844146968796849e-05
4.350733797764405608e-05
4.344972694525495172e-05
4.340622399467974901e-05
4.332145908847451210e-05
4.322704990045167506e-05
4.314478792366571724e-05
4.303380410419777036e-05
4.296545375837013125e-05
4.280122811906039715e-05
4.269034252502024174e-05
4.260244531906209886e-05
4.252857615938410163e-05
4.246941534802317619e-05
4.240091584506444633e-05
4.231821367284283042e-05
4.214070941088721156e-05
4.204264769214205444e-05
4.198658643872477114e-05
4.189974424662068486e-05
4.174379864707589149e-05
4.157414514338597655e-05
4.138727672398090363e-05
4.133337642997503281e-05
4.126396379433572292e-05
4.123308463022112846e-05
4.119294317206367850e-05
4.111722591915167868e-05
4.099357465747743845e-05
4.088867717655375600e-05
4.081579390913248062e-05
4.077801713719964027e-05
4.074609751114621758e-05
4.071836156072095037e-05
4.066064866492524743e-05
4.061450090375728905e-05
4.055534373037517071e-05
4.050963616464287043e-05
4.047261609230190516e-05
4.042380169266834855e-05
4.037161124870181084e-05
4.033496225019916892e-05
4.029900082969106734e-05
4.027775867143645883e-05
4.024874579044990242e-05
4.021317363367415965e-05
4.017261380795389414e-05
4.011616692878305912e-05
4.008946416433900595e-05
4.004491347586736083e-05
3.999755426775664091e-05
3.992743586422875524e-05
3.984284558100625873e-05
3.979081520810723305e-05
3.974507853854447603e-05
3.972156991949304938e-05
3.969186946051195264e-05
3.963402923545800149e-05
3.956985165132209659e-05
3.945311618736013770e-05
3.938721056329086423e-05
3.929735976271331310e-05
3.921237657777965069e-05
3.913502587238326669e-05
3.903853212250396609e-05
3.895229383488185704e-05
3.889225627062842250e-05
3.883436875184997916e-05
3.876128175761550665e-05
3.867376290145330131e-05
3.861705772578716278e-05
3.858458148897625506e-05
3.854565147776156664e-05
3.849426138913258910e-05
3.838630800601094961e-05
3.827968248515389860e-05
3.821919744950719178e-05
3.813114381046034396e-05
3.810256384895183146e-05
3.806985114351846278e-05
3.802053106483072042e-05
3.796587770921178162e-05
3.790261325775645673e-05
3.787923196796327829e-05
3.785083390539512038e-05
3.781105260713957250e-05
3.778416794375516474e-05
3.774790093302726746e-05
3.769818067667074502e-05
3.767222369788214564e-05
3.764749999390915036e-05
3.761392508749850094e-05
3.759202445507980883e-05
3.755494617507793009e-05
3.752562042791396379e-05
3.749676034203730524e-05
3.743361594388261437e-05
3.741221007658168674e-05
3.737794395419768989e-05
3.736356666195206344e-05
3.734963684109970927e-05
3.732828918145969510e-05
3.729458694579079747e-05
3.725763235706835985e-05
3.723107147379778326e-05
3.719305459526367486e-05
3.716555875143967569e-05
3.713213664013892412e-05
3.711850513354875147e-05
3.709477823576889932e-05
3.706834104377776384e-05
3.703974289237521589e-05
3.700754677993245423e-05
3.695435225381515920e-05
3.688085416797548532e-05
3.682427995954640210e-05
3.677279164548963308e-05
3.673920582514256239e-05
3.670459409477189183e-05
3.665626718429848552e-05
3.661670780275017023e-05
3.658748755697160959e-05
3.657346678664907813e-05
3.654584361356683075e-05
3.650678991107270122e-05
3.648297570180147886e-05
3.645956530817784369e-05
3.642735100584104657e-05
3.639603892224840820e-05
3.636107794591225684e-05
3.632147490861825645e-05
3.628600097727030516e-05
3.626026227721013129e-05
3.623528755269944668e-05
3.622058648033998907e-05
3.619564085965976119e-05
3.616778485593385994e-05
3.614609158830717206e-05
3.610571729950606823e-05
3.609018676797859371e-05
3.606712562032043934e-05
3.605401070672087371e-05
3.604598896345123649e-05
3.602654760470613837e-05
3.601324715418741107e-05
3.597910108510404825e-05
3.596162059693597257e-05
3.594939698814414442e-05
3.593402652768418193e-05
3.590885899029672146e-05
3.587824176065623760e-05
3.584654405131004751e-05
3.582261342671699822e-05
3.581870259949937463e-05
3.578066025511361659e-05
3.575972368707880378e-05
3.573330468498170376e-05
3.569904947653412819e-05
3.567659950931556523e-05
3.564998041838407516e-05
3.563721838872879744e-05
3.562366691767238081e-05
3.561254925443790853e-05
3.559703327482566237e-05
3.558537355274893343e-05
3.556189039954915643e-05
3.553205169737339020e-05
3.549431494320742786e-05
3.545577419572509825e-05
3.542430204106494784e-05
3.539230965543538332e-05
3.536104850354604423e-05
3.531061156536452472e-05
3.528420347720384598e-05
3.525390638969838619e-05
3.523003397276625037e-05
3.521105463732965291e-05
3.516922879498451948e-05
3.512537659844383597e-05
3.509341695462353528e-05
3.506882421788759530e-05
3.504143023747019470e-05
3.497877696645446122e-05
3.492537507554516196e-05
3.485813067527487874e-05
3.479544830042868853e-05
3.476787242107093334e-05
3.476313577266409993e-05
3.473309334367513657e-05
3.471042873570695519e-05
3.467621718300506473e-05
3.464432666078209877e-05
3.463155007921159267e-05
3.459518484305590391e-05
3.456670310697518289e-05
3.454698162386193871e-05
3.453157114563509822e-05
3.450495569268241525e-05
3.446781920501962304e-05
3.442923480179160833e-05
3.439259671722538769e-05
3.437074701650999486e-05
3.435458347667008638e-05
3.431366349104791880e-05
3.429581192904151976e-05
3.426783587201498449e-05
3.425024624448269606e-05
3.422075315029360354e-05
3.418302731006406248e-05
3.414441016502678394e-05
3.409246710361912847e-05
3.407587428227998316e-05
3.403302980586886406e-05
3.401724825380370021e-05
3.399902197998017073e-05
3.398258559172973037e-05
3.396158717805519700e-05
3.394950181245803833e-05
3.393137012608349323e-05
3.391814607311971486e-05
3.388190089026466012e-05
3.384290175745263696e-05
3.381072019692510366e-05
3.378135443199425936e-05
3.374891457497142255e-05
3.372990249772556126e-05
3.369619662407785654e-05
3.366158125572837889e-05
3.363152791280299425e-05
3.361410563229583204e-05
3.359100082889199257e-05
3.357067180331796408e-05
3.354495129315182567e-05
3.349949474795721471e-05
3.348099198774434626e-05
3.343330536154098809e-05
3.340586408739909530e-05
3.337997623020783067e-05
3.335844667162746191e-05
3.333590575493872166e-05
3.333352287882007658e-05
3.331007610540837049e-05
3.330334220663644373e-05
3.329031824250705540e-05
3.327872764202766120e-05
3.325502984807826579e-05
3.322668635519221425e-05
3.321361873531714082e-05
3.319705137982964516e-05
3.318789822515100241e-05
3.317381197120994329e-05
3.315636422485113144e-05
3.313820707262493670e-05
3.312293847557157278e-05
3.310926331323571503e-05
3.310071042506024241e-05
3.308693703729659319e-05
3.307851147837936878e-05
3.307149017928168178e-05
3.306104190414771438e-05
3.304511847090907395e-05
3.302067852928303182e-05
3.300255411886610091e-05
3.296712748124264181e-05
3.294355337857268751e-05
3.292966721346601844e-05
3.290833410574123263e-05
3.289946471340954304e-05
3.288587322458624840e-05
3.287131767137907445e-05
3.286172432126477361e-05
3.284442573203705251e-05
3.282060788478702307e-05
3.281364115537144244e-05
3.277764335507526994e-05
3.276103598182089627e-05
3.273264155723154545e-05
3.269877561251632869e-05
3.265230043325573206e-05
3.259986260673031211e-05
3.253125396440736949e-05
3.246983396820724010e-05
3.240534715587273240e-05
3.238741919631138444e-05
3.236572592868469656e-05
3.234683390473946929e-05
3.233720053685829043e-05
3.231981827411800623e-05
3.230841321055777371e-05
3.229678986826911569e-05
3.227743582101538777e-05
3.225193722755648196e-05
3.222761733923107386e-05
3.221564838895574212e-05
3.220151847926899791e-05
3.218794881831854582e-05
3.216696859453804791e-05
3.214366734027862549e-05
3.212011506548151374e-05
3.210026625311002135e-05
3.208052658010274172e-05
3.206119436072185636e-05
3.204189124517142773e-05
3.201325307600200176e-05
3.200671199010685086e-05
3.198919148417189717e-05
3.196603574906475842e-05
3.192001895513385534e-05
3.190421557519584894e-05
3.186510002706199884e-05
3.183165244990959764e-05
3.179519626428373158e-05
3.175908204866573215e-05
3.172394644934684038e-05
3.170200579916127026e-05
3.168320836266502738e-05
3.165935049764811993e-05
3.164647205267101526e-05
3.162594657624140382e-05
3.160542109981179237e-05
3.159558764309622347e-05
3.156589446007274091e-05
3.154379373881965876e-05
3.152494173264130950e-05
3.150561315123923123e-05
3.147753523080609739e-05
3.144930451526306570e-05
3.141647175652906299e-05
3.138552710879594088e-05
3.136030863970518112e-05
3.134053986286744475e-05
3.131413905066438019e-05
3.125798320979811251e-05
3.121183544863015413e-05
3.116872903774492443e-05
3.114094579359516501e-05
3.111909245490096509e-05
3.108576493104919791e-05
3.105438736383803189e-05
3.103679409832693636e-05
3.100273897871375084e-05
3.098783054156228900e-05
3.095128340646624565e-05
3.092451515840366483e-05
3.090305835939943790e-05
3.088009543716907501e-05
3.085775824729353189e-05
3.081281101913191378e-05
3.078929148614406586e-05
3.075652057304978371e-05
3.075313725275918841e-05
3.073186235269531608e-05
3.072519029956310987e-05
3.071501851081848145e-05
3.070844104513525963e-05
3.069366357522085309e-05
3.067504439968615770e-05
3.066136923735029995e-05
3.063695839955471456e-05
3.061220922973006964e-05
3.058028960367664695e-05
3.056880086660385132e-05
3.055316847166977823e-05
3.053326872759498656e-05
3.050626037293113768e-05
3.049554652534425259e-05
3.045201447093859315e-05
3.043352990061976016e-05
3.041150921490043402e-05
3.039208240807056427e-05
3.036338239326141775e-05
3.034026121895294636e-05
3.030693733307998627e-05
3.026385820703580976e-05
3.022709643119014800e-05
3.019220093847252429e-05
3.014087087649386376e-05
3.008007661264855415e-05
3.006332372024189681e-05
3.000898868776857853e-05
2.999422213179059327e-05
2.997625415446236730e-05
2.994833812408614904e-05
2.992336339957546443e-05
2.988480991916731000e-05
2.987080551974941045e-05
2.985439459735061973e-05
2.984377533721271902e-05
2.982227124448399991e-05
2.980461613333318383e-05
2.979332930408418179e-05
2.977825351990759373e-05
2.976152245537377894e-05
2.973027585539966822e-05
2.971872163470834494e-05
2.969839079014491290e-05
2.967849286505952477e-05
2.966522151837125421e-05
2.965987914649304003e-05
2.965233943541534245e-05
2.964203849842306226e-05
2.962465259770397097e-05
2.960388883366249502e-05
2.957469769171439111e-05
2.954877709271386266e-05
2.952387876575812697e-05
2.950466478068847209e-05
2.948301698779687285e-05
2.945674350485205650e-05
2.942207356682047248e-05
2.939272599178366363e-05
2.937234785349573940e-05
2.936151395260822028e-05
2.934781332442071289e-05
2.933807627414353192e-05
2.932326424343045801e-05
2.930188384198118001e-05
2.928085814346559346e-05
2.926229353761300445e-05
2.925563421740662307e-05
2.924542968685273081e-05
2.923109059338457882e-05
2.922118983406107873e-05
2.920302722486667335e-05
2.918683276220690459e-05
2.917021993198432028e-05
2.915040022344328463e-05
2.912550007749814540e-05
2.910314287873916328e-05
2.907332418544683605e-05
2.904432767536491156e-05
2.900701292674057186e-05
2.893638156820088625e-05
2.889923780458047986e-05
2.884447530959732831e-05
2.880688407458364964e-05
2.878907253034412861e-05
2.876073085644748062e-05
2.874406709452159703e-05
2.873021367122419178e-05
2.870976823032833636e-05
2.869166928576305509e-05
2.865775604732334614e-05
2.864140151359606534e-05
2.861959728761576116e-05
2.859973210433963686e-05
2.856925129890441895e-05
2.855797538359183818e-05
2.853111436706967652e-05
2.851930548786185682e-05
2.850665987352840602e-05
2.848798976629041135e-05
2.846247116394806653e-05
2.843449692591093481e-05
2.839157968992367387e-05
2.837319334503263235e-05
2.834124643413815647e-05
2.831844903994351625e-05
2.830324956448748708e-05
2.828059587045572698e-05
2.827554999385029078e-05
2.824122202582657337e-05
2.822971146088093519e-05
2.821188900270499289e-05
2.819894871208816767e-05
2.818366556311957538e-05
2.817046333802863955e-05
2.815965126501396298e-05
2.815455081872642040e-05
2.813685568980872631e-05
2.812195452861487865e-05
2.810032310662791133e-05
2.807929558912292123e-05
2.805541043926496059e-05
2.802483140840195119e-05
2.800735092023387551e-05
2.796783155645243824e-05
2.795423824863974005e-05
2.793579187709838152e-05
2.792462328216060996e-05
2.791290535242296755e-05
2.790426333376672119e-05
2.788354686344973743e-05
2.786847471725195646e-05
2.784965363389346749e-05
2.782535375445149839e-05
2.780739669105969369e-05
2.777465488179586828e-05
2.775070606730878353e-05
2.772435982478782535e-05
2.771520848909858614e-05
2.770168794086202979e-05
2.768508784356527030e-05
2.766459692793432623e-05
2.764730743365362287e-05
2.761710675258655101e-05
2.759738345048390329e-05
2.757496440608520061e-05
2.755122477537952363e-05
2.752170985331758857e-05
2.749947270785924047e-05
2.748271799646317959e-05
2.746761674643494189e-05
2.746596146607771516e-05
2.745087112998589873e-05
2.744410630839411169e-05
2.743123695836402476e-05
2.741235948633402586e-05
2.740238051046617329e-05
2.737405702646356076e-05
2.735206362558528781e-05
2.733556539169512689e-05
2.732165376073680818e-05
2.731427957769483328e-05
2.729917105170898139e-05
2.728268009377643466e-05
2.727141327341087162e-05
2.726400271058082581e-05
2.725222293520346284e-05
2.724236037465743721e-05
2.722934732446447015e-05
2.721259988902602345e-05
2.720413976931013167e-05
2.717437746468931437e-05
2.716485323617234826e-05
2.715502523642499000e-05
2.715086520765908062e-05
2.714336915232706815e-05
2.713227149797603488e-05
2.712091190915089101e-05
2.710328590183053166e-05
2.708075044211000204e-05
2.705937367863953114e-05
2.704657890717498958e-05
2.703485733945854008e-05
2.701914490899071097e-05
2.700122058740817010e-05
2.698573734960518777e-05
2.697288800845853984e-05
2.696258707146625966e-05
2.694667637115344405e-05
2.693686474231071770e-05
2.691653571673668921e-05
2.690679684747010469e-05
2.689110806386452168e-05
2.687233427423052490e-05
2.686186053324490786e-05
2.685397703316994011e-05
2.683793354663066566e-05
2.682931153685785830e-05
2.682302510947920382e-05
2.681506884982809424e-05
2.679221142898313701e-05
2.677825978025794029e-05
2.675206269486807287e-05
2.672143091331236064e-05
2.669916284503415227e-05
2.667883018148131669e-05
2.665908687049522996e-05
2.663339182618074119e-05
2.662612496351357549e-05
2.661216603883076459e-05
2.659346682776231319e-05
2.656447759363800287e-05
2.652986586326733232e-05
2.652168404893018305e-05
2.650037276907823980e-05
2.649428643053397536e-05
2.648470035637728870e-05
2.646141911100130528e-05
2.643038169480860233e-05
2.641762330313213170e-05
2.639732338138855994e-05
2.637733996380120516e-05
2.635533746797591448e-05
2.633834264997858554e-05
2.632041469041723758e-05
2.631060488056391478e-05
2.629935988807119429e-05
2.629154369060415775e-05
2.628094262036029249e-05
2.627344656502828002e-05
2.626286732265725732e-05
2.624858097988180816e-05
2.624546687002293766e-05
2.622009742481168360e-05
2.620854502310976386e-05
2.619333463371731341e-05
2.617094287415966392e-05
2.613123433548025787e-05
2.611709714983589947e-05
2.608429713291116059e-05
2.607001442811451852e-05
2.605294866953045130e-05
2.603009488666430116e-05
2.600679727038368583e-05
2.599360232125036418e-05
2.598108585516456515e-05
2.595976729935500771e-05
2.593655517557635903e-05
2.591541851870715618e-05
2.590087024145759642e-05
2.588968527561519295e-05
2.587967537692748010e-05
2.585084439488127828e-05
2.583347668405622244e-05
2.581188891781494021e-05
2.579815190983936191e-05
2.578464045654982328e-05
2.577562554506585002e-05
2.576102633611299098e-05
2.575105099822394550e-05
2.573982055764645338e-05
2.572453740867786109e-05
2.569075513747520745e-05
2.567632691352628171e-05
2.565434442658443004e-05
2.563060115789994597e-05
2.562077133916318417e-05
2.561461587902158499e-05
2.559448694228194654e-05
2.556708568590693176e-05
2.554332786530721933e-05
2.552207661210559309e-05
2.551444413256831467e-05
2.549487362557556480e-05
2.548192969697993249e-05
2.546478935983031988e-05
2.545892493799328804e-05
2.544833114370703697e-05
2.543272421462461352e-05
2.541960930102504790e-05
2.540657442295923829e-05
2.540095738368108869e-05
2.539241540944203734e-05
2.538640546845272183e-05
2.538030094001442194e-05
2.537220279918983579e-05
2.536091415095143020e-05
2.535435851314105093e-05
2.534765553718898445e-05
2.534403392928652465e-05
2.533921360736712813e-05
2.532875078031793237e-05
2.532669532229192555e-05
2.530667006794828922e-05
2.529732228140346706e-05
2.528759432607330382e-05
2.527666038076858968e-05
2.525865420466288924e-05
2.525207310100086033e-05
2.524021147110033780e-05
2.523855255276430398e-05
2.522726936149410903e-05
2.522278191463556141e-05
2.521616988815367222e-05
2.521082933526486158e-05
2.520201996958348900e-05
2.519428198866080493e-05
2.518109613447450101e-05
2.517068969609681517e-05
2.516244421713054180e-05
2.515197411412373185e-05
2.514012521714903414e-05
2.512852915970142931e-05
2.511099592084065080e-05
2.510669037292245775e-05
2.508660145394969732e-05
2.507461249479092658e-05
2.506017517589498311e-05
2.504484655219130218e-05
2.503419091226533055e-05
2.502715506125241518e-05
2.501550989109091461e-05
2.500357004464603961e-05
2.499135007383301854e-05
2.497306195436976850e-05
2.494869295333046466e-05
2.493894135113805532e-05
2.492285420885309577e-05
2.491333361831493676e-05
2.490589395165443420e-05
2.489341932232491672e-05
2.487695383024401963e-05
2.486247103661298752e-05
2.484356627974193543e-05
2.483266689523588866e-05
2.481725823599845171e-05
2.480380135239101946e-05
2.478100759617518634e-05
2.475071596563793719e-05
2.474122811690904200e-05
2.471224797773174942e-05
2.469067840138450265e-05
2.466783917043358088e-05
2.465414399921428412e-05
2.464418503222987056e-05
2.463528289808891714e-05
2.462732663843780756e-05
2.461334042891394347e-05
2.458177550579421222e-05
2.455149660818278790e-05
2.453725392115302384e-05
2.452091212035156786e-05
2.451323234708979726e-05
2.450401734677143395e-05
2.449307066854089499e-05
2.448309169267304242e-05
2.447071165079250932e-05
2.446265352773480117e-05
2.444110396027099341e-05
2.442170261929277331e-05
2.440908247081097215e-05
2.439224044792354107e-05
2.438409501337446272e-05
2.437991679471451789e-05
2.437025614199228585e-05
2.435536225675605237e-05
2.434631096548400819e-05
2.432748078717850149e-05
2.430574022582732141e-05
2.429882079013623297e-05
2.429032247164286673e-05
2.427961953799240291e-05
2.427197978249751031e-05
2.426287937851157039e-05
2.425203456368763000e-05
2.424385093036107719e-05
2.422104626020882279e-05
2.421759927528910339e-05
2.418600706732831895e-05
2.417547693767119199e-05
2.416184906905982643e-05
2.415231938357464969e-05
2.413825131952762604e-05
2.412221510894596577e-05
2.411193599982652813e-05
2.409254011581651866e-05
2.407074316579382867e-05
2.405006853223312646e-05
2.402543395874090493e-05
2.401924211881123483e-05
2.400974335614591837e-05
2.400194898655172437e-05
2.399373624939471483e-05
2.398414289928041399e-05
2.396872878307476640e-05
2.394429247942753136e-05
2.392772148596122861e-05
2.390053668932523578e-05
2.388529173913411796e-05
2.386807682341895998e-05
2.385054904152639210e-05
2.382513775955885649e-05
2.380832120252307504e-05
2.379550824116449803e-05
2.378166755079291761e-05
2.376488373556639999e-05
2.374925497861113399e-05
2.372839662712067366e-05
2.371882146690040827e-05
2.370437141507863998e-05
2.367617344134487212e-05
2.364614556427113712e-05
2.360741927986964583e-05
2.358405254199169576e-05
2.356112599954940379e-05
2.353179297642782331e-05
2.349321221117861569e-05
2.346603287151083350e-05
2.345457687624730170e-05
2.343696905882097781e-05
2.342064908589236438e-05
2.339833736186847091e-05
2.336793113499879837e-05
2.335973113076761365e-05
2.335235694772563875e-05
2.333400516363326460e-05
2.331698851776309311e-05
2.329808194190263748e-05
2.327199581486638635e-05
2.323171065654605627e-05
2.320856583537533879e-05
2.318651968380436301e-05
2.317076541658025235e-05
2.315394340257626027e-05
2.312808464921545237e-05
2.311860043846536428e-05
2.310142372152768075e-05
2.308580224053002894e-05
2.307226895936764777e-05
2.305553789483383298e-05
2.303806104464456439e-05
2.302657776453997940e-05
2.301123822689987719e-05
2.300232517882250249e-05
2.299207699252292514e-05
2.297245737281627953e-05
2.295902959303930402e-05
2.294128717039711773e-05
2.292180943186394870e-05
2.291067539772484452e-05
2.289756776008289307e-05
2.288438190589658916e-05
2.287157803948502988e-05
2.285261143697425723e-05
2.283097092004027218e-05
2.280673652421683073e-05
2.279237742186523974e-05
2.277472776768263429e-05
2.275373844895511866e-05
2.272922574775293469e-05
2.270299228257499635e-05
2.268935713800601661e-05
2.265479997731745243e-05
2.261992267449386418e-05
2.257258165627717972e-05
2.256321567983832210e-05
2.252517515444196761e-05
2.251823934784624726e-05
2.250674879178404808e-05
2.248759301437530667e-05
2.246395342808682472e-05
2.243908238597214222e-05
2.242275149910710752e-05
2.241015499748755246e-05
2.239716923213563859e-05
2.238500383100472391e-05
2.236434374935925007e-05
2.235900501545984298e-05
2.234712701465468854e-05
2.233501800219528377e-05
2.232757469755597413e-05
2.231448888778686523e-05
2.230621976195834577e-05
2.227697041234932840e-05
2.226213473477400839e-05
2.224225863756146282e-05
2.223118281108327210e-05
2.221244358224794269e-05
2.219710950157605112e-05
2.218493318650871515e-05
2.216974826296791434e-05
2.215860331489238888e-05
2.214256528532132506e-05
2.213367042713798583e-05
2.212689651059918106e-05
2.211479659308679402e-05
2.210853199358098209e-05
2.208102159784175456e-05
2.206534009019378573e-05
2.205293640145100653e-05
2.204447810072451830e-05
2.203655822086147964e-05
2.203056101279798895e-05
2.202328505518380553e-05
2.200683593400754035e-05
2.199313894379884005e-05
2.198105539719108492e-05
2.197584763052873313e-05
2.196436071244534105e-05
2.195688466599676758e-05
2.194552871515043080e-05
2.193567888753022999e-05
2.193162436014972627e-05
2.192355714214500040e-05
2.191662861150689423e-05
2.190685881942044944e-05
2.189670340158045292e-05
2.188097096222918481e-05
2.187299833167344332e-05
2.185879930038936436e-05
2.184642471547704190e-05
2.183135802624747157e-05
2.181408126489259303e-05
2.179501825594343245e-05
2.177203350584022701e-05
2.175371628254652023e-05
2.173126267734915018e-05
2.171520827687345445e-05
2.170331208617426455e-05
2.169347135350108147e-05
2.168452920159325004e-05
2.168009268643800169e-05
2.166872945963405073e-05
2.166568083339370787e-05
2.166136255254969001e-05
2.165006299037486315e-05
2.164579200325533748e-05
2.163358658435754478e-05
2.162812779715750366e-05
2.161942029488272965e-05
2.161684460588730872e-05
2.159663563361391425e-05
2.158399911422748119e-05
2.156865048164036125e-05
2.155158654204569757e-05
2.154322282876819372e-05
2.152718661818653345e-05
2.151207445422187448e-05
2.148779276467394084e-05
2.146079350495710969e-05
2.145644975826144218e-05
2.143489109585061669e-05
2.142001721949782223e-05
2.140828109986614436e-05
2.139590105798561126e-05
2.138674790330696851e-05
2.137111732736229897e-05
2.135864997399039567e-05
2.133857924491167068e-05
2.133040470653213561e-05
2.132290137524250895e-05
2.131685687345452607e-05
2.131182554876431823e-05
2.130549546563997865e-05
2.129574022546876222e-05
2.128595042449887842e-05
2.128080086549744010e-05
2.126895196852274239e-05
2.125617356796283275e-05
2.123170088452752680e-05
2.121743273164611310e-05
2.120135104632936418e-05
2.119153396051842719e-05
2.118366683134809136e-05
2.116800533258356154e-05
2.115471215802244842e-05
2.113043774443212897e-05
2.111757930833846331e-05
2.110699824697803706e-05
2.109721754095517099e-05
2.108376065734773874e-05
2.106097963405773044e-05
2.103922815877012908e-05
2.103044607792980969e-05
2.101494828821159899e-05
2.100397250615060329e-05
2.099134508171118796e-05
2.097579272231087089e-05
2.096414755214937031e-05
2.094019509968347847e-05
2.091972783091478050e-05
2.090606358251534402e-05
2.089187364617828280e-05
2.087143730022944510e-05
2.086059248540550470e-05
2.085054984490852803e-05
2.084492371068336070e-05
2.083482468151487410e-05
2.081841194012667984e-05
2.080439480778295547e-05
2.079239857266657054e-05
2.077902536257170141e-05
2.076927557936869562e-05
2.075626252917572856e-05
2.074662916129454970e-05
2.074037183774635196e-05
2.073541691061109304e-05
2.072913594020064920e-05
2.072311326628550887e-05
2.071450580842792988e-05
2.070465779979713261e-05
2.069442780339159071e-05
2.068460889859125018e-05
2.067365130642428994e-05
2.065943772322498262e-05
2.064346517727244645e-05
2.062855492113158107e-05
2.060711631202138960e-05
2.059617327176965773e-05
2.058039717667270452e-05
2.056799894489813596e-05
2.054998731182422489e-05
2.053546995739452541e-05
2.052215859293937683e-05
2.051091360044665635e-05
2.049957038252614439e-05
2.049095746770035475e-05
2.047993075393605977e-05
2.046936424449086189e-05
2.045652581728063524e-05
2.044447683147154748e-05
2.043541098828427494e-05
2.042768210230860859e-05
2.040816798398736864e-05
2.039536047959700227e-05
2.037634294538293034e-05
2.036882870015688241e-05
2.035649958997964859e-05
2.033787313848733902e-05
2.031990516115911305e-05
2.029446477536112070e-05
2.028447488555684686e-05
2.025581488851457834e-05
2.023342312895692885e-05
2.021922409767284989e-05
2.020843749050982296e-05
2.019824751187115908e-05
2.018223312916234136e-05
2.016978396568447351e-05
2.015506470343098044e-05
2.013569974224083126e-05
2.012813274632208049e-05
2.011661490541882813e-05
2.011213837249670178e-05
2.010127354878932238e-05
2.008805677178315818e-05
2.007632610911969095e-05
2.006707654800266027e-05
2.005865280807483941e-05
2.005240457947365940e-05
2.004518319154158235e-05
2.003006557060871273e-05
2.002306973736267537e-05
2.001014217967167497e-05
2.000275344471447170e-05
1.999311098188627511e-05
1.998190418817102909e-05
1.997180334001313895e-05
1.996416358451824635e-05
1.995712591451592743e-05
1.994811100303195417e-05
1.993656769627705216e-05
1.992494435398839414e-05
1.991931640077382326e-05
1.991619683394674212e-05
1.991011595237068832e-05
1.990119199035689235e-05
1.989078555197920650e-05
1.988227450056001544e-05
1.987149880733340979e-05
1.986103598028421402e-05
1.984666960197500885e-05
1.982369030884001404e-05
1.981055356736760587e-05
1.979684020625427365e-05
1.977631472982466221e-05
1.976473504328168929e-05
1.974191400222480297e-05
1.973415783140808344e-05
1.972877544176299125e-05
1.972337668121326715e-05
1.971595702343620360e-05
1.970362427528016269e-05
1.970115408767014742e-05
1.968813739949837327e-05
1.968312426470220089e-05
1.967723801499232650e-05
1.966759373317472637e-05
1.965879710041917861e-05
1.965136470971629024e-05
1.964124567166436464e-05
1.963050635822582990e-05
1.960789813892915845e-05
1.959167093446012586e-05
1.958335997187532485e-05
1.956465530383866280e-05
1.954927392944227904e-05
1.953441096702590585e-05
1.952500861079897732e-05
1.950516343640629202e-05
1.948960016306955367e-05
1.948119097505696118e-05
1.947055352502502501e-05
1.946433803823310882e-05
1.944523319252766669e-05
1.943663301062770188e-05
1.942790186149068177e-05
1.942014932865276933e-05
1.941287337103858590e-05
1.939843059517443180e-05
1.938739660545252264e-05
1.936463013407774270e-05
1.935107502504251897e-05
1.934390638780314475e-05
1.933504790940787643e-05
1.932343184307683259e-05
1.931603037519380450e-05
1.929711470438633114e-05
1.928747406054753810e-05
1.926994809764437377e-05
1.926259392348583788e-05
1.925468313856981695e-05
1.924398748087696731e-05
1.923515264934394509e-05
1.922400224430020899e-05
1.921049261000007391e-05
1.919815258588641882e-05
1.917634835990611464e-05
1.916523251566104591e-05
1.914901440613903105e-05
1.913438245537690818e-05
1.911883737193420529e-05
1.910578066599555314e-05
1.908606463985051960e-05
1.907543992274440825e-05
1.905844146676827222e-05
1.904369673866312951e-05
1.903576048789545894e-05
1.902916483231820166e-05
1.902495387184899300e-05
1.901576615637168288e-05
1.901226278278045356e-05
1.900676397781353444e-05
1.900222014228347689e-05
1.899480412248522043e-05
1.898319169413298368e-05
1.896472895168699324e-05
1.895221066661179066e-05
1.893759690574370325e-05
1.892529689939692616e-05
1.891820829769130796e-05
1.891407009679824114e-05
1.889330451376736164e-05
1.888481529022101313e-05
1.887453981908038259e-05
1.886169229692313820e-05
1.883718869066797197e-05
1.882680953713133931e-05
1.881739808595739305e-05
1.880832860479131341e-05
1.880523814179468900e-05
1.879753290268126875e-05
1.878647526609711349e-05
1.877904287539422512e-05
1.876266469480469823e-05
1.875593807199038565e-05
1.874672307167202234e-05
1.873917062766849995e-05
1.873669316410087049e-05
1.872572829597629607e-05
1.871538188424892724e-05
1.869570223789196461e-05
1.867342143668793142e-05
1.865494778030551970e-05
1.863565012172330171e-05
1.859924486780073494e-05
1.858022915257606655e-05
1.855789923865813762e-05
1.852974855864886194e-05
1.852396235335618258e-05
1.849341606430243701e-05
1.847512612584978342e-05
1.845818951551336795e-05
1.845141377998515964e-05
1.843908103182911873e-05
1.842113852035254240e-05
1.840283221099525690e-05
1.838376556406728923e-05
1.836641968111507595e-05
1.835767943703103811e-05
1.834283102652989328e-05
1.832807902246713638e-05
1.831818372011184692e-05
1.829770189942792058e-05
1.828519452828913927e-05
1.827484993555117399e-05
1.826843981689307839e-05
1.826408697525039315e-05
1.825749495765194297e-05
1.824688843043986708e-05
1.824236824177205563e-05
1.823246202548034489e-05
1.822177728172391653e-05
1.821356818254571408e-05
1.820111356209963560e-05
1.818118835217319429e-05
1.816103576857130975e-05
1.814779534470289946e-05
1.814023198676295578e-05
1.813205381040461361e-05
1.812202390283346176e-05
1.810741559893358499e-05
1.810597314033657312e-05
1.809221430448815227e-05
1.808664455893449485e-05
1.808123670343775302e-05
1.807117223506793380e-05
1.806395630410406739e-05
1.806208638299722224e-05
1.805362990126013756e-05
1.804950989026110619e-05
1.804362364055123180e-05
1.803580562409479171e-05
1.802076803869567811e-05
1.801008329493924975e-05
1.799589153961278498e-05
1.798402627173345536e-05
1.797630829969421029e-05
1.796911965357139707e-05
1.796430660760961473e-05
1.795885691535659134e-05
1.795018397388048470e-05
1.793484625522978604e-05
1.792986222426407039e-05
1.791711656551342458e-05
1.791054819477722049e-05
1.790645910659804940e-05
1.790020542102865875e-05
1.788497684174217284e-05
1.786995926522649825e-05
1.786717803042847663e-05
1.785541098797693849e-05
1.785345011739991605e-05
1.784867345122620463e-05
1.783902916940860450e-05
1.783475636329967529e-05
1.782467734301462770e-05
1.782162871677428484e-05
1.781690298230387270e-05
1.781205719453282654e-05
1.780390994099434465e-05
1.779229205567389727e-05
1.778166370058897883e-05
1.777031684468965977e-05
1.776305907696951181e-05
1.775729833752848208e-05
1.775173222995363176e-05
1.774488373484928161e-05
1.773962503648363054e-05
1.773346048139501363e-05
1.772617906681261957e-05
1.772221548890229315e-05
1.771342431311495602e-05
1.770263406797312200e-05
1.769375739968381822e-05
1.768564652593340725e-05
1.768058245943393558e-05
1.767499270499683917e-05
1.766685454640537500e-05
1.765937122399918735e-05
1.764997614372987300e-05
1.763801992638036609e-05
1.763020918588154018e-05
1.762128704285714775e-05
1.761326529958751053e-05
1.760839950293302536e-05
1.760341547196730971e-05
1.759329097694717348e-05
1.758523467287886888e-05
1.757657810230739415e-05
1.757108293531928211e-05
1.756675192154943943e-05
1.755867197061888874e-05
1.755029006744734943e-05
1.753526157699525356e-05
1.752470052451826632e-05
1.751551462803035975e-05
1.750897718011401594e-05
1.750446244841441512e-05
1.749755938362795860e-05
1.748838258208706975e-05
1.748010799929033965e-05
1.747853639244567603e-05
1.747342321323230863e-05
1.747224814607761800e-05
1.746965426718816161e-05
1.746604357322212309e-05
1.745904410199727863e-05
1.745153895171824843e-05
1.744454129948280752e-05
1.743784014252014458e-05
1.743321627145633101e-05
1.742572931107133627e-05
1.741563391988165677e-05
1.740652078296989202e-05
1.740223706292454153e-05
1.739437357173301280e-05
1.739069739414844662e-05
1.738534410833381116e-05
1.737743696139659733e-05
1.736754347803071141e-05
1.736003650876227766e-05
1.735279511194676161e-05
1.734475881676189601e-05
1.733554745442233980e-05
1.732648888719268143e-05
1.732180498947855085e-05
1.731408337946049869e-05
1.730503026919905096e-05
1.729432551655918360e-05
1.728583811200223863e-05
1.728065581119153649e-05
1.727647395455278456e-05
1.727239578031003475e-05
1.726832852000370622e-05
1.726274422253482044e-05
1.726090340525843203e-05
1.725786933093331754e-05
1.725558468024246395e-05
1.725172478472813964e-05
1.724354660836979747e-05
1.723480090731754899e-05
1.722509114188142121e-05
1.721863918646704406e-05
1.721372609608806670e-05
1.720812724670395255e-05
1.720041473163291812e-05
1.719304054859094322e-05
1.718442945275455713e-05
1.717670784273650497e-05
1.716070255497470498e-05
1.715263715595938265e-05
1.714122845442034304e-05
1.713276105874683708e-05
1.712735684122890234e-05
1.711537333903834224e-05
1.710841206659097224e-05
1.709369280433747917e-05
1.708303534542210400e-05
1.707277260720729828e-05
1.706782677501905710e-05
1.706158946035429835e-05
1.705484828562475741e-05
1.704481837805360556e-05
1.703994712443090975e-05
1.703143425402231514e-05
1.702897498034872115e-05
1.702412191662006080e-05
1.701857945590745658e-05
1.700415123195853084e-05
1.699962012935429811e-05
1.698583946563303471e-05
1.697932566457893699e-05
1.696478648227639496e-05
1.695174978522118181e-05
1.693726517260074615e-05
1.692863042990211397e-05
1.692053410806693137e-05
1.691460784059017897e-05
1.690189128566998988e-05
1.689656892267521471e-05
1.688803240540437400e-05
1.687764597591012716e-05
1.687018630036618561e-05
1.685980896581895649e-05
1.684676681179553270e-05
1.683517984929494560e-05
1.682620677456725389e-05
1.681789581198245287e-05
1.680972491158172488e-05
1.680059358477592468e-05
1.679315755609422922e-05
1.678531407378613949e-05
1.677750515227671713e-05
1.676820647844579071e-05
1.675778548815287650e-05
1.674893792369402945e-05
1.673644510447047651e-05
1.672434700594749302e-05
1.671221616561524570e-05
1.670120764174498618e-05
1.669231278356164694e-05
1.668376171437557787e-05
1.667594915488734841e-05
1.666329080762807280e-05
1.665225499891676009e-05
1.663397415541112423e-05
1.662327122176066041e-05
1.660730595176573843e-05
1.660639463807456195e-05
1.658906330703757703e-05
1.658078690525144339e-05
1.657089160289615393e-05
1.655934102018363774e-05
1.655180312809534371e-05
1.654045627219602466e-05
1.653206709306687117e-05
1.652110586292110384e-05
1.651094498811289668e-05
1.650070589676033705e-05
1.649001569603569806e-05
1.647306635277345777e-05
1.645609881961718202e-05
1.643838550080545247e-05
1.642178358451928943e-05
1.640857408347073942e-05
1.639072252146434039e-05
1.638103276491165161e-05
1.637065724935382605e-05
1.636531851545441896e-05
1.635651824472006410e-05
1.634428008401300758e-05
1.631788472877815366e-05
1.630492806725669652e-05
1.627208439458627254e-05
1.625569711904972792e-05
1.622465970285702497e-05
1.622108175070025027e-05
1.619167960598133504e-05
1.618389433133415878e-05
1.617674570297822356e-05
1.617020279809366912e-05
1.616100234969053417e-05
1.615170185687020421e-05
1.613687163626309484e-05
1.612125015526544303e-05
1.610390972928144038e-05
1.608524689800105989e-05
1.607178819540422410e-05
1.605494617251679301e-05
1.603376404091250151e-05
1.602258271304890513e-05
1.601076837687287480e-05
1.600476207386236638e-05
1.599449024070054293e-05
1.598959352122619748e-05
1.598066774022299796e-05
1.597591653990093619e-05
1.596965012140572071e-05
1.595942194398958236e-05
1.594431705598253757e-05
1.593863999005407095e-05
1.593044726178050041e-05
1.592445732967462391e-05
1.591750333318486810e-05
1.591011641721706837e-05
1.590348074387293309e-05
1.589540988788940012e-05
1.588671511854045093e-05
1.585852442076429725e-05
1.585240534041076899e-05
1.583739322086330503e-05
1.582770528330001980e-05
1.582231197971850634e-05
1.581928518135100603e-05
1.581534888828173280e-05
1.580839125381316990e-05
1.580160096636973321e-05
1.579326089995447546e-05
1.578965020598843694e-05
1.578418596182018518e-05
1.577907460159622133e-05
1.577439070388209075e-05
1.576575778017286211e-05
1.575351780047640204e-05
1.574900306877680123e-05
1.573905865370761603e-05
1.573196459503378719e-05
1.572359178680926561e-05
1.571162647451274097e-05
1.569830055814236403e-05
1.568910192872863263e-05
1.568387597217224538e-05
1.567595245433039963e-05
1.567277286085300148e-05
1.566544779052492231e-05
1.565998354635667056e-05
1.565634374856017530e-05
1.564888589200563729e-05
1.564714875712525100e-05
1.564520607644226402e-05
1.564172998769208789e-05
1.563756450195796788e-05
1.563331898069009185e-05
1.562640863994602114e-05
1.562279794597998261e-05
1.561576209496706724e-05
1.561219869472552091e-05
1.560875170980580151e-05
1.560558484925422817e-05
1.560286546009592712e-05
1.559779229864943773e-05
1.559231168357655406e-05
1.558936492074280977e-05
1.558358599140774459e-05
1.557740142743568867e-05
1.557217728986870497e-05
1.556400275148916990e-05
1.556113238621037453e-05
1.555268681840971112e-05
1.554681148263625801e-05
1.553964466438628733e-05
1.553161200718022883e-05
1.552502726553939283e-05
1.551896275486797094e-05
1.551463719806633890e-05
1.551158493384718895e-05
1.550709203002043068e-05
1.550043452880345285e-05
1.549435546621680260e-05
1.548695581732317805e-05
1.548208092572167516e-05
1.547634383314289153e-05
1.547301144455559552e-05
1.546798011986538768e-05
1.545648956380318850e-05
1.543858525110408664e-05
1.543225698696915060e-05
1.541423080198001117e-05
1.540142147860024124e-05
1.538917786092497408e-05
1.536893796583171934e-05
1.536262243462260813e-05
1.532037276774644852e-05
1.530419285700190812e-05
1.529418295831419528e-05
1.528670691186562181e-05
1.527839594928082079e-05
1.527078711660578847e-05
1.526585765532217920e-05
1.525944389868527651e-05
1.525469815533142537e-05
1.524760682514170185e-05
1.523894570709671825e-05
1.522753882454708219e-05
1.521643571322783828e-05
1.520938894827850163e-05
1.519855322840157896e-05
1.519052602816373110e-05
1.517650525784119964e-05
1.516794600320281461e-05
1.515673648100346327e-05
1.514745054009836167e-05
1.514098039478994906e-05
1.513319148216396570e-05
1.512702147010713816e-05
1.512324797658948228e-05
1.511877235316205770e-05
1.511193204351002350e-05
1.510584661446046084e-05
1.509560570411849767e-05
1.508561581431422383e-05
1.507734305050689727e-05
1.507033630332443863e-05
1.506225908087799326e-05
1.505317595729138702e-05
1.505010732216760516e-05
1.504612373537383974e-05
1.503431576566072181e-05
1.501966289652045816e-05
1.500680264143738896e-05
1.500007601862307638e-05
1.499709287600126117e-05
1.499494464951567352e-05
1.499251084169372916e-05
1.498533674748614430e-05
1.497675657446961850e-05
1.497347329859621823e-05
1.496516688348492607e-05
1.496014556323643774e-05
1.495653668825980276e-05
1.495283322583418339e-05
1.494611478847218677e-05
1.494025218562455848e-05
1.493139825470279902e-05
1.492535375291481614e-05
1.491722287028096616e-05
1.491353941673878580e-05
1.490926297265104949e-05
1.490279919380554929e-05
1.489351325290044770e-05
1.488478847022634000e-05
1.487096415075939149e-05
1.486228302383096889e-05
1.485174470872152597e-05
1.483508822275325656e-05
1.482028164900839329e-05
1.480246555729536340e-05
1.479390266467817128e-05
1.478689591749571264e-05
1.478010290156817064e-05
1.476637953601311892e-05
1.476325815019663423e-05
1.474620148655958474e-05
1.473914380767382681e-05
1.473110205552075058e-05
1.472330404794774950e-05
1.471914220019243658e-05
1.471046380174811929e-05
1.470269489800557494e-05
1.469616290705744177e-05
1.469034577894490212e-05
1.468174195906613022e-05
1.467678248445736244e-05
1.466680441808421165e-05
1.465888362872647122e-05
1.465018431190401316e-05
1.463878470531199127e-05
1.463359876652248204e-05
1.462381624151021242e-05
1.461121246393304318e-05
1.460054318158654496e-05
1.458840961277019233e-05
1.458548649679869413e-05
1.458123006159439683e-05
1.457783946534618735e-05
1.457207963539985940e-05
1.456616519135423005e-05
1.455966412322595716e-05
1.455114124837564304e-05
1.454665562050649896e-05
1.454154335078783333e-05
1.453723780286964029e-05
1.453122786188032478e-05
1.452228480047779158e-05
1.451118077966384590e-05
1.450258332624798641e-05
1.449519822926959023e-05
1.448886723665054888e-05
1.448439070372842252e-05
1.447505201213061810e-05
1.446884198230691254e-05
1.445586258341791108e-05
1.445121961296536028e-05
1.444423469365574419e-05
1.444040935894008726e-05
1.443321525584906340e-05
1.442493430658942088e-05
1.441743734176270664e-05
1.441292533854721114e-05
1.440628147975075990e-05
1.439557127014268190e-05
1.437827177142025903e-05
1.436298589396756142e-05
1.435544800187926739e-05
1.434954447177005932e-05
1.434444129699841142e-05
1.433964371244655922e-05
1.433262696082238108e-05
1.432459248462691903e-05
1.431696910003665835e-05
1.431016426067799330e-05
1.430010161129757762e-05
1.429042458767071366e-05
1.428100222256034613e-05
1.427280949428677559e-05
1.426172093488276005e-05
1.425353821105090901e-05
1.424400943506043404e-05
1.423758840246591717e-05
1.422937839379301295e-05
1.421958495484432206e-05
1.421264641976449639e-05
1.420312219124753028e-05
1.419105592503910884e-05
1.418704050593078136e-05
1.418005376763176173e-05
1.417096609657164663e-05
1.416337363480124623e-05
1.415247970726341009e-05
1.413833615515613928e-05
1.413006066286470741e-05
1.412370693287812173e-05
1.411701668985188007e-05
1.411229641234967858e-05
1.410667573509272188e-05
1.410196819051634520e-05
1.409571632393635809e-05
1.408069510944187641e-05
1.406701994710601866e-05
1.405907460139133036e-05
1.405305010848678648e-05
1.404816430294886231e-05
1.404255363013362512e-05
1.403550777467899024e-05
1.403112128173233941e-05
1.402559337293496355e-05
1.402176712872460485e-05
1.401469307893421501e-05
1.400898054271237925e-05
1.400337714585475624e-05
1.399677785229869187e-05
1.399105713062454015e-05
1.398519088979810476e-05
1.397769574396079406e-05
1.397337655362207443e-05
1.396908919559791684e-05
1.396443803969305009e-05
1.396024345012847334e-05
1.395572689943946898e-05
1.394641549268271774e-05
1.394161608914146200e-05
1.393259117321576923e-05
1.392908143316162750e-05
1.392461308569181710e-05
1.392023659718688577e-05
1.391579644405283034e-05
1.390908528264844790e-05
1.389796489092987031e-05
1.389504541293717921e-05
1.388760574627667665e-05
1.388388591294642538e-05
1.388086093356832862e-05
1.387736119795590639e-05
1.387189695378765464e-05
1.386574240314075723e-05
1.385918403684627265e-05
1.385048199153970927e-05
1.384607276122551411e-05
1.384015467920107767e-05
1.383234848617576063e-05
1.382864957122365013e-05
1.382317896059248596e-05
1.381726906402036548e-05
1.381320635118754581e-05
1.380851972498930991e-05
1.380513094773050398e-05
1.380222329316893592e-05
1.379806599288713187e-05
1.378947763441829011e-05
1.377974876959342510e-05
1.376909131067804992e-05
1.376388718199450523e-05
1.375937426928430796e-05
1.375503416056744754e-05
1.375011925119906664e-05
1.374027306155767292e-05
1.373472423438215628e-05
1.372594761051004753e-05
1.372000588162336498e-05
1.371288090012967587e-05
1.370419795421184972e-05
1.369687288388377056e-05
1.369231358694378287e-05
1.369041819998528808e-05
1.368897574138827622e-05
1.368462471873499453e-05
1.367943241348257288e-05
1.367354707326740026e-05
1.366981996397953480e-05
1.366535434499382973e-05
1.366049946227576584e-05
1.365566640743054450e-05
1.364793206448666751e-05
1.364036506856791675e-05
1.363350293104304001e-05
1.362872808385873213e-05
1.362018883810378611e-05
1.361715840175747871e-05
1.361149679723894224e-05
1.360584064968861639e-05
1.359646103082923219e-05
1.359249927190830931e-05
1.358554618491325527e-05
1.357649671263061464e-05
1.357006658508908004e-05
1.356294978904770687e-05
1.355667700408957899e-05
1.355404492642264813e-05
1.355121275992132723e-05
1.355060521746054292e-05
1.354817868559621274e-05
1.354636515316087753e-05
1.354451524093747139e-05
1.354024971078615636e-05
1.353607513010501862e-05
1.353431980533059686e-05
1.353169136564247310e-05
1.353012885374482721e-05
1.352617891825502738e-05
1.352127765130717307e-05
1.351321316178655252e-05
1.350986894976813346e-05
1.350673301203642040e-05
1.350601905869552866e-05
1.350465663563227281e-05
1.350270576949696988e-05
1.349868398392572999e-05
1.349375088466331363e-05
1.349223202851135284e-05
1.348728892480721697e-05
1.348474506812635809e-05
1.348090518149547279e-05
1.347452052868902683e-05
1.346771932730916888e-05
1.346068893326446414e-05
1.345581949863117188e-05
1.345244891126640141e-05
1.344893826171755791e-05
1.344457814411725849e-05
1.344057636742945760e-05
1.343682470178464428e-05
1.343147687293821946e-05
1.342264113191049546e-05
1.341868664894718677e-05
1.341476672678254545e-05
1.340998369414592162e-05
1.340596099907997996e-05
1.339806294708978385e-05
1.339728623861446977e-05
1.339003756584133953e-05
1.338855872745625675e-05
1.338576839771121740e-05
1.338279980700463057e-05
1.337588219030294567e-05
1.337242520094150677e-05
1.336544482910539955e-05
1.336189234280027449e-05
1.335803062829654664e-05
1.335371962341014296e-05
1.334794433205388486e-05
1.334099943051114678e-05
1.333378713752608746e-05
1.332238298346055672e-05
1.331583825958659872e-05
1.330269515165127814e-05
1.329159022134263068e-05
1.327926747762830928e-05
1.327280642726691440e-05
1.327083919022697955e-05
1.326334495388437063e-05
1.325558332609944046e-05
1.324954700976377353e-05
1.324089589616050944e-05
1.323429205513093621e-05
1.322472689935239032e-05
1.320950832450762391e-05
1.320023511652834713e-05
1.319080820394447073e-05
1.318319846177473664e-05
1.317053829552605748e-05
1.316228735959157348e-05
1.315396912104915828e-05
1.314627115789335221e-05
1.314177916356129572e-05
1.313543361902702600e-05
1.312757194682490081e-05
1.312455970037262887e-05
1.311818596150260419e-05
1.311476808041334152e-05
1.310785228270106018e-05
1.309770141233457252e-05
1.308569153479766101e-05
1.307815182371996343e-05
1.306965441472129896e-05
1.306673584622330964e-05
1.306303511228179559e-05
1.306260310229845345e-05
1.305764908465789631e-05
1.305551268160343170e-05
1.305203204537974671e-05
1.304771285504102707e-05
1.304539000557269901e-05
1.303659519180655479e-05
1.303285353060346097e-05
1.302866803598590195e-05
1.302136388403596357e-05
1.300211806665174663e-05
1.298619645240250975e-05
1.297769267694093287e-05
1.296894879487808794e-05
1.296375467063626274e-05
1.295923993893666193e-05
1.295555011893156916e-05
1.294910816795891151e-05
1.294631147175095975e-05
1.293834611715283245e-05
1.293328205065336078e-05
1.292547403863864020e-05
1.291977059736382216e-05
1.291198077524313703e-05
1.290678846999071538e-05
1.290127693209797144e-05
1.289769443246768788e-05
1.288913699681870639e-05
1.288291878154268488e-05
1.287383201997727156e-05
1.286838414671365172e-05
1.286148108192719519e-05
1.285647158510982990e-05
1.285114194615744054e-05
1.284513746213633567e-05
1.284132849832531065e-05
1.283577967114979401e-05
1.283094570680987090e-05
1.282834637095220387e-05
1.282413450098829344e-05
1.281962340726749972e-05
1.281593904423061758e-05
1.281219010706990957e-05
1.280897413380444050e-05
1.280564356420654804e-05
1.280286232940852642e-05
1.279872776649426669e-05
1.279539173992816359e-05
1.279163734579924494e-05
1.278803210880141705e-05
1.278604850085685030e-05
1.278297168028075248e-05
1.278126273973612115e-05
1.277843603020301089e-05
1.277682622458087280e-05
1.277478622796479613e-05
1.277189949178136885e-05
1.276887633139267564e-05
1.276768307434394956e-05
1.276541934203123674e-05
1.276382045034551993e-05
1.276145485462620854e-05
1.275794602406676859e-05
1.275381691812071949e-05
1.274974692933028564e-05
1.274599890166427940e-05
1.274288842978421599e-05
1.273990073968889192e-05
1.273579619009979069e-05
1.273064663109835237e-05
1.272424015041906387e-05
1.272338795388350263e-05
1.271449582418426871e-05
1.270869142899755388e-05
1.270098437089473009e-05
1.269437962037045509e-05
1.269037784368265420e-05
1.268559935851953924e-05
1.268301093659829348e-05
1.268152846023440361e-05
1.267791412828955799e-05
1.267420338990632445e-05
1.266945218958426267e-05
1.266318486159434542e-05
1.265426544705405831e-05
1.264927686861483380e-05
1.264420734514715150e-05
1.264024285774212331e-05
1.263642025151057169e-05
1.263209105673013255e-05
1.262963269255124032e-05
1.262597379536600783e-05
1.262311707250773907e-05
1.261792567675001919e-05
1.261380293726688251e-05
1.261033321497961879e-05
1.260665885638445616e-05
1.260309181816410273e-05
1.259973396372515708e-05
1.259746477444423363e-05
1.259354576177429408e-05
1.259002965525723994e-05
1.258737029274925590e-05
1.258120391867123544e-05
1.257354142580879852e-05
1.256758878298569471e-05
1.256309496966423467e-05
1.255921415577176958e-05
1.255415008927229792e-05
1.254753442481160164e-05
1.254405469808261842e-05
1.254081507795490324e-05
1.253641403309302405e-05
1.253141999768558890e-05
1.252781657967716455e-05
1.252448691957397386e-05
1.252104266313835979e-05
1.251752837561070919e-05
1.251391040568705648e-05
1.251044977834681049e-05
1.250635068572591990e-05
1.250064724445110187e-05
1.249494562216568738e-05
1.249167326022870839e-05
1.248580520041286945e-05
1.248352145921671763e-05
1.248012722498970106e-05
1.247427280759438872e-05
1.247249383595772088e-05
1.246931242349091917e-05
1.246725423698080704e-05
1.246383908437564969e-05
1.246041483682347462e-05
1.245473322342149913e-05
1.244694612978491932e-05
1.244255508936475962e-05
1.243899896508082747e-05
1.243590850208420306e-05
1.242644793819636106e-05
1.242106554855126888e-05
1.241481004399247468e-05
1.240848723682574928e-05
1.240209348907228559e-05
1.239726043422706425e-05
1.239533776242751628e-05
1.239296852872939780e-05
1.239117864315630868e-05
1.238867662323173136e-05
1.238664299307856709e-05
1.238474214915186167e-05
1.238291042682249099e-05
1.238132063008379191e-05
1.237866126757580787e-05
1.237636206496972591e-05
1.237272954313084483e-05
1.236915159097407013e-05
1.236436492035863921e-05
1.236039588548010215e-05
1.235504259966546670e-05
1.234970113728195429e-05
1.234361752722179517e-05
1.233695456903660670e-05
1.233282091561704874e-05
1.232761587743880227e-05
1.231973055837443098e-05
1.231607984664151445e-05
1.230993620993103832e-05
1.230689849762711674e-05
1.230008820130024105e-05
1.229581539519131184e-05
1.229039480676874518e-05
1.228515793627593666e-05
1.228001474373741075e-05
1.227543089044047520e-05
1.227049961016746238e-05
1.226523272634949535e-05
1.225692903972230852e-05
1.225312917085830122e-05
1.224660809384658933e-05
1.224166771862655878e-05
1.223879371536895633e-05
1.223765139002352953e-05
1.223489744006656110e-05
1.223312938236631453e-05
1.223048820975236595e-05
1.222729133587563410e-05
1.222357605001889169e-05
1.222127139044459909e-05
1.221714228449855000e-05
1.221536695084068924e-05
1.221239472215529531e-05
1.221058846567757428e-05
1.220754529640544206e-05
1.220482772623654455e-05
1.220157537318300456e-05
1.220021113113034517e-05
1.219925434270408005e-05
1.219634759763721377e-05
1.219470868818461895e-05
1.219092609971994534e-05
1.218591205542907119e-05
1.218310353578999639e-05
1.217781482409918681e-05
1.217528824781766161e-05
1.217305725731421262e-05
1.217053977597970515e-05
1.216833425132790580e-05
1.216530472447630018e-05
1.216265627590473741e-05
1.215854626934742555e-05
1.215598422277253121e-05
1.215157681144773960e-05
1.214838630403392017e-05
1.214423537021502852e-05
1.214149870065739378e-05
1.213820087286876515e-05
1.213378345710225403e-05
1.213212271977681667e-05
1.212989263876806945e-05
1.212812276207841933e-05
1.212587994814384729e-05
1.212514689541421831e-05
1.212387724081054330e-05
1.212186089105671272e-05
1.211863400385482237e-05
1.211630842590238899e-05
1.211445851367898285e-05
1.211328526551369578e-05
1.211152812174987048e-05
1.210964728670660406e-05
1.210516711580567062e-05
1.210212212754413486e-05
1.210000118589960039e-05
1.209825313708279282e-05
1.209658148582093418e-05
1.209361835208255798e-05
1.209011497849132866e-05
1.208781031891703606e-05
1.208517642226070166e-05
1.208411777042783797e-05
1.208222056447993964e-05
1.208099001814844087e-05
1.208058256452204660e-05
1.207897730637341738e-05
1.207712921313941479e-05
1.207498644362203777e-05
1.207439345307648182e-05
1.207276000059209764e-05
1.207134027936263010e-05
1.207043169415555894e-05
1.206903016282012686e-05
1.206833258038386703e-05
1.206680462928488851e-05
1.206552769872359931e-05
1.206463457492645830e-05
1.206252272822894156e-05
1.205950229632435367e-05
1.205795979331014678e-05
1.205522676173131913e-05
1.205453008878976107e-05
1.205173066409770399e-05
1.204907857754733413e-05
1.204703767143655568e-05
1.204451928060734645e-05
1.204353156936122105e-05
1.204015188704943284e-05
1.203854571940610185e-05
1.203504143632017076e-05
1.203215742862084880e-05
1.202930980070959777e-05
1.202789462695363909e-05
1.202605471917195246e-05
1.202394105348503217e-05
1.202001476485747844e-05
1.201725171995349228e-05
1.201230406877584755e-05
1.200868609885219485e-05
1.200453516503330320e-05
1.200002316181780770e-05
1.199836697196587920e-05
1.199471171275945380e-05
1.199245616589905694e-05
1.198988684336654842e-05
1.198838435811921954e-05
1.198619702336145565e-05
1.198259633383713663e-05
1.197979327116627246e-05
1.197937126562464982e-05
1.197694473376031965e-05
1.197636447614058852e-05
1.197413985210005194e-05
1.197126584884244949e-05
1.196976518258452415e-05
1.196332050312776119e-05
1.195930781250353903e-05
1.195683580590412021e-05
1.195513505081180483e-05
1.195296863443218172e-05
1.195060940517578274e-05
1.194955075334291905e-05
1.194902324641589075e-05
1.194755895994603634e-05
1.194647575175622478e-05
1.194453216157853603e-05
1.194374999613501132e-05
1.194157630379777402e-05
1.194015931105241179e-05
1.193848402181174606e-05
1.193626667372882366e-05
1.193377647723536938e-05
1.193175194202922285e-05
1.192985109810251743e-05
1.192791296489303932e-05
1.192497438751161098e-05
1.192316358356038108e-05
1.192261515825521201e-05
1.192075069411657751e-05
1.191987757920287549e-05
1.191741102957166731e-05
1.191433693747967482e-05
1.191130832012277097e-05
1.190992770716547966e-05
1.190798502648249269e-05
1.190609327750280499e-05
1.190424154628999531e-05
1.189954673463944346e-05
1.189736940432339907e-05
1.189570684800855815e-05
1.189338854601373896e-05
1.189272097690263763e-05
1.189092472486663610e-05
1.188995702250394970e-05
1.188677470054244623e-05
1.188587248179828748e-05
1.188361966342199594e-05
1.188361966342199594e-05
1.188361966342199594e-05
