1.198840522766113281e+01
1.165320491790771484e+01
1.131732559204101562e+01
1.096803379058837891e+01
1.061085128784179688e+01
1.025640106201171875e+01
9.892143249511718750e+00
9.496973037719726562e+00
9.070232391357421875e+00
8.621092796325683594e+00
8.144945144653320312e+00
7.621189594268798828e+00
7.034954071044921875e+00
6.395859241485595703e+00
5.737504959106445312e+00
5.109822750091552734e+00
4.564768314361572266e+00
4.129144668579101562e+00
3.794962406158447266e+00
3.530756473541259766e+00
3.307555675506591797e+00
3.113588809967041016e+00
2.949459075927734375e+00
2.824502706527709961e+00
2.748355150222778320e+00
2.707213401794433594e+00
2.668256044387817383e+00
2.622800827026367188e+00
2.587374210357666016e+00
2.577867984771728516e+00
2.590202093124389648e+00
2.597473382949829102e+00
2.584115982055664062e+00
2.565805435180664062e+00
2.555393218994140625e+00
2.543367147445678711e+00
2.521027803421020508e+00
2.502039909362792969e+00
2.507287979125976562e+00
2.527263164520263672e+00
2.530197143554687500e+00
2.511862039566040039e+00
2.495566368103027344e+00
2.493704557418823242e+00
2.493509292602539062e+00
2.484064102172851562e+00
2.473553657531738281e+00
2.471925735473632812e+00
2.474925518035888672e+00
2.473326921463012695e+00
2.467977523803710938e+00
2.464975118637084961e+00
2.463284015655517578e+00
2.458013057708740234e+00
2.450622081756591797e+00
2.446605682373046875e+00
2.445541381835937500e+00
2.442315101623535156e+00
2.437338352203369141e+00
2.434368610382080078e+00
2.431339502334594727e+00
2.425388813018798828e+00
2.419155597686767578e+00
2.414668798446655273e+00
2.410027980804443359e+00
2.404474258422851562e+00
2.399473190307617188e+00
2.394544124603271484e+00
2.387810945510864258e+00
2.379566192626953125e+00
2.371597766876220703e+00
2.363490343093872070e+00
2.353482484817504883e+00
2.342643976211547852e+00
2.332235336303710938e+00
2.320402145385742188e+00
2.306205987930297852e+00
2.291014432907104492e+00
2.274982690811157227e+00
2.256730794906616211e+00
2.236521005630493164e+00
2.215160131454467773e+00
2.191463232040405273e+00
2.165306568145751953e+00
2.137700557708740234e+00
2.108069658279418945e+00
2.076150417327880859e+00
2.043247938156127930e+00
2.008820056915283203e+00
1.973562359809875488e+00
1.938155651092529297e+00
1.902801632881164551e+00
1.868649482727050781e+00
1.836044073104858398e+00
1.805939555168151855e+00
1.777964711189270020e+00
1.752311825752258301e+00
1.728166222572326660e+00
1.705370187759399414e+00
1.683505415916442871e+00
1.662485718727111816e+00
1.642714262008666992e+00
1.624080896377563477e+00
1.607090353965759277e+00
1.592070817947387695e+00
1.578740835189819336e+00
1.566607952117919922e+00
1.555042266845703125e+00
1.542995572090148926e+00
1.529464483261108398e+00
1.513846397399902344e+00
1.496169209480285645e+00
1.476993799209594727e+00
1.457129001617431641e+00
1.437097072601318359e+00
1.417359113693237305e+00
1.398402094841003418e+00
1.380416154861450195e+00
1.363306522369384766e+00
1.346364021301269531e+00
1.328849315643310547e+00
1.310191392898559570e+00
1.290145754814147949e+00
1.268754363059997559e+00
1.246178388595581055e+00
1.222450971603393555e+00
1.197554588317871094e+00
1.171507596969604492e+00
1.146205782890319824e+00
1.135286569595336914e+00
1.167418599128723145e+00
1.153295755386352539e+00
1.042518973350524902e+00
1.083854079246520996e+00
1.039847016334533691e+00
9.896082878112792969e-01
1.001519799232482910e+00
9.324570894241333008e-01
9.394740462303161621e-01
8.926871418952941895e-01
8.835825920104980469e-01
8.554602265357971191e-01
8.266135454177856445e-01
8.121742010116577148e-01
7.733612656593322754e-01
7.639691829681396484e-01
7.247936725616455078e-01
7.154428362846374512e-01
6.826088428497314453e-01
6.687214374542236328e-01
6.465095281600952148e-01
6.301985979080200195e-01
6.105113029479980469e-01
5.967377424240112305e-01
5.728778839111328125e-01
5.626060962677001953e-01
5.402692556381225586e-01
5.280311107635498047e-01
5.098384618759155273e-01
4.971977770328521729e-01
4.791040420532226562e-01
4.677287936210632324e-01
4.535720944404602051e-01
4.380285739898681641e-01
4.270272850990295410e-01
4.137133359909057617e-01
4.018769562244415283e-01
3.901791572570800781e-01
3.775153458118438721e-01
3.679488897323608398e-01
3.578062057495117188e-01
3.468618690967559814e-01
3.374084830284118652e-01
3.296101391315460205e-01
3.212780952453613281e-01
3.145040869712829590e-01
3.114889562129974365e-01
3.170828819274902344e-01
3.354674577713012695e-01
3.757300376892089844e-01
3.613873720169067383e-01
2.856590151786804199e-01
2.934616208076477051e-01
3.246565461158752441e-01
2.670875191688537598e-01
2.715239524841308594e-01
2.838293015956878662e-01
2.443434149026870728e-01
2.557761669158935547e-01
2.554635405540466309e-01
2.318910956382751465e-01
2.396488189697265625e-01
2.318244874477386475e-01
2.228253483772277832e-01
2.185573577880859375e-01
2.172944843769073486e-01
2.126419544219970703e-01
2.005993574857711792e-01
2.066982388496398926e-01
2.019133269786834717e-01
1.889138221740722656e-01
1.883807480335235596e-01
1.879553943872451782e-01
1.877798885107040405e-01
1.874081492424011230e-01
1.858186274766921997e-01
1.835465133190155029e-01
1.777015626430511475e-01
1.743261218070983887e-01
1.619279831647872925e-01
1.552199423313140869e-01
1.509339809417724609e-01
1.450069248676300049e-01
1.375117301940917969e-01
1.321548968553543091e-01
1.282690465450286865e-01
1.252659559249877930e-01
1.223917901515960693e-01
1.187451109290122986e-01
1.156675815582275391e-01
1.130137890577316284e-01
1.095751821994781494e-01
1.064705923199653625e-01
1.041208356618881226e-01
1.026043444871902466e-01
1.009072512388229370e-01
9.919657558202743530e-02
9.789577871561050415e-02
9.641906619071960449e-02
9.463576227426528931e-02
9.235101938247680664e-02
9.074635058641433716e-02
8.916647732257843018e-02
8.783984184265136719e-02
8.666265010833740234e-02
8.543933928012847900e-02
8.400820940732955933e-02
8.261203765869140625e-02
8.109810948371887207e-02
8.008285611867904663e-02
7.891194522380828857e-02
7.751198112964630127e-02
7.619329541921615601e-02
7.497684657573699951e-02
7.361063361167907715e-02
7.222867012023925781e-02
7.084406912326812744e-02
6.932953000068664551e-02
6.853127479553222656e-02
6.779997795820236206e-02
6.712587177753448486e-02
6.613389402627944946e-02
6.464663147926330566e-02
6.329555809497833252e-02
6.213275715708732605e-02
6.132066994905471802e-02
6.071558594703674316e-02
6.020406633615493774e-02
5.976473167538642883e-02
5.872016772627830505e-02
5.778552591800689697e-02
5.668468773365020752e-02
5.559143424034118652e-02
5.332359671592712402e-02
4.969045147299766541e-02
4.753176495432853699e-02
4.692748188972473145e-02
4.641614109277725220e-02
4.599942266941070557e-02
4.586099088191986084e-02
4.565765336155891418e-02
4.515009373426437378e-02
4.466445371508598328e-02
4.387639090418815613e-02
4.332312196493148804e-02
4.288275539875030518e-02
4.234075918793678284e-02
4.172710329294204712e-02
4.101333767175674438e-02
3.975848853588104248e-02
3.846953809261322021e-02
3.750374168157577515e-02
3.696948662400245667e-02
3.666898980736732483e-02
3.643409907817840576e-02
3.611314669251441956e-02
3.578395023941993713e-02
3.532488644123077393e-02
3.485669195652008057e-02
3.444884717464447021e-02
3.389775380492210388e-02
3.344140574336051941e-02
3.312753140926361084e-02
3.269100189208984375e-02
3.217406198382377625e-02
3.178250044584274292e-02
3.139527514576911926e-02
3.121670708060264587e-02
3.109628707170486450e-02
3.094924055039882660e-02
3.065086901187896729e-02
3.000550717115402222e-02
2.947206608951091766e-02
2.893281728029251099e-02
2.871389500796794891e-02
2.856817282736301422e-02
2.843608520925045013e-02
2.826875448226928711e-02
2.792426384985446930e-02
2.753910794854164124e-02
2.727536484599113464e-02
2.703590318560600281e-02
2.688048779964447021e-02
2.673091553151607513e-02
2.651799470186233521e-02
2.636654488742351532e-02
2.621050924062728882e-02
2.609721384942531586e-02
2.597005106508731842e-02
2.586234919726848602e-02
2.567968517541885376e-02
2.545593492686748505e-02
2.517430484294891357e-02
2.484825253486633301e-02
2.457707561552524567e-02
2.444917336106300354e-02
2.433342300355434418e-02
2.420457266271114349e-02
2.412070333957672119e-02
2.394343167543411255e-02
2.376694604754447937e-02
2.358439564704895020e-02
2.346244081854820251e-02
2.336873486638069153e-02
2.327837422490119934e-02
2.310612238943576813e-02
2.285966277122497559e-02
2.257268317043781281e-02
2.222895994782447815e-02
2.201094478368759155e-02
2.188018336892127991e-02
2.175888605415821075e-02
2.160320989787578583e-02
2.152329310774803162e-02
2.145413681864738464e-02
2.139624767005443573e-02
2.129960805177688599e-02
2.121346071362495422e-02
2.104716375470161438e-02
2.078421786427497864e-02
2.040890976786613464e-02
1.994429901242256165e-02
1.956856623291969299e-02
1.932363770902156830e-02
1.918731629848480225e-02
1.909240335226058960e-02
1.898184046149253845e-02
1.883946172893047333e-02
1.868657395243644714e-02
1.828219555318355560e-02
1.777176186442375183e-02
1.740915328264236450e-02
1.720095612108707428e-02
1.701330021023750305e-02
1.684957183897495270e-02
1.679101586341857910e-02
1.674925908446311951e-02
1.664632745087146759e-02
1.651002280414104462e-02
1.641145534813404083e-02
1.615999639034271240e-02
1.604608818888664246e-02
1.599029824137687683e-02
1.594969071447849274e-02
1.591619104146957397e-02
1.586767286062240601e-02
1.583865657448768616e-02
1.578446477651596069e-02
1.572352088987827301e-02
1.565207540988922119e-02
1.560034323483705521e-02
1.551365852355957031e-02
1.544255390763282776e-02
1.534993480890989304e-02
1.525250822305679321e-02
1.517146173864603043e-02
1.507116574794054031e-02
1.489779446274042130e-02
1.462902501225471497e-02
1.448450610041618347e-02
1.433905214071273804e-02
1.429601758718490601e-02
1.425298303365707397e-02
1.421200018376111984e-02
1.411148719489574432e-02
1.404961012303829193e-02
1.394751109182834625e-02
1.384313404560089111e-02
1.374903321266174316e-02
1.364951767027378082e-02
1.354615297168493271e-02
1.344333402812480927e-02
1.329492591321468353e-02
1.312782242894172668e-02
1.302415691316127777e-02
1.294391695410013199e-02
1.288900338113307953e-02
1.283845119178295135e-02
1.270086131989955902e-02
1.252711378037929535e-02
1.233428996056318283e-02
1.219983212649822235e-02
1.211482938379049301e-02
1.200134214013814926e-02
1.192481257021427155e-02
1.184816844761371613e-02
1.175691559910774231e-02
1.169866416603326797e-02
1.161627098917961121e-02
1.156507525593042374e-02
1.152265071868896484e-02
1.147748529911041260e-02
1.142933778464794159e-02
1.138629019260406494e-02
1.133702136576175690e-02
1.128881238400936127e-02
1.123693585395812988e-02
1.119032222777605057e-02
1.116018183529376984e-02
1.113060675561428070e-02
1.109235174953937531e-02
1.104565896093845367e-02
1.098960451781749725e-02
1.092994399368762970e-02
1.086690369993448257e-02
1.082056201994419098e-02
1.075455266982316971e-02
1.067934557795524597e-02
1.053557172417640686e-02
1.044931821525096893e-02
1.028492115437984467e-02
1.023323927074670792e-02
1.020258199423551559e-02
1.016017142683267593e-02
1.011342555284500122e-02
1.007303409278392792e-02
1.004009041935205460e-02
9.993227198719978333e-03
9.938324801623821259e-03
9.842247702181339264e-03
9.749523364007472992e-03
9.648343548178672791e-03
9.595695883035659790e-03
9.519989602267742157e-03
9.472640231251716614e-03
9.401526302099227905e-03
9.313432499766349792e-03
9.246813133358955383e-03
9.191743098199367523e-03
9.164503775537014008e-03
9.121419861912727356e-03
9.062995202839374542e-03
9.038653224706649780e-03
9.001938626170158386e-03
8.971125818789005280e-03
8.944226428866386414e-03
8.909825235605239868e-03
8.853182196617126465e-03
8.778957650065422058e-03
8.700211532413959503e-03
8.642109110951423645e-03
8.616701699793338776e-03
8.577460423111915588e-03
8.532892912626266479e-03
8.461116813123226166e-03
8.392787538468837738e-03
8.312155492603778839e-03
8.243373595178127289e-03
8.178510703146457672e-03
8.099769242107868195e-03
8.043688721954822540e-03
7.999849505722522736e-03
7.963101379573345184e-03
7.916414178907871246e-03
7.870227098464965820e-03
7.823532447218894958e-03
7.773830089718103409e-03
7.726129144430160522e-03
7.694973144680261612e-03
7.678157649934291840e-03
7.645941805094480515e-03
7.617845200002193451e-03
7.564163301140069962e-03
7.507758680731058121e-03
7.445841562002897263e-03
7.374661508947610855e-03
7.300343830138444901e-03
7.246171589940786362e-03
7.149092853069305420e-03
7.089417893439531326e-03
7.069732062518596649e-03
7.050053216516971588e-03
7.036798633635044098e-03
7.011021487414836884e-03
6.988974753767251968e-03
6.964635569602251053e-03
6.937589496374130249e-03
6.900030188262462616e-03
6.885630078613758087e-03
6.866291165351867676e-03
6.857058033347129822e-03
6.846440955996513367e-03
6.834060419350862503e-03
6.816759705543518066e-03
6.801324896514415741e-03
6.774462759494781494e-03
6.751073058694601059e-03
6.725570186972618103e-03
6.692377850413322449e-03
6.632319185882806778e-03
6.601393222808837891e-03
6.549919024109840393e-03
6.511756218969821930e-03
6.478475872427225113e-03
6.436014547944068909e-03
6.404247600585222244e-03
6.374242715537548065e-03
6.353676319122314453e-03
6.336522288620471954e-03
6.311424076557159424e-03
6.274313200265169144e-03
6.253461353480815887e-03
6.211622152477502823e-03
6.175193935632705688e-03
6.151603534817695618e-03
6.129086948931217194e-03
6.113346200436353683e-03
6.091025192290544510e-03
6.072155665606260300e-03
6.050532218068838120e-03
6.007745396345853806e-03
5.984213668853044510e-03
5.944847594946622849e-03
5.920402240008115768e-03
5.902942735701799393e-03
5.877942312508821487e-03
5.854263901710510254e-03
5.828257650136947632e-03
5.790764000266790390e-03
5.751471966505050659e-03
5.716042593121528625e-03
5.699246190488338470e-03
5.679851397871971130e-03
5.670481827110052109e-03
5.657608155161142349e-03
5.635408684611320496e-03
5.611915607005357742e-03
5.595051683485507965e-03
5.582092329859733582e-03
5.572957918047904968e-03
5.560989025980234146e-03
5.550813861191272736e-03
5.542722996324300766e-03
5.537422373890876770e-03
5.524924024939537048e-03
5.516710691154003143e-03
5.510573275387287140e-03
5.502357147634029388e-03
5.483243148773908615e-03
5.474442616105079651e-03
5.469620227813720703e-03
5.440318491309881210e-03
5.433446727693080902e-03
5.420056637376546860e-03
5.406001582741737366e-03
5.388162564486265182e-03
5.369332619011402130e-03
5.353323649615049362e-03
5.339380353689193726e-03
5.314045585691928864e-03
5.281766876578330994e-03
5.242145620286464691e-03
5.205749534070491791e-03
5.195686593651771545e-03
5.166741088032722473e-03
5.150930024683475494e-03
5.119126755744218826e-03
5.071559920907020569e-03
5.026435013860464096e-03
5.008358974009752274e-03
4.993258044123649597e-03
4.978958982974290848e-03
4.965610336512327194e-03
4.943280015140771866e-03
4.913566634058952332e-03
4.883470479398965836e-03
4.860572051256895065e-03
4.844396375119686127e-03
4.829939454793930054e-03
4.816371947526931763e-03
4.806276410818099976e-03
4.795582965016365051e-03
4.793116357177495956e-03
4.774291533976793289e-03
4.766237922012805939e-03
4.754811991006135941e-03
4.745547194033861160e-03
4.734384827315807343e-03
4.719739314168691635e-03
4.709935281425714493e-03
4.701436962932348251e-03
4.693861585110425949e-03
4.675711505115032196e-03
4.663242958486080170e-03
4.639951512217521667e-03
4.617988131940364838e-03
4.597194492816925049e-03
4.571105353534221649e-03
4.547165706753730774e-03
4.512416198849678040e-03
4.475543275475502014e-03
4.453108180314302444e-03
4.432817455381155014e-03
4.414194729179143906e-03
4.389506764709949493e-03
4.366542678326368332e-03
4.340388346463441849e-03
4.307576455175876617e-03
4.276019055396318436e-03
4.246509168297052383e-03
4.224966280162334442e-03
4.189218394458293915e-03
4.159127827733755112e-03
4.128213040530681610e-03
4.080140031874179840e-03
4.055402707308530807e-03
4.038291051983833313e-03
4.016381688416004181e-03
3.987391944974660873e-03
3.970440942794084549e-03
3.957815468311309814e-03
3.952346276491880417e-03
3.944475669413805008e-03
3.936005290597677231e-03
3.925423603504896164e-03
3.913325723260641098e-03
3.899804782122373581e-03
3.889108775183558464e-03
3.872518427670001984e-03
3.858135314658284187e-03
3.825470805168151855e-03
3.792810719460248947e-03
3.770763520151376724e-03
3.746867645531892776e-03
3.732947167009115219e-03
3.717249725013971329e-03
3.707056166604161263e-03
3.692743601277470589e-03
3.680383088067173958e-03
3.661176189780235291e-03
3.651120234280824661e-03
3.640254959464073181e-03
3.629629500210285187e-03
3.615549532696604729e-03
3.602147568017244339e-03
3.592039225623011589e-03
3.585072699934244156e-03
3.575314767658710480e-03
3.563338657841086388e-03
3.549549262970685959e-03
3.535930532962083817e-03
3.526204265654087067e-03
3.519535064697265625e-03
3.512516617774963379e-03
3.509504254907369614e-03
3.499487880617380142e-03
3.491897601634263992e-03
3.483113599941134453e-03
3.471100237220525742e-03
3.452622098848223686e-03
3.444426925852894783e-03
3.428279887884855270e-03
3.422869835048913956e-03
3.415595507249236107e-03
3.414071630686521530e-03
3.398698521777987480e-03
3.392753424122929573e-03
3.383822273463010788e-03
3.371650120243430138e-03
3.343417076393961906e-03
3.322848118841648102e-03
3.298599505797028542e-03
3.283990779891610146e-03
3.271181834861636162e-03
3.259000368416309357e-03
3.244342748075723648e-03
3.229432506486773491e-03
3.218164434656500816e-03
3.202504944056272507e-03
3.195836907252669334e-03
3.187603782862424850e-03
3.182635875418782234e-03
3.176728030666708946e-03
3.170708194375038147e-03
3.161095548421144485e-03
3.153316676616668701e-03
3.146932227537035942e-03
3.141818335279822350e-03
3.133668564260005951e-03
3.126866184175014496e-03
3.117417218163609505e-03
3.109833691269159317e-03
3.104266244918107986e-03
3.099230583757162094e-03
3.095579100772738457e-03
3.091855905950069427e-03
3.084502648562192917e-03
3.077214583754539490e-03
3.067718818783760071e-03
3.059859387576580048e-03
3.049598308280110359e-03
3.043254371732473373e-03
3.024626523256301880e-03
3.016398521140217781e-03
3.002906218171119690e-03
2.990549663081765175e-03
2.985932165756821632e-03
2.974545350298285484e-03
2.967083360999822617e-03
2.955787349492311478e-03
2.939655911177396774e-03
2.921040868386626244e-03
2.902969950810074806e-03
2.897424856200814247e-03
2.887609880417585373e-03
2.880931366235017776e-03
2.869389718398451805e-03
2.854700898751616478e-03
2.841465407982468605e-03
2.826544921845197678e-03
2.818261273205280304e-03
2.809666562825441360e-03
2.804121235385537148e-03
2.800758462399244308e-03
2.795855514705181122e-03
2.785497345030307770e-03
2.778709633275866508e-03
2.768583828583359718e-03
2.755923895165324211e-03
2.747957361862063408e-03
2.734142355620861053e-03
2.730502281337976456e-03
2.719287760555744171e-03
2.715139649808406830e-03
2.710594097152352333e-03
2.703069243580102921e-03
2.693737857043743134e-03
2.683653030544519424e-03
2.682512160390615463e-03
2.678093034774065018e-03
2.671052236109972000e-03
2.661332953721284866e-03
2.653256058692932129e-03
2.645059721544384956e-03
2.637401223182678223e-03
2.630669623613357544e-03
2.624573418870568275e-03
2.614665543660521507e-03
2.610525814816355705e-03
2.602005843073129654e-03
2.594370394945144653e-03
2.588842529803514481e-03
2.582490211352705956e-03
2.572855679318308830e-03
2.564580179750919342e-03
2.557023428380489349e-03
2.550057135522365570e-03
2.543073846027255058e-03
2.538113621994853020e-03
2.533265622332692146e-03
2.525830408558249474e-03
2.516942331567406654e-03
2.507328288629651070e-03
2.501497743651270866e-03
2.497547771781682968e-03
2.493547275662422180e-03
2.488098340108990669e-03
2.479369752109050751e-03
2.475417219102382660e-03
2.451274544000625610e-03
2.439425326883792877e-03
2.429879503324627876e-03
2.423282712697982788e-03
2.418005838990211487e-03
2.409674925729632378e-03
2.393212169408798218e-03
2.382489852607250214e-03
2.376302145421504974e-03
2.370990812778472900e-03
2.368212910369038582e-03
2.361683407798409462e-03
2.357163932174444199e-03
2.351821400225162506e-03
2.348640002310276031e-03
2.345789223909378052e-03
2.341414801776409149e-03
2.336824312806129456e-03
2.331777708604931831e-03
2.325752517208456993e-03
2.319677267223596573e-03
2.309890463948249817e-03
2.307172631844878197e-03
2.299382118508219719e-03
2.290971111506223679e-03
2.285046968609094620e-03
2.278464613482356071e-03
2.276151673868298531e-03
2.270642202347517014e-03
2.266120864078402519e-03
2.262404887005686760e-03
2.256996231153607368e-03
2.249575685709714890e-03
2.241528825834393501e-03
2.234955783933401108e-03
2.229561097919940948e-03
2.227031392976641655e-03
2.223768038675189018e-03
2.217848785221576691e-03
2.212760504335165024e-03
2.204414224252104759e-03
2.201553899794816971e-03
2.192927990108728409e-03
2.189962891861796379e-03
2.187290461733937263e-03
2.183790318667888641e-03
2.180022653192281723e-03
2.176177920773625374e-03
2.173390239477157593e-03
2.166450489312410355e-03
2.161182463169097900e-03
2.156622009351849556e-03
2.149369567632675171e-03
2.144931349903345108e-03
2.141976729035377502e-03
2.138371579349040985e-03
2.133623231202363968e-03
2.127483952790498734e-03
2.125038299709558487e-03
2.120926044881343842e-03
2.118844771757721901e-03
2.116051735356450081e-03
2.115252427756786346e-03
2.112202579155564308e-03
2.110743196681141853e-03
2.108543645590543747e-03
2.105704508721828461e-03
2.101859077811241150e-03
2.097739372402429581e-03
2.092515118420124054e-03
2.085900167003273964e-03
2.079972997307777405e-03
2.072665607556700706e-03
2.070172689855098724e-03
2.065461594611406326e-03
2.062727464362978935e-03
2.058824757114052773e-03
2.056669443845748901e-03
2.052651019766926765e-03
2.052219817414879799e-03
2.050325507298111916e-03
2.048914553597569466e-03
2.047069137915968895e-03
2.045195549726486206e-03
2.041770378127694130e-03
2.037042286247014999e-03
2.032960532233119011e-03
2.030496485531330109e-03
2.025492722168564796e-03
2.022939501330256462e-03
2.021163934841752052e-03
2.018633997067809105e-03
2.014269353821873665e-03
2.007347997277975082e-03
1.999900210648775101e-03
1.995095517486333847e-03
1.991328550502657890e-03
1.986932940781116486e-03
1.982729649171233177e-03
1.978227403014898300e-03
1.974275335669517517e-03
1.971244579181075096e-03
1.968260854482650757e-03
1.964584924280643463e-03
1.960076158866286278e-03
1.956087537109851837e-03
1.952015794813632965e-03
1.949289580807089806e-03
1.945990719832479954e-03
1.942129572853446007e-03
1.939825830049812794e-03
1.935181557200849056e-03
1.932179555296897888e-03
1.927443314343690872e-03
1.924709649756550789e-03
1.922677503898739815e-03
1.921418006531894207e-03
1.918881083838641644e-03
1.915665925480425358e-03
1.913128187879920006e-03
1.909850747324526310e-03
1.905084005557000637e-03
1.900976873002946377e-03
1.896985573694109917e-03
1.893268781714141369e-03
1.890929648652672768e-03
1.887905178591609001e-03
1.885181758552789688e-03
1.882903045043349266e-03
1.881076721474528313e-03
1.876776339486241341e-03
1.874111359938979149e-03
1.871977001428604126e-03
1.866177888587117195e-03
1.862872741185128689e-03
1.856448594480752945e-03
1.851947279646992683e-03
1.844972837716341019e-03
1.841617166064679623e-03
1.839580945670604706e-03
1.837871968746185303e-03
1.835573697462677956e-03
1.832186710089445114e-03
1.828577253036201000e-03
1.825656858272850513e-03
1.825380837544798851e-03
1.822246238589286804e-03
1.820277422666549683e-03
1.817715121433138847e-03
1.815663417801260948e-03
1.813687267713248730e-03
1.812230329960584641e-03
1.809712499380111694e-03
1.805933308787643909e-03
1.804559957236051559e-03
1.799730118364095688e-03
1.798367709852755070e-03
1.797069329768419266e-03
1.795677933841943741e-03
1.791258691810071468e-03
1.786395092494785786e-03
1.780550926923751831e-03
1.776569057255983353e-03
1.772888936102390289e-03
1.770837581716477871e-03
1.766038243658840656e-03
1.761924941092729568e-03
1.757639460265636444e-03
1.749019953422248363e-03
1.747761853039264679e-03
1.740472973324358463e-03
1.734986319206655025e-03
1.730772200971841812e-03
1.727168331854045391e-03
1.723341993056237698e-03
1.718631247058510780e-03
1.712604891508817673e-03
1.703562098555266857e-03
1.698322710581123829e-03
1.692803925834596157e-03
1.688975840806961060e-03
1.682740170508623123e-03
1.676893327385187149e-03
1.672172569669783115e-03
1.668072072789072990e-03
1.665284857153892517e-03
1.659580506384372711e-03
1.653250772505998611e-03
1.648289849981665611e-03
1.641545328311622143e-03
1.636768341995775700e-03
1.630281098186969757e-03
1.627302495762705803e-03
1.624212367460131645e-03
1.621291274204850197e-03
1.616629073396325111e-03
1.614352106116712093e-03
1.611280138604342937e-03
1.607669051736593246e-03
1.606104895472526550e-03
1.602177741006016731e-03
1.599569106474518776e-03
1.597560825757682323e-03
1.595577923581004143e-03
1.593604451045393944e-03
1.591177657246589661e-03
1.589571940712630749e-03
1.587224658578634262e-03
1.584575744345784187e-03
1.581571297720074654e-03
1.577077200636267662e-03
1.573788700625300407e-03
1.570863649249076843e-03
1.567370025441050529e-03
1.564055564813315868e-03
1.562083722092211246e-03
1.560757751576602459e-03
1.560161937959492207e-03
1.559149590320885181e-03
1.558189513161778450e-03
1.557397306896746159e-03
1.556012197397649288e-03
1.555737806484103203e-03
1.552966539748013020e-03
1.551776425912976265e-03
1.549893524497747421e-03
1.548859640024602413e-03
1.547187566757202148e-03
1.545533072203397751e-03
1.544195227324962616e-03
1.543183694593608379e-03
1.540886238217353821e-03
1.537803909741342068e-03
1.533982809633016586e-03
1.533264294266700745e-03
1.530891051515936852e-03
1.528186956420540810e-03
1.525810104794800282e-03
1.522876438684761524e-03
1.520539168268442154e-03
1.517655327916145325e-03
1.514019444584846497e-03
1.511772628873586655e-03
1.506993430666625500e-03
1.504368148744106293e-03
1.501358696259558201e-03
1.499442034400999546e-03
1.495834672823548317e-03
1.493349787779152393e-03
1.490225666202604771e-03
1.489559072069823742e-03
1.483895117416977882e-03
1.481364131905138493e-03
1.478778431192040443e-03
1.477755373343825340e-03
1.475821714848279953e-03
1.473573269322514534e-03
1.471909694373607635e-03
1.469315029680728912e-03
1.468195230700075626e-03
1.466540619730949402e-03
1.464547705836594105e-03
1.461767707951366901e-03
1.459559192880988121e-03
1.458161859773099422e-03
1.456609345041215420e-03
1.454768935218453407e-03
1.453548204153776169e-03
1.452414668165147305e-03
1.451462972909212112e-03
1.451073330827057362e-03
1.450629904866218567e-03
1.449985196813941002e-03
1.449440955184400082e-03
1.448082504794001579e-03
1.447384827770292759e-03
1.445977832190692425e-03
1.444964320398867130e-03
1.443996676243841648e-03
1.442240900360047817e-03
1.440304215066134930e-03
1.439061830751597881e-03
1.437723170965909958e-03
1.437058672308921814e-03
1.436275546438992023e-03
1.434997888281941414e-03
1.434463309124112129e-03
1.432928605936467648e-03
1.432118937373161316e-03
1.430296688340604305e-03
1.429322175681591034e-03
1.427812268957495689e-03
1.426235889084637165e-03
1.423690002411603928e-03
1.421840745024383068e-03
1.419273903593420982e-03
1.417363528162240982e-03
1.415793551132082939e-03
1.414662227034568787e-03
1.412818441167473793e-03
1.410239841789007187e-03
1.408377313055098057e-03
1.405449234880506992e-03
1.400202279910445213e-03
1.397628569975495338e-03
1.394930877722799778e-03
1.393679529428482056e-03
1.390987541526556015e-03
1.388811157085001469e-03
1.385023701004683971e-03
1.384029863402247429e-03
1.376802567392587662e-03
1.374099403619766235e-03
1.371867489069700241e-03
1.370692043565213680e-03
1.368926372379064560e-03
1.365879783406853676e-03
1.363885239697992802e-03
1.360211987048387527e-03
1.357256202027201653e-03
1.354877953417599201e-03
1.352512976154685020e-03
1.350274542346596718e-03
1.349094090983271599e-03
1.345551223494112492e-03
1.344063901342451572e-03
1.341900206170976162e-03
1.339675625786185265e-03
1.338537083938717842e-03
1.335869892500340939e-03
1.334956730715930462e-03
1.333581283688545227e-03
1.331711071543395519e-03
1.329228049144148827e-03
1.327667967416346073e-03
1.325900200754404068e-03
1.323152100667357445e-03
1.321961404755711555e-03
1.319908071309328079e-03
1.319290371611714363e-03
1.316562411375343800e-03
1.314911292865872383e-03
1.314117107540369034e-03
1.312404521740972996e-03
1.311557833105325699e-03
1.310684019699692726e-03
1.309609622694551945e-03
1.308273174799978733e-03
1.306611811742186546e-03
1.305614481680095196e-03
1.302689546719193459e-03
1.301334705203771591e-03
1.300122821703553200e-03
1.298904651775956154e-03
1.298365416005253792e-03
1.296558883041143417e-03
1.295827445574104786e-03
1.294275978580117226e-03
1.292951987124979496e-03
1.291503431275486946e-03
1.289609353989362717e-03
1.287872903048992157e-03
1.284697442315518856e-03
1.281986711546778679e-03
1.279858872294425964e-03
1.276780036278069019e-03
1.275241025723516941e-03
1.272888504900038242e-03
1.269009779207408428e-03
1.265682512894272804e-03
1.262973994016647339e-03
1.260947436094284058e-03
1.259589917026460171e-03
1.257270341739058495e-03
1.254756702110171318e-03
1.250032801181077957e-03
1.247479813173413277e-03
1.245631487108767033e-03
1.243602251634001732e-03
1.241763471625745296e-03
1.239364966750144958e-03
1.237796968780457973e-03
1.236247946508228779e-03
1.234557013958692551e-03
1.233245944604277611e-03
1.231200294569134712e-03
1.227566157467663288e-03
1.224000123329460621e-03
1.218434656038880348e-03
1.212584320455789566e-03
1.206343178637325764e-03
1.196748577058315277e-03
1.189802191220223904e-03
1.184903667308390141e-03
1.181578263640403748e-03
1.179161714389920235e-03
1.176207093521952629e-03
1.173301599919795990e-03
1.171401469036936760e-03
1.167563721537590027e-03
1.160545740276575089e-03
1.153974793851375580e-03
1.150208176113665104e-03
1.146070891991257668e-03
1.143352477811276913e-03
1.140616252087056637e-03
1.138373278081417084e-03
1.137437880970537663e-03
1.135965110734105110e-03
1.134356600232422352e-03
1.132365781813859940e-03
1.131658093072474003e-03
1.128995209001004696e-03
1.126917893998324871e-03
1.123164081946015358e-03
1.119369990192353725e-03
1.116326428018510342e-03
1.111715566366910934e-03
1.108548603951931000e-03
1.104902941733598709e-03
1.101139117963612080e-03
1.098958891816437244e-03
1.096052699722349644e-03
1.094691688194870949e-03
1.092714141122996807e-03
1.091392710804939270e-03
1.089285244233906269e-03
1.086991047486662865e-03
1.084671122953295708e-03
1.081968774087727070e-03
1.079461886547505856e-03
1.077446504496037960e-03
1.075010048225522041e-03
1.073718536645174026e-03
1.071981852874159813e-03
1.070266240276396275e-03
1.069189049303531647e-03
1.068006851710379124e-03
1.066710450686514378e-03
1.065469696186482906e-03
1.064401352778077126e-03
1.063196803443133831e-03
1.062006573192775249e-03
1.060568261891603470e-03
1.058639143593609333e-03
1.056578708812594414e-03
1.054020016454160213e-03
1.051333150826394558e-03
1.050010439939796925e-03
1.048732432536780834e-03
1.046577352099120617e-03
1.044214470311999321e-03
1.042019343003630638e-03
1.041551586240530014e-03
1.038763206452131271e-03
1.037402427755296230e-03
1.035298919305205345e-03
1.032562693580985069e-03
1.030461513437330723e-03
1.027131336741149426e-03
1.025210716761648655e-03
1.024025259539484978e-03
1.022959710098803043e-03
1.020836760289967060e-03
1.019284245558083057e-03
1.015673042275011539e-03
1.012091641314327717e-03
1.009587780572474003e-03
1.009209663607180119e-03
1.006831414997577667e-03
1.005735364742577076e-03
1.004496938548982143e-03
1.003313576802611351e-03
1.002178643830120564e-03
1.000911695882678032e-03
1.000058837234973907e-03
9.992893319576978683e-04
9.989181999117136002e-04
9.984006173908710480e-04
9.977832669392228127e-04
9.972705738618969917e-04
9.960042079910635948e-04
9.946782374754548073e-04
9.932932443916797638e-04
9.923574980348348618e-04
9.908715728670358658e-04
9.904102189466357231e-04
9.894310496747493744e-04
9.867392946034669876e-04
9.830819908529520035e-04
9.806735906749963760e-04
9.785029105842113495e-04
9.776116348803043365e-04
9.766843868419528008e-04
9.752816986292600632e-04
9.741222020238637924e-04
9.732129401527345181e-04
9.724600240588188171e-04
9.716233471408486366e-04
9.708314901217818260e-04
9.702873649075627327e-04
9.697083150967955589e-04
9.689769358374178410e-04
9.672673768363893032e-04
9.655255125835537910e-04
9.635745082050561905e-04
9.616090101189911366e-04
9.600934572517871857e-04
9.579111938364803791e-04
9.553109994158148766e-04
9.548629750497639179e-04
9.530819370411336422e-04
9.522121399641036987e-04
9.515307028777897358e-04
9.508740622550249100e-04
9.501108434051275253e-04
9.492032695561647415e-04
9.482240420766174793e-04
9.472016827203333378e-04
9.459033608436584473e-04
9.442603914067149162e-04
9.417262626811861992e-04
9.399821283295750618e-04
9.383919532410800457e-04
9.363038698211312294e-04
9.345145081169903278e-04
9.327828884124755859e-04
9.308183798566460609e-04
9.297733195126056671e-04
9.290454327128827572e-04
9.284939733333885670e-04
9.266553679481148720e-04
9.251701994799077511e-04
9.244155371561646461e-04
9.225604590028524399e-04
9.216254111379384995e-04
9.209727868437767029e-04
9.200832573696970940e-04
9.193199221044778824e-04
9.176789317280054092e-04
9.153429418802261353e-04
9.131957776844501495e-04
9.107005316764116287e-04
9.101143805310130119e-04
9.076972492039203644e-04
9.068864164873957634e-04
9.062746539711952209e-04
9.057051502168178558e-04
9.044333128258585930e-04
9.037823183462023735e-04
9.027600171975791454e-04
9.021210717037320137e-04
9.011112269945442677e-04
9.003046434372663498e-04
8.998615085147321224e-04
8.989018970169126987e-04
8.983112638816237450e-04
8.965266169980168343e-04
8.957105455920100212e-04
8.943038992583751678e-04
8.936860831454396248e-04
8.932266500778496265e-04
8.927703020162880421e-04
8.922731503844261169e-04
8.913272758945822716e-04
8.907237206585705280e-04
8.898789528757333755e-04
8.889092714525759220e-04
8.880727109499275684e-04
8.858159417286515236e-04
8.836089400574564934e-04
8.830375154502689838e-04
8.816941990517079830e-04
8.814248722046613693e-04
8.809424471110105515e-04
8.802777738310396671e-04
8.795030880719423294e-04
8.784396923147141933e-04
8.774799061939120293e-04
8.762739016674458981e-04
8.757634786888957024e-04
8.751983987167477608e-04
8.748116088099777699e-04
8.741170749999582767e-04
8.735347655601799488e-04
8.730778936296701431e-04
8.727661333978176117e-04
8.720434270799160004e-04
8.716541342437267303e-04
8.713094866834580898e-04
8.710917318239808083e-04
8.705073269084095955e-04
8.700396865606307983e-04
8.695645956322550774e-04
8.692779811099171638e-04
8.688986417837440968e-04
8.684792555868625641e-04
8.681781473569571972e-04
8.677177829667925835e-04
8.673550910316407681e-04
8.671042742207646370e-04
8.662309846840798855e-04
8.655182900838553905e-04
8.650490781292319298e-04
8.643573964945971966e-04
8.640968007966876030e-04
8.637743885628879070e-04
8.632263634353876114e-04
8.626109920442104340e-04
8.622226887382566929e-04
8.617763523943722248e-04
8.610395016148686409e-04
8.604353060945868492e-04
8.598542190156877041e-04
8.586434414610266685e-04
8.573717204853892326e-04
8.558282279409468174e-04
8.553456864319741726e-04
8.545047021470963955e-04
8.541058050468564034e-04
8.533499785698950291e-04
8.521731942892074585e-04
8.501710253767669201e-04
8.497888920828700066e-04
8.477760129608213902e-04
8.460900280624628067e-04
8.442162652499973774e-04
8.427071152254939079e-04
8.408447611145675182e-04
8.384812390431761742e-04
8.362441440112888813e-04
8.346119429916143417e-04
8.331481367349624634e-04
8.320415508933365345e-04
8.308064425364136696e-04
8.300365880131721497e-04
8.295493898913264275e-04
8.291911799460649490e-04
8.287917007692158222e-04
8.277762681245803833e-04
8.264051284641027451e-04
8.249622187577188015e-04
8.236684952862560749e-04
8.229624945670366287e-04
8.222408941946923733e-04
8.215854177251458168e-04
8.208126528188586235e-04
8.200042648240923882e-04
8.193748071789741516e-04
8.188292849808931351e-04
8.183742756955325603e-04
8.180059958249330521e-04
8.176813134923577309e-04
8.173583191819489002e-04
8.164815371856093407e-04
8.156837429851293564e-04
8.154095849022269249e-04
8.147264015860855579e-04
8.143251761794090271e-04
8.139329729601740837e-04
8.132694056257605553e-04
8.123039733618497849e-04
8.110333001241087914e-04
8.107449393719434738e-04
8.098105899989604950e-04
8.092614589259028435e-04
8.090331102721393108e-04
8.086924790404736996e-04
8.084294968284666538e-04
8.079941617324948311e-04
8.075260557234287262e-04
8.071016054600477219e-04
8.064528228715062141e-04
8.059837855398654938e-04
8.051590994000434875e-04
8.042260305956006050e-04
8.035945938900113106e-04
8.029057644307613373e-04
8.018981316126883030e-04
8.006253046914935112e-04
7.991383317857980728e-04
7.973551400937139988e-04
7.956390036270022392e-04
7.947449339553713799e-04
7.939204224385321140e-04
7.930484716780483723e-04
7.924202946014702320e-04
7.915635942481458187e-04
7.913991576060652733e-04
7.907059625722467899e-04
7.901851786300539970e-04
7.896188180893659592e-04
7.891323184594511986e-04
7.880982593633234501e-04
7.875550072640180588e-04
7.865519728511571884e-04
7.859863108024001122e-04
7.846630760468542576e-04
7.843998027965426445e-04
7.826362852938473225e-04
7.815244607627391815e-04
7.804080960340797901e-04
7.794001139700412750e-04
7.786087226122617722e-04
7.782347965985536575e-04
7.773524266667664051e-04
7.769865915179252625e-04
7.764606270939111710e-04
7.760055596008896828e-04
7.757358835078775883e-04
7.754812249913811684e-04
7.752092205919325352e-04
7.749327924102544785e-04
7.745386683382093906e-04
7.736371480859816074e-04
7.730055949650704861e-04
7.719567511230707169e-04
7.707615150138735771e-04
7.697740220464766026e-04
7.690770435146987438e-04
7.686052704229950905e-04
7.678542751818895340e-04
7.669712067581713200e-04
7.663054857403039932e-04
7.655025692656636238e-04
7.645789301022887230e-04
7.634552312083542347e-04
7.627056329511106014e-04
7.619326934218406677e-04
7.617682567797601223e-04
7.610142929479479790e-04
7.606574799865484238e-04
7.601830875501036644e-04
7.597036310471594334e-04
7.589389570057392120e-04
7.578339427709579468e-04
7.572405156679451466e-04
7.551234448328614235e-04
7.533075404353439808e-04
7.510202703997492790e-04
7.484389352612197399e-04
7.461498607881367207e-04
7.447372772730886936e-04
7.427007076330482960e-04
7.408778183162212372e-04
7.393716368824243546e-04
7.381897885352373123e-04
7.367904763668775558e-04
7.359929149970412254e-04
7.350184605456888676e-04
7.345369085669517517e-04
7.340512238442897797e-04
7.334616384468972683e-04
7.328754290938377380e-04
7.317322888411581516e-04
7.309173815883696079e-04
7.297707488760352135e-04
7.285627070814371109e-04
7.281408761627972126e-04
7.275757379829883575e-04
7.271944195963442326e-04
7.269015768542885780e-04
7.266441243700683117e-04
7.263036095537245274e-04
7.259284611791372299e-04
7.252087816596031189e-04
7.242676801979541779e-04
7.233261712826788425e-04
7.224049186334013939e-04
7.215410587377846241e-04
7.208289462141692638e-04
7.203706190921366215e-04
7.195157813839614391e-04
7.190654869191348553e-04
7.187356241047382355e-04
7.183450507000088692e-04
7.176119834184646606e-04
7.167079602368175983e-04
7.156165083870291710e-04
7.147504948079586029e-04
7.137727225199341774e-04
7.126852287910878658e-04
7.115836488083004951e-04
7.109015714377164841e-04
7.102255476638674736e-04
7.092400337569415569e-04
7.081304793246090412e-04
7.064976962283253670e-04
7.057426846586167812e-04
7.045089150778949261e-04
7.035007001832127571e-04
7.027521496638655663e-04
7.019107579253613949e-04
7.012091809883713722e-04
6.998328026384115219e-04
6.989871617406606674e-04
6.980523467063903809e-04
6.971830152906477451e-04
6.962186889722943306e-04
6.952195544727146626e-04
6.941567407920956612e-04
6.933822296559810638e-04
6.923358305357396603e-04
6.908671348355710506e-04
6.891715456731617451e-04
6.860204157419502735e-04
6.844402523711323738e-04
6.823883741162717342e-04
6.805957527831196785e-04
6.793957436457276344e-04
6.779879331588745117e-04
6.759903626516461372e-04
6.742370896972715855e-04
6.733515183441340923e-04
6.726410356350243092e-04
6.720072706229984760e-04
6.711792084388434887e-04
6.703817052766680717e-04
6.694700568914413452e-04
6.677975761704146862e-04
6.668240530416369438e-04
6.651695002801716328e-04
6.634524906985461712e-04
6.621454376727342606e-04
6.611282005906105042e-04
6.594940787181258202e-04
6.572295096702873707e-04
6.552092963829636574e-04
6.539016030728816986e-04
6.528379162773489952e-04
6.512430263683199883e-04
6.499185692518949509e-04
6.481048185378313065e-04
6.469815853051841259e-04
6.461103912442922592e-04
6.451525259763002396e-04
6.445294129662215710e-04
6.435316754505038261e-04
6.430777721107006073e-04
6.421391153708100319e-04
6.418450502678751945e-04
6.413930677808821201e-04
6.412580842152237892e-04
6.405372405424714088e-04
6.399962585419416428e-04
6.392471841536462307e-04
6.382811116054654121e-04
6.362465210258960724e-04
6.356675876304507256e-04
6.337559316307306290e-04
6.324923015199601650e-04
6.316686049103736877e-04
6.309195887297391891e-04
6.298560183495283127e-04
6.284654373303055763e-04
6.276367348618805408e-04
6.258267676457762718e-04
6.246280390769243240e-04
6.233903113752603531e-04
6.219419883564114571e-04
6.205353420227766037e-04
6.193827721290290356e-04
6.175261223688721657e-04
6.157421739771962166e-04
6.150130648165941238e-04
6.138093303889036179e-04
6.127830129116773605e-04
6.108805537223815918e-04
6.081762257963418961e-04
6.060336600057780743e-04
6.042214808985590935e-04
6.033957470208406448e-04
6.031527300365269184e-04
6.025357870385050774e-04
6.010840297676622868e-04
5.994865787215530872e-04
5.980327841825783253e-04
5.969250923953950405e-04
5.959685076959431171e-04
5.950211198069155216e-04
5.925829755142331123e-04
5.922943819314241409e-04
5.899564712308347225e-04
5.898785311728715897e-04
5.887885345146059990e-04
5.884482525289058685e-04
5.881605320610105991e-04
5.876966170035302639e-04
5.871936446055769920e-04
5.867182044312357903e-04
5.860741948708891869e-04
5.856544594280421734e-04
5.850058514624834061e-04
5.844780243933200836e-04
5.839563091285526752e-04
5.835241172462701797e-04
5.831723683513700962e-04
5.825213738717138767e-04
5.813066381961107254e-04
5.797325284220278263e-04
5.791644798591732979e-04
5.783945089206099510e-04
5.774942110292613506e-04
5.766337271779775620e-04
5.751487333327531815e-04
5.736856837756931782e-04
5.726099479943513870e-04
5.719180917367339134e-04
5.713774589821696281e-04
5.706007941626012325e-04
5.698834429495036602e-04
5.687441444024443626e-04
5.667927325703203678e-04
5.647628568112850189e-04
5.635650595650076866e-04
5.627251230180263519e-04
5.619743606075644493e-04
5.611681262962520123e-04
5.601874436251819134e-04
5.593894748017191887e-04
5.584645550698041916e-04
5.571581423282623291e-04
5.554441595450043678e-04
5.540593992918729782e-04
5.533504881896078587e-04
5.527291796170175076e-04
5.519741680473089218e-04
5.509943002834916115e-04
5.501674022525548935e-04
5.491937045007944107e-04
5.484347348101437092e-04
5.473805940710008144e-04
5.461303517222404480e-04
5.448398296721279621e-04
5.437450017780065536e-04
5.431692115962505341e-04
5.423561669886112213e-04
5.413773469626903534e-04
5.406392156146466732e-04
5.394772742874920368e-04
5.379318608902394772e-04
5.367731791920959949e-04
5.361318471841514111e-04
5.359029164537787437e-04
5.356807378120720387e-04
5.352420266717672348e-04
5.350183928385376930e-04
5.347136175259947777e-04
5.342449876479804516e-04
5.339329363778233528e-04
5.333765875548124313e-04
5.331177962943911552e-04
5.328318220563232899e-04
5.326741957105696201e-04
5.324851954355835915e-04
5.322268698364496231e-04
5.319601623341441154e-04
5.317571922205388546e-04
5.313056753948330879e-04
5.310327396728098392e-04
5.306813400238752365e-04
5.302276113070547581e-04
5.297174211591482162e-04
5.293377907946705818e-04
5.288408137857913971e-04
5.282968049868941307e-04
5.279821925796568394e-04
5.277642630971968174e-04
5.273627466522157192e-04
5.270944675430655479e-04
5.268904496915638447e-04
5.266721127554774284e-04
5.265411455184221268e-04
5.263647763058543205e-04
5.262399790808558464e-04
5.261411424726247787e-04
5.260052857920527458e-04
5.257162847556173801e-04
5.251930560916662216e-04
5.246621440164744854e-04
5.243539344519376755e-04
5.238734884187579155e-04
5.235479329712688923e-04
5.233563715592026711e-04
5.228652735240757465e-04
5.223877378739416599e-04
5.220462335273623466e-04
5.218256847001612186e-04
5.216523422859609127e-04
5.214550765231251717e-04
5.210983799770474434e-04
5.208748625591397285e-04
5.207052454352378845e-04
5.205398192629218102e-04
5.202745087444782257e-04
5.199541337788105011e-04
5.193334072828292847e-04
5.190736846998333931e-04
5.186611670069396496e-04
5.183727480471134186e-04
5.181978340260684490e-04
5.180258885957300663e-04
5.178108112886548042e-04
5.176520207896828651e-04
5.173986428417265415e-04
5.172715755179524422e-04
5.169305950403213501e-04
5.165892071090638638e-04
5.163986934348940849e-04
5.160706932656466961e-04
5.156684783287346363e-04
5.148763302713632584e-04
5.141223664395511150e-04
5.137018160894513130e-04
5.133739905431866646e-04
5.131626385264098644e-04
5.130199133418500423e-04
5.126863834448158741e-04
5.123416194692254066e-04
5.113887018524110317e-04
5.107998731546103954e-04
5.094414809718728065e-04
5.084486911073327065e-04
5.073129432275891304e-04
5.065273726359009743e-04
5.060398834757506847e-04
5.053243949078023434e-04
5.048889433965086937e-04
5.045919097028672695e-04
5.042963894084095955e-04
5.040238611400127411e-04
5.037724040448665619e-04
5.035022040829062462e-04
5.031755426898598671e-04
5.028182640671730042e-04
5.024084821343421936e-04
5.019963718950748444e-04
5.015088827349245548e-04
5.010662716813385487e-04
5.006566061638295650e-04
5.002535181120038033e-04
4.999687662348151207e-04
4.996260395273566246e-04
4.992038011550903320e-04
4.987705033272504807e-04
4.983948310837149620e-04
4.979727091267704964e-04
4.975363262929022312e-04
4.970805021002888680e-04
4.957931232638657093e-04
4.956112243235111237e-04
4.950394504703581333e-04
4.943272215314209461e-04
4.940953804180026054e-04
4.939208738505840302e-04
4.936958430334925652e-04
4.934713942930102348e-04
4.931500297971069813e-04
4.925528774037957191e-04
4.920387291349470615e-04
4.913879092782735825e-04
4.905581008642911911e-04
4.899337072856724262e-04
4.891338758170604706e-04
4.887330578640103340e-04
4.882013308815658092e-04
4.879238549619913101e-04
4.877059836871922016e-04
4.874928272329270840e-04
4.873353173024952412e-04
4.870044940616935492e-04
4.868816467933356762e-04
4.865562659688293934e-04
4.863211652263998985e-04
4.860537301283329725e-04
4.858138563577085733e-04
4.854657454416155815e-04
4.852135898545384407e-04
4.850208642892539501e-04
4.848168755415827036e-04
4.845645162276923656e-04
4.841297923121601343e-04
4.836834559682756662e-04
4.830291727557778358e-04
4.826621734537184238e-04
4.821029433514922857e-04
4.818342567887157202e-04
4.812573606614023447e-04
4.806685901712626219e-04
4.802708863280713558e-04
4.800607857760041952e-04
4.798781010322272778e-04
4.796720459125936031e-04
4.793613334186375141e-04
4.791651736013591290e-04
4.789856611751019955e-04
4.788480291608721018e-04
4.786261124536395073e-04
4.785016644746065140e-04
4.783309705089777708e-04
4.781041061505675316e-04
4.776472633238881826e-04
4.774965927936136723e-04
4.768489743582904339e-04
4.765029880218207836e-04
4.761643649544566870e-04
4.756708804052323103e-04
4.753703833557665348e-04
4.748500650748610497e-04
4.746368213091045618e-04
4.744266043417155743e-04
4.742409801110625267e-04
4.740682197734713554e-04
4.738750576507300138e-04
4.736663540825247765e-04
4.734299145638942719e-04
4.731593653559684753e-04
4.728555795736610889e-04
4.725693725049495697e-04
4.722475714515894651e-04
4.720546712633222342e-04
4.716810071840882301e-04
4.711117944680154324e-04
4.702643491327762604e-04
4.698841948993504047e-04
4.692044458352029324e-04
4.689091292675584555e-04
4.686212632805109024e-04
4.682725993916392326e-04
4.678336554206907749e-04
4.673645889852195978e-04
4.666907479986548424e-04
4.665568994823843241e-04
4.658507823478430510e-04
4.655956290662288666e-04
4.652116622310131788e-04
4.647531604859977961e-04
4.638945683836936951e-04
4.634474171325564384e-04
4.631282063201069832e-04
4.629329196177423000e-04
4.627158050425350666e-04
4.624549183063209057e-04
4.620512481778860092e-04
4.614852368831634521e-04
4.609925672411918640e-04
4.606601723935455084e-04
4.604155546985566616e-04
4.601582768373191357e-04
4.598196828737854958e-04
4.595786449499428272e-04
4.594542551785707474e-04
4.592606564983725548e-04
4.589812015183269978e-04
4.587100702337920666e-04
4.585436836350709200e-04
4.584068083204329014e-04
4.582340188790112734e-04
4.580058739520609379e-04
4.576527862809598446e-04
4.572450707200914621e-04
4.570424498524516821e-04
4.567846190184354782e-04
4.565215494949370623e-04
4.564030095934867859e-04
4.561517853289842606e-04
4.556748026516288519e-04
4.554586485028266907e-04
4.552983737085014582e-04
4.551668534986674786e-04
4.549148434307426214e-04
4.546695854514837265e-04
4.542860260698944330e-04
4.540357040241360664e-04
4.538518842309713364e-04
4.536503111012279987e-04
4.533253959380090237e-04
4.531688755378127098e-04
4.530548467300832272e-04
4.529608995653688908e-04
4.528734716586768627e-04
4.527692217379808426e-04
4.526198608800768852e-04
4.523815878201276064e-04
4.522495728451758623e-04
4.520651418715715408e-04
4.519468639045953751e-04
4.518567293416708708e-04
4.517556517384946346e-04
4.515501204878091812e-04
4.512826562859117985e-04
4.511708975769579411e-04
4.509275604505091906e-04
4.507952253334224224e-04
4.506170225795358419e-04
4.505022952798753977e-04
4.503782256506383419e-04
4.502055817283689976e-04
4.501205403357744217e-04
4.499008355196565390e-04
4.497822956182062626e-04
4.497157642617821693e-04
4.496026085689663887e-04
4.495142202358692884e-04
4.492975131142884493e-04
4.490833962336182594e-04
4.487926198635250330e-04
4.485992249101400375e-04
4.482959338929504156e-04
4.480995412450283766e-04
4.479344934225082397e-04
4.477672628127038479e-04
4.476004687603563070e-04
4.472539876587688923e-04
4.470100393518805504e-04
4.465107922442257404e-04
4.459971969481557608e-04
4.457319737412035465e-04
4.452597058843821287e-04
4.449648549780249596e-04
4.447967512533068657e-04
4.446228558663278818e-04
4.444954101927578449e-04
4.443267825990915298e-04
4.440067568793892860e-04
4.434367874637246132e-04
4.430198459886014462e-04
4.426251398399472237e-04
4.423700447659939528e-04
4.422687052283436060e-04
4.420731274876743555e-04
4.419214092195034027e-04
4.416092706378549337e-04
4.413133428897708654e-04
4.409959947224706411e-04
4.407907836139202118e-04
4.405982326716184616e-04
4.404599603731185198e-04
4.403693601489067078e-04
4.402223275974392891e-04
4.400353063829243183e-04
4.398517485242336988e-04
4.397066659294068813e-04
4.396325384732335806e-04
4.395174037199467421e-04
4.394063726067543030e-04
4.391891416162252426e-04
4.389337555039674044e-04
4.387715598568320274e-04
4.385668435133993626e-04
4.384218482300639153e-04
4.382668994367122650e-04
4.381364269647747278e-04
4.379333113320171833e-04
4.378174780867993832e-04
4.377171862870454788e-04
4.374893323983997107e-04
4.373557749204337597e-04
4.371008544694632292e-04
4.370376409497112036e-04
4.368861846160143614e-04
4.366217181086540222e-04
4.364103369880467653e-04
4.361627507023513317e-04
4.359488084446638823e-04
4.356592253316193819e-04
4.353400145191699266e-04
4.350864910520613194e-04
4.347567737568169832e-04
4.345298511907458305e-04
4.343355249147862196e-04
4.341909370850771666e-04
4.340893065091222525e-04
4.338624130468815565e-04
4.336695419624447823e-04
4.334468976594507694e-04
4.333194810897111893e-04
4.331580130383372307e-04
4.330847878009080887e-04
4.329927032813429832e-04
4.328823997639119625e-04
4.326890921220183372e-04
4.324075125623494387e-04
4.323095490690320730e-04
4.320507869124412537e-04
4.319329163990914822e-04
4.317694401834160089e-04
4.315942933317273855e-04
4.314193502068519592e-04
4.312419914640486240e-04
4.310362273827195168e-04
4.308358475100249052e-04
4.305909387767314911e-04
4.304883768782019615e-04
4.302735324017703533e-04
4.300827567931264639e-04
4.298612475395202637e-04
4.296756815165281296e-04
4.294965765438973904e-04
4.293585661798715591e-04
4.292566736694425344e-04
4.291450313758105040e-04
4.289790522307157516e-04
4.288026248104870319e-04
4.285208706278353930e-04
4.280941502656787634e-04
4.278778214938938618e-04
4.275084938853979111e-04
4.271364014130085707e-04
4.270524368621408939e-04
4.267022304702550173e-04
4.264200397301465273e-04
4.260960849933326244e-04
4.257978289388120174e-04
4.255016101524233818e-04
4.250008205417543650e-04
4.247178148943930864e-04
4.244711890351027250e-04
4.242221766617149115e-04
4.238839028403162956e-04
4.233257495798170567e-04
4.231354978401213884e-04
4.229650076013058424e-04
4.226652963552623987e-04
4.223987634759396315e-04
4.221200069878250360e-04
4.216872330289334059e-04
4.212893254589289427e-04
4.209671460557729006e-04
4.206816665828227997e-04
4.204457218293100595e-04
4.201953706797212362e-04
4.200375406071543694e-04
4.196932131890207529e-04
4.195055516902357340e-04
4.190228646621108055e-04
4.185870056971907616e-04
4.182633711025118828e-04
4.179383395239710808e-04
4.176048969384282827e-04
4.173706984147429466e-04
4.170630127191543579e-04
4.166112048551440239e-04
4.164011625107377768e-04
4.160134121775627136e-04
4.155659989919513464e-04
4.151110188104212284e-04
4.149055457673966885e-04
4.145754501223564148e-04
4.143598489463329315e-04
4.141829849686473608e-04
4.140679957345128059e-04
4.138451768085360527e-04
4.134250921197235584e-04
4.130802117288112640e-04
4.127575084567070007e-04
4.123029357288032770e-04
4.119531658943742514e-04
4.116656491532921791e-04
4.113081959076225758e-04
4.110293230041861534e-04
4.105472471565008163e-04
4.101647646166384220e-04
4.098252684343606234e-04
4.096072516404092312e-04
4.092744784429669380e-04
4.090620786882936954e-04
4.088523273821920156e-04
4.086715634912252426e-04
4.085427499376237392e-04
4.084100655745714903e-04
4.082547384314239025e-04
4.080846265424042940e-04
4.079315112903714180e-04
4.078241181559860706e-04
4.077489429619163275e-04
4.075496690347790718e-04
4.075326141901314259e-04
4.072329611517488956e-04
4.071009461767971516e-04
4.069675051141530275e-04
4.068840062245726585e-04
4.066372348461300135e-04
4.064152890350669622e-04
4.062853404320776463e-04
4.061424988321959972e-04
4.058339982293546200e-04
4.057403712067753077e-04
4.055803292430937290e-04
4.053644952364265919e-04
4.051467112731188536e-04
4.049831768497824669e-04
4.048549744766205549e-04
4.047076799906790257e-04
4.045535752084106207e-04
4.042831424158066511e-04
4.041856154799461365e-04
4.040910280309617519e-04
4.040357307530939579e-04
4.039554623886942863e-04
4.038283659610897303e-04
4.036020254716277122e-04
4.033709992654621601e-04
4.031219286844134331e-04
4.027897084597498178e-04
4.020374617539346218e-04
4.014275909867137671e-04
4.009679541923105717e-04
4.004528746008872986e-04
4.001040651928633451e-04
3.996195446234196424e-04
3.987618256360292435e-04
3.981648769695311785e-04
3.976319276262074709e-04
3.969926328863948584e-04
3.965762443840503693e-04
3.961506590712815523e-04
3.958767338190227747e-04
3.956885775551199913e-04
3.954233543481677771e-04
3.950864193029701710e-04
3.946285287383943796e-04
3.942167968489229679e-04
3.937398723792284727e-04
3.930723178200423717e-04
3.926260978914797306e-04
3.919090086128562689e-04
3.916783898603171110e-04
3.913672990165650845e-04
3.912188403774052858e-04
3.910484374500811100e-04
3.908395010512322187e-04
3.905282646883279085e-04
3.903914184775203466e-04
3.902064054273068905e-04
3.900025330949574709e-04
3.897915012203156948e-04
3.894110268447548151e-04
3.890847438015043736e-04
3.887404454872012138e-04
3.883911704178899527e-04
3.880416916217654943e-04
3.877341223414987326e-04
3.874271933455020189e-04
3.870317596010863781e-04
3.868079802487045527e-04
3.864027967210859060e-04
3.860890574287623167e-04
3.857774427160620689e-04
3.854158858302980661e-04
3.853010130114853382e-04
3.848091582767665386e-04
3.845492610707879066e-04
3.843220183625817299e-04
3.842382866423577070e-04
3.840875870082527399e-04
3.838761767838150263e-04
3.835471288766711950e-04
3.832661313936114311e-04
3.830837085843086243e-04
3.828679327853024006e-04
3.826606844086199999e-04
3.824210143648087978e-04
3.822347498498857021e-04
3.820509882643818855e-04
3.818912664428353310e-04
3.817638789769262075e-04
3.816156531684100628e-04
3.814909432549029589e-04
3.813186194747686386e-04
3.811200731433928013e-04
3.808808105532079935e-04
3.807691100519150496e-04
3.806454769801348448e-04
3.805777814704924822e-04
3.805122396443039179e-04
3.803157014772295952e-04
3.800550184678286314e-04
3.799313562922179699e-04
3.798143879976123571e-04
3.796875826083123684e-04
3.795914817601442337e-04
3.794846707023680210e-04
3.792968054767698050e-04
3.791403141804039478e-04
3.789486654568463564e-04
3.786880406551063061e-04
3.783588181249797344e-04
3.777710953727364540e-04
3.775574441533535719e-04
3.774062206503003836e-04
3.772790951188653708e-04
3.770950133912265301e-04
3.769597969949245453e-04
3.767854650504887104e-04
3.765875590033829212e-04
3.763338318094611168e-04
3.761139814741909504e-04
3.758608945645391941e-04
3.756395599339157343e-04
3.753866767510771751e-04
3.751381882466375828e-04
3.748821909539401531e-04
3.747330338228493929e-04
3.745508438441902399e-04
3.743959241546690464e-04
3.740889369510114193e-04
3.739313979167491198e-04
3.737330844160169363e-04
3.734381170943379402e-04
3.732976038008928299e-04
3.730297321453690529e-04
3.725420974660664797e-04
3.719838859979063272e-04
3.715124912559986115e-04
3.709753800649195910e-04
3.708117874339222908e-04
3.702019457705318928e-04
3.694587212521582842e-04
3.686019335873425007e-04
3.681527159642428160e-04
3.675204643514007330e-04
3.668747958727180958e-04
3.665512776933610439e-04
3.662207745946943760e-04
3.659093927126377821e-04
3.656194894574582577e-04
3.652326995506882668e-04
3.648149722721427679e-04
3.643149975687265396e-04
3.639379283413290977e-04
3.637191548477858305e-04
3.634190361481159925e-04
3.631396102719008923e-04
3.627201658673584461e-04
3.623038937803357840e-04
3.617670445237308741e-04
3.613708540797233582e-04
3.609870327636599541e-04
3.607387770898640156e-04
3.605656384024769068e-04
3.603902878239750862e-04
3.601883072406053543e-04
3.599729679990559816e-04
3.597848117351531982e-04
3.596020105760544538e-04
3.594431909732520580e-04
3.592714492697268724e-04
3.591217391658574343e-04
3.590206033550202847e-04
3.589474945329129696e-04
3.588864055927842855e-04
3.588145191315561533e-04
3.587355022318661213e-04
3.586493257898837328e-04
3.586405073292553425e-04
3.585568920243531466e-04
3.585294762160629034e-04
3.584794176276773214e-04
3.584192018024623394e-04
3.583124489523470402e-04
3.582390781957656145e-04
3.580691991373896599e-04
3.579801414161920547e-04
3.578865726012736559e-04
3.577634925022721291e-04
3.577056631911545992e-04
3.575771115720272064e-04
3.574723377823829651e-04
3.573882859200239182e-04
3.572727146092802286e-04
3.571082779671996832e-04
3.569538821466267109e-04
3.568787942640483379e-04
3.568143874872475863e-04
3.567490784917026758e-04
3.565995721146464348e-04
3.564746002666652203e-04
3.563268692232668400e-04
3.561805060598999262e-04
3.557015443220734596e-04
3.553536371327936649e-04
3.551207482814788818e-04
3.550177207216620445e-04
3.549235698301345110e-04
3.547805536072701216e-04
3.546981315594166517e-04
3.545468207448720932e-04
3.543877101037651300e-04
3.543047350831329823e-04
3.542125923559069633e-04
3.540869802236557007e-04
3.540224861353635788e-04
3.538838063832372427e-04
3.537362790666520596e-04
3.535785945132374763e-04
3.534474235493689775e-04
3.533000417519360781e-04
3.530768153723329306e-04
3.529586829245090485e-04
3.528082743287086487e-04
3.526832151692360640e-04
3.525780339259654284e-04
3.525218053255230188e-04
3.524161875247955322e-04
3.523422637954354286e-04
3.522096958477050066e-04
3.519971796777099371e-04
3.519138845149427652e-04
3.517306176945567131e-04
3.516656579449772835e-04
3.514901618473231792e-04
3.511974064167588949e-04
3.509831149131059647e-04
3.504919295664876699e-04
3.502366307657212019e-04
3.497262950986623764e-04
3.493993135634809732e-04
3.492773976176977158e-04
3.488458751235157251e-04
3.486433415673673153e-04
3.484787594061344862e-04
3.482088213786482811e-04
3.480187442619353533e-04
3.477915306575596333e-04
3.476499696262180805e-04
3.475435660220682621e-04
3.474690020084381104e-04
3.473477263469249010e-04
3.472056414466351271e-04
3.470177471172064543e-04
3.468808135949075222e-04
3.464698675088584423e-04
3.460239677224308252e-04
3.454340330790728331e-04
3.448066127020865679e-04
3.446191549301147461e-04
3.440630098339170218e-04
3.436854458414018154e-04
3.431395452935248613e-04
3.426228649914264679e-04
3.418109263293445110e-04
3.413467493373900652e-04
3.410125500522553921e-04
3.408657503314316273e-04
3.405188326723873615e-04
3.402126021683216095e-04
3.398740664124488831e-04
3.395550011191517115e-04
3.392652433831244707e-04
3.389640769455581903e-04
3.386246389709413052e-04
3.382758004590868950e-04
3.379841800779104233e-04
3.376944223418831825e-04
3.374289663042873144e-04
3.370841150172054768e-04
3.367988392710685730e-04
3.363542491570115089e-04
3.356863162480294704e-04
3.352091880515217781e-04
3.343958524055778980e-04
3.340117109473794699e-04
3.337025409564375877e-04
3.334815555717796087e-04
3.333668864797800779e-04
3.329674073029309511e-04
3.328441525809466839e-04
3.326423466205596924e-04
3.323784039821475744e-04
3.320096293464303017e-04
3.318317467346787453e-04
3.315781941637396812e-04
3.313655324745923281e-04
3.312411135993897915e-04
3.310144238639622927e-04
3.307692531961947680e-04
3.305681166239082813e-04
3.302564728073775768e-04
3.300577518530189991e-04
3.297679068055003881e-04
3.295649366918951273e-04
3.292505280114710331e-04
3.289256419520825148e-04
3.287384461145848036e-04
3.284320991951972246e-04
3.279726952314376831e-04
3.276072966400533915e-04
3.272955946158617735e-04
3.270209708716720343e-04
3.266716375946998596e-04
3.263968683313578367e-04
3.262118261773139238e-04
3.259606310166418552e-04
3.258477081544697285e-04
3.256228228565305471e-04
3.254324255976825953e-04
3.251278249081224203e-04
3.249605651944875717e-04
3.247900749556720257e-04
3.245873958803713322e-04
3.243758401367813349e-04
3.240399819333106279e-04
3.238861390855163336e-04
3.236915799789130688e-04
3.235550539102405310e-04
3.233167517464607954e-04
3.230622096452862024e-04
3.227865672670304775e-04
3.224703250452876091e-04
3.220898797735571861e-04
3.217585035599768162e-04
3.211862058378756046e-04
3.206323599442839622e-04
3.203433007001876831e-04
3.198962949682027102e-04
3.197709156665951014e-04
3.195768513251096010e-04
3.194633754901587963e-04
3.192390140611678362e-04
3.191246069036424160e-04
3.189651470165699720e-04
3.186875255778431892e-04
3.182223881594836712e-04
3.180844942107796669e-04
3.172773576807230711e-04
3.170850977767258883e-04
3.169230185449123383e-04
3.168369003105908632e-04
3.166691167280077934e-04
3.163072688039392233e-04
3.160843334626406431e-04
3.156060702167451382e-04
3.152464632876217365e-04
3.148786490783095360e-04
3.146926173940300941e-04
3.144709044136106968e-04
3.141237539239227772e-04
3.139118489343672991e-04
3.137619933113455772e-04
3.134109720122069120e-04
3.131974372081458569e-04
3.128798562102019787e-04
3.126653609797358513e-04
3.123764181509613991e-04
3.118964377790689468e-04
3.113916609436273575e-04
3.110158722847700119e-04
3.103281196672469378e-04
3.098150191362947226e-04
3.092332044616341591e-04
3.086085198447108269e-04
3.080852911807596684e-04
3.074430569540709257e-04
3.070524253416806459e-04
3.067649086005985737e-04
3.063960466533899307e-04
3.061815805267542601e-04
3.058387665078043938e-04
3.055848937947303057e-04
3.050804953090846539e-04
3.048506623599678278e-04
3.044167533516883850e-04
3.041440795641392469e-04
3.039258299395442009e-04
3.037840942852199078e-04
3.036319394595921040e-04
3.034597029909491539e-04
3.033238172065466642e-04
3.031509695574641228e-04
3.029831568710505962e-04
3.028639766853302717e-04
3.027687198482453823e-04
3.026674967259168625e-04
3.025579208042472601e-04
3.024140605702996254e-04
3.022949676960706711e-04
3.021837328560650349e-04
3.021187148988246918e-04
3.019839641638100147e-04
3.018937131855636835e-04
3.017460403498262167e-04
3.016201953869313002e-04
3.015132970176637173e-04
3.013862005900591612e-04
3.012560191564261913e-04
3.011298249475657940e-04
3.010077052749693394e-04
3.008036292158067226e-04
3.006788028869777918e-04
3.004435275215655565e-04
3.002666926477104425e-04
3.000262076966464520e-04
2.998001873493194580e-04
2.994098758790642023e-04
2.991580404341220856e-04
2.990601351484656334e-04
2.988960768561810255e-04
2.987231127917766571e-04
2.985490136779844761e-04
2.983613230753690004e-04
2.982527366839349270e-04
2.980730496346950531e-04
2.979871060233563185e-04
2.978942065965384245e-04
2.977825643029063940e-04
2.975581737700849771e-04
2.975255483761429787e-04
2.970622153952717781e-04
2.969001652672886848e-04
2.967731270473450422e-04
2.966513857245445251e-04
2.963517908938229084e-04
2.960482088383287191e-04
2.957722754217684269e-04
2.955133677460253239e-04
2.953429939225316048e-04
2.952291106339544058e-04
2.951991918962448835e-04
2.950287016574293375e-04
2.949351619463413954e-04
2.948009059764444828e-04
2.947375760413706303e-04
2.945856831502169371e-04
2.944523585028946400e-04
2.943689178209751844e-04
2.942766877822577953e-04
2.941236307378858328e-04
2.940043050330132246e-04
2.939497935585677624e-04
2.938278485089540482e-04
2.936424571089446545e-04
2.934933290816843510e-04
2.931165508925914764e-04
2.930084592662751675e-04
2.926185552496463060e-04
2.924485597759485245e-04
2.922379062511026859e-04
2.920667466241866350e-04
2.917903475463390350e-04
2.916641824413090944e-04
2.914152573794126511e-04
2.912789059337228537e-04
2.911785559263080359e-04
2.910596667788922787e-04
2.909793693106621504e-04
2.908141759689897299e-04
2.907527086790651083e-04
2.906162117142230272e-04
2.904776483774185181e-04
2.902433625422418118e-04
2.897424565162509680e-04
2.894084900617599487e-04
2.893040073104202747e-04
2.890961768571287394e-04
2.889156749006360769e-04
2.886836882680654526e-04
2.885825815610587597e-04
2.884241985157132149e-04
2.883149427361786366e-04
2.882673579733818769e-04
2.881264081224799156e-04
2.879852254409343004e-04
2.878461964428424835e-04
2.877059450838714838e-04
2.875061472877860069e-04
2.873940393328666687e-04
2.872628974728286266e-04
2.870516618713736534e-04
2.868728479370474815e-04
2.866082359105348587e-04
2.863469708245247602e-04
2.860826207324862480e-04
2.858196967281401157e-04
2.855735365301370621e-04
2.854123886208981276e-04
2.851813624147325754e-04
2.850901219062507153e-04
2.849181764759123325e-04
2.846716670319437981e-04
2.844170667231082916e-04
2.843362162820994854e-04
2.842066169250756502e-04
2.841805981006473303e-04
2.841440436895936728e-04
2.840952365659177303e-04
2.839900844264775515e-04
2.838782675098627806e-04
2.838129294104874134e-04
2.837064967025071383e-04
2.835991035681217909e-04
2.835407503880560398e-04
2.833828039001673460e-04
2.832002355717122555e-04
2.831391757354140282e-04
2.830209268722683191e-04
2.829473232850432396e-04
2.828789583873003721e-04
2.828009310178458691e-04
2.826366981025785208e-04
2.825870178639888763e-04
2.824074181262403727e-04
2.822414098773151636e-04
2.821546804625540972e-04
2.820715017151087523e-04
2.820070367306470871e-04
2.819655637722462416e-04
2.818660868797451258e-04
2.817889617290347815e-04
2.816054911818355322e-04
2.814786566887050867e-04
2.813647734001278877e-04
2.812006277963519096e-04
2.810984442476183176e-04
2.810185542330145836e-04
2.809387515299022198e-04
2.808665158227086067e-04
2.807331620715558529e-04
2.805978874675929546e-04
2.804473333526402712e-04
2.802897361107170582e-04
2.800914517138153315e-04
2.798834466375410557e-04
2.797020133584737778e-04
2.795555919874459505e-04
2.793482271954417229e-04
2.791585866361856461e-04
2.789490972645580769e-04
2.788631245493888855e-04
2.786502591334283352e-04
2.785083488561213017e-04
2.782953379210084677e-04
2.779728965833783150e-04
2.777173067443072796e-04
2.776004839688539505e-04
2.773407613858580589e-04
2.772155567072331905e-04
2.771184081211686134e-04
2.770079881884157658e-04
2.768799895420670509e-04
2.767561818473041058e-04
2.766767283901572227e-04
2.765561512205749750e-04
2.764440723694860935e-04
2.763646480161696672e-04
2.762494841590523720e-04
2.761469513643532991e-04
2.759984345175325871e-04
2.759234921541064978e-04
2.757940674200654030e-04
2.756942703854292631e-04
2.756399917416274548e-04
2.754969173111021519e-04
2.753794542513787746e-04
2.753189182840287685e-04
2.751992142293602228e-04
2.751401625573635101e-04
2.751179563347250223e-04
2.750793937593698502e-04
2.750264829955995083e-04
2.749718842096626759e-04
2.749253471847623587e-04
2.748373080976307392e-04
2.747672842815518379e-04
2.747215912677347660e-04
2.746206009760499001e-04
2.745338715612888336e-04
2.744201337918639183e-04
2.743196091614663601e-04
2.742371289059519768e-04
2.741468488238751888e-04
2.741073840297758579e-04
2.740575873758643866e-04
2.740158815868198872e-04
2.739576157182455063e-04
2.739006595220416784e-04
2.738879411481320858e-04
2.738439943641424179e-04
2.738150942604988813e-04
2.737676841206848621e-04
2.736939059104770422e-04
2.736179158091545105e-04
2.735702437348663807e-04
2.735165180638432503e-04
2.734884619712829590e-04
2.734652953222393990e-04
2.734172740019857883e-04
2.733594155870378017e-04
2.733500441536307335e-04
2.732701541390269995e-04
2.732373541221022606e-04
2.732283319346606731e-04
2.732087159529328346e-04
2.731608692556619644e-04
2.731430868152529001e-04
2.730999258346855640e-04
2.730821724981069565e-04
2.730421838350594044e-04
2.730169508140534163e-04
2.729305997490882874e-04
2.728836552705615759e-04
2.728353720158338547e-04
2.727995160967111588e-04
2.727592946030199528e-04
2.726974489632993937e-04
2.726513775996863842e-04
2.725878730416297913e-04
2.725607482716441154e-04
2.725021331571042538e-04
2.724935184232890606e-04
2.724518417380750179e-04
2.724298974499106407e-04
2.723970101214945316e-04
2.723701763898134232e-04
2.723267825786024332e-04
2.722814097069203854e-04
2.722537610679864883e-04
2.722042845562100410e-04
2.721724449656903744e-04
2.721429045777767897e-04
2.720821066759526730e-04
2.720114425756037235e-04
2.719384501688182354e-04
2.718705800361931324e-04
2.718073665164411068e-04
2.717070165090262890e-04
2.716324524953961372e-04
2.714922302402555943e-04
2.714322181418538094e-04
2.713140565901994705e-04
2.711779379751533270e-04
2.710535190999507904e-04
2.708866377361118793e-04
2.707425155676901340e-04
2.705920196603983641e-04
2.704785438254475594e-04
2.703238569665700197e-04
2.702265046536922455e-04
2.701656485442072153e-04
2.701157936826348305e-04
2.700697514228522778e-04
2.699455944821238518e-04
2.699320612009614706e-04
2.698515017982572317e-04
2.697621530387550592e-04
2.696653828024864197e-04
2.695631992537528276e-04
2.695034490898251534e-04
2.693617134355008602e-04
2.692035341169685125e-04
2.690593537408858538e-04
2.689057437237352133e-04
2.688004169613122940e-04
2.687261439859867096e-04
2.686684601940214634e-04
2.686096413526684046e-04
2.685741637833416462e-04
2.685029758140444756e-04
2.684729988686740398e-04
2.684381033759564161e-04
2.683915954548865557e-04
2.683600469026714563e-04
2.682921185623854399e-04
2.682470658328384161e-04
2.681437763385474682e-04
2.680555626284331083e-04
2.679889439605176449e-04
2.678694727364927530e-04
2.678198216017335653e-04
2.677408629097044468e-04
2.676810254342854023e-04
2.675837022252380848e-04
2.674901334103196859e-04
2.674185088835656643e-04
2.672961854841560125e-04
2.671759284567087889e-04
2.670582616701722145e-04
2.669668465387076139e-04
2.668885281309485435e-04
2.668328525032848120e-04
2.667535445652902126e-04
2.666928921826183796e-04
2.666538930498063564e-04
2.666124491952359676e-04
2.665633510332554579e-04
2.664848288986831903e-04
2.663801715243607759e-04
2.662771148607134819e-04
2.661294711288064718e-04
2.660959144122898579e-04
2.660516765899956226e-04
2.659755118656903505e-04
2.659214951563626528e-04
2.658311859704554081e-04
2.657440199982374907e-04
2.656397409737110138e-04
2.655641874298453331e-04
2.654619456734508276e-04
2.653990522958338261e-04
2.653125557117164135e-04
2.652835682965815067e-04
2.652199182193726301e-04
2.651372342370450497e-04
2.650491660460829735e-04
2.650062669999897480e-04
2.649667148943990469e-04
2.649301604833453894e-04
2.648646186571568251e-04
2.647642104420810938e-04
2.646680222824215889e-04
2.645646163728088140e-04
2.644954365678131580e-04
2.644025371409952641e-04
2.642859471961855888e-04
2.641607716213911772e-04
2.640658058226108551e-04
2.638434525579214096e-04
2.637221768964082003e-04
2.635949058458209038e-04
2.634699631016701460e-04
2.633438271004706621e-04
2.631802344694733620e-04
2.630160015542060137e-04
2.628879155963659286e-04
2.627389039844274521e-04
2.626750210765749216e-04
2.626162604428827763e-04
2.625563647598028183e-04
2.624579938128590584e-04
2.623582840897142887e-04
2.622407046146690845e-04
2.621027233544737101e-04
2.619900624267756939e-04
2.618610742501914501e-04
2.617754507809877396e-04
2.616705314721912146e-04
2.615109551697969437e-04
2.613928809296339750e-04
2.612720127217471600e-04
2.611647651065140963e-04
2.610702649690210819e-04
2.610179653856903315e-04
2.609783259686082602e-04
2.609488728921860456e-04
2.609145885799080133e-04
2.608704089652746916e-04
2.607807400636374950e-04
2.607413334771990776e-04
2.605990448500961065e-04
2.605420304462313652e-04
2.604712790343910456e-04
2.604045730549842119e-04
2.602386521175503731e-04
2.601484011393040419e-04
2.600109728518873453e-04
2.598813443910330534e-04
2.598246792331337929e-04
2.597268321551382542e-04
2.597112907096743584e-04
2.596052072476595640e-04
2.595623955130577087e-04
2.595118130557239056e-04
2.594596298877149820e-04
2.594552061054855585e-04
2.593538374640047550e-04
2.593145763967186213e-04
2.592650416772812605e-04
2.591927477624267340e-04
2.591045631561428308e-04
2.590471121948212385e-04
2.589930081740021706e-04
2.589274081401526928e-04
2.589095092844218016e-04
2.588577044662088156e-04
2.587853814475238323e-04
2.587323542684316635e-04
2.586002810858190060e-04
2.584744943305850029e-04
2.583383466117084026e-04
2.582415181677788496e-04
2.581820299383252859e-04
2.581564476713538170e-04
2.581268781796097755e-04
2.580674481578171253e-04
2.579754509497433901e-04
2.579271094873547554e-04
2.578468702267855406e-04
2.578086568973958492e-04
2.577822306193411350e-04
2.577235864009708166e-04
2.576636616140604019e-04
2.575211110524833202e-04
2.574653481133282185e-04
2.573550154920667410e-04
2.572194207459688187e-04
2.571760851424187422e-04
2.571015502326190472e-04
2.570560027379542589e-04
2.570165670476853848e-04
2.569664502516388893e-04
2.569437201600521803e-04
2.568657801020890474e-04
2.568022173363715410e-04
2.567381307017058134e-04
2.566656330600380898e-04
2.566445036791265011e-04
2.565743634477257729e-04
2.565491595305502415e-04
2.564976748544722795e-04
2.564590249676257372e-04
2.563628659117966890e-04
2.562458103056997061e-04
2.561188593972474337e-04
2.559703716542571783e-04
2.558228734415024519e-04
2.557052939664572477e-04
2.556021499913185835e-04
2.554389939177781343e-04
2.552193473093211651e-04
2.550988574512302876e-04
2.548507764004170895e-04
2.545259776525199413e-04
2.542422444093972445e-04
2.540434652473777533e-04
2.538556000217795372e-04
2.536097308620810509e-04
2.532212820369750261e-04
2.530242782086133957e-04
2.527049800846725702e-04
2.524954616092145443e-04
2.523002040106803179e-04
2.519672270864248276e-04
2.518364635761827230e-04
2.516749373171478510e-04
2.515676023904234171e-04
2.514529041945934296e-04
2.513832296244800091e-04
2.513447252567857504e-04
2.513118088245391846e-04
2.512875944375991821e-04
2.512597420718520880e-04
2.511487691663205624e-04
2.510698977857828140e-04
2.510177437216043472e-04
2.509743499103933573e-04
2.509343030396848917e-04
2.508432371541857719e-04
2.507595054339617491e-04
2.507174503989517689e-04
2.506785385776311159e-04
2.506111632101237774e-04
2.505362790543586016e-04
2.504680014681071043e-04
2.504200674593448639e-04
2.503803407307714224e-04
2.503501891624182463e-04
2.502755669411271811e-04
2.502184943296015263e-04
2.501202397979795933e-04
2.499964321032166481e-04
2.499275433365255594e-04
2.498344401828944683e-04
2.497125533409416676e-04
2.495531225576996803e-04
2.493991923984140158e-04
2.491656632628291845e-04
2.490831830073148012e-04
2.490149054210633039e-04
2.489091129973530769e-04
2.487820456735789776e-04
2.487390302121639252e-04
2.486194716766476631e-04
2.484706055838614702e-04
2.483038406353443861e-04
2.481974079273641109e-04
2.480615221429616213e-04
2.479592512827366590e-04
2.478620444890111685e-04
2.477314847055822611e-04
2.476493827998638153e-04
2.474961802363395691e-04
2.473254571668803692e-04
2.472237683832645416e-04
2.470813342370092869e-04
2.470355539117008448e-04
2.469660248607397079e-04
2.468655293341726065e-04
2.468155580572783947e-04
2.466575533617287874e-04
2.465809229761362076e-04
2.464050776325166225e-04
2.463574055582284927e-04
2.461215481162071228e-04
2.460672403685748577e-04
2.458363014739006758e-04
2.455865032970905304e-04
2.453782944940030575e-04
2.452264016028493643e-04
2.450989559292793274e-04
2.449583262205123901e-04
2.448586747050285339e-04
2.447666774969547987e-04
2.447098377160727978e-04
2.446478756610304117e-04
2.445916179567575455e-04
2.445349819026887417e-04
2.444716519676148891e-04
2.443853300064802170e-04
2.442880067974328995e-04
2.441375690978020430e-04
2.439850941300392151e-04
2.438716328470036387e-04
2.435822971165180206e-04
2.432347973808646202e-04
2.429707383271306753e-04
2.428707957733422518e-04
2.427755389362573624e-04
2.427003928460180759e-04
2.425723068881779909e-04
2.424388949293643236e-04
2.422868274152278900e-04
2.421525132376700640e-04
2.417694195173680782e-04
2.413779293419793248e-04
2.406987769063562155e-04
2.404139377176761627e-04
2.401969977654516697e-04
2.401052188361063600e-04
2.400454104645177722e-04
2.399641089141368866e-04
2.398329233983531594e-04
2.397399075562134385e-04
2.396294730715453625e-04
2.395424526184797287e-04
2.394940820522606373e-04
2.394663752056658268e-04
2.394094190094619989e-04
2.393641334492713213e-04
2.393059257883578539e-04
2.392402966506779194e-04
2.391207526670768857e-04
2.389475703239440918e-04
2.388914581388235092e-04
2.388516732025891542e-04
2.387062995694577694e-04
2.386712149018421769e-04
2.385711995884776115e-04
2.384724211879074574e-04
2.383129321970045567e-04
2.381347003392875195e-04
2.379828074481338263e-04
2.378203498665243387e-04
2.377755590714514256e-04
2.376950578764081001e-04
2.376006741542369127e-04
2.375379262957721949e-04
2.374571486143395305e-04
2.373788447584956884e-04
2.373250608798116446e-04
2.372455492150038481e-04
2.372020971961319447e-04
2.370670263189822435e-04
2.368684945395216346e-04
2.366510307183489203e-04
2.365387190366163850e-04
2.362875675316900015e-04
2.360888611292466521e-04
2.359366917517036200e-04
2.357834455324336886e-04
2.356757468078285456e-04
2.354633907089009881e-04
2.353595045860856771e-04
2.352782175876200199e-04
2.352326846448704600e-04
2.350842405576258898e-04
2.349016431253403425e-04
2.347631671000272036e-04
2.345929096918553114e-04
2.344586537219583988e-04
2.342960651731118560e-04
2.340873033972457051e-04
2.337650948902592063e-04
2.336938341613858938e-04
2.332496806047856808e-04
2.331320429220795631e-04
2.330549905309453607e-04
2.329466224182397127e-04
2.328752016182988882e-04
2.327371621504426003e-04
2.326164685655385256e-04
2.325147506780922413e-04
2.323704538866877556e-04
2.322749205632135272e-04
2.322023647138848901e-04
2.321437932550907135e-04
2.320701896678656340e-04
2.319653867743909359e-04
2.318384213140234351e-04
2.317748731002211571e-04
2.317047910764813423e-04
2.316173922736197710e-04
2.315569436177611351e-04
2.314732992090284824e-04
2.313968288945034146e-04
2.313756267540156841e-04
2.312559518031775951e-04
2.312150027137249708e-04
2.311303833266720176e-04
2.310410927748307586e-04
2.309874980710446835e-04
2.308161638211458921e-04
2.307467220816761255e-04
2.306875539943575859e-04
2.306393580511212349e-04
2.305853995494544506e-04
2.305293601239100099e-04
2.304900990566238761e-04
2.304496592842042446e-04
2.304051449755206704e-04
2.303672954440116882e-04
2.303353976458311081e-04
2.303067885804921389e-04
2.302721113665029407e-04
2.302424109075218439e-04
2.302001375937834382e-04
2.301717177033424377e-04
2.301174390595406294e-04
2.300544583704322577e-04
2.299359766766428947e-04
2.298112958669662476e-04
2.297059691045433283e-04
2.296252059750258923e-04
2.295411541126668453e-04
2.294048317708075047e-04
2.292643184773623943e-04
2.291780547238886356e-04
2.290810807608067989e-04
2.290428674314171076e-04
2.289886469952762127e-04
2.289176190970465541e-04
2.288242394570261240e-04
2.287216339027509093e-04
2.286011294927448034e-04
2.284633665112778544e-04
2.284385700477287173e-04
2.283977228216826916e-04
2.283784997416660190e-04
2.283345093019306660e-04
2.282993955304846168e-04
2.281954220961779356e-04
2.281412016600370407e-04
2.280127519043162465e-04
2.279284672113135457e-04
2.278851752635091543e-04
2.278588217450305820e-04
2.277901221532374620e-04
2.277287567267194390e-04
2.276448358315974474e-04
2.275739243486896157e-04
2.274730941280722618e-04
2.274269791087135673e-04
2.273856371175497770e-04
2.273196296300739050e-04
2.272416168125346303e-04
2.271725970786064863e-04
2.271232515340670943e-04
2.270145341753959656e-04
2.269549004267901182e-04
2.269162068841978908e-04
2.268955286126583815e-04
2.268610114697366953e-04
2.268372336402535439e-04
2.268078969791531563e-04
2.267845557071268559e-04
2.267461968585848808e-04
2.267136878799647093e-04
2.266994270030409098e-04
2.266874071210622787e-04
2.266729570692405105e-04
2.266447409056127071e-04
2.266204974148422480e-04
2.265636430820450187e-04
2.265290968352928758e-04
2.264535432914271951e-04
2.263301284983754158e-04
2.262121852254495025e-04
2.261278277728706598e-04
2.259951143059879541e-04
2.259449393022805452e-04
2.258588065160438418e-04
2.258132444694638252e-04
2.257232990814372897e-04
2.256832667626440525e-04
2.256508159916847944e-04
2.256286388728767633e-04
2.255722356494516134e-04
2.255116414744406939e-04
2.254262362839654088e-04
2.253637212561443448e-04
2.253020647913217545e-04
2.251984260510653257e-04
2.251017722301185131e-04
2.250130492029711604e-04
2.249732497148215771e-04
2.249190583825111389e-04
2.249129465781152248e-04
2.248133241664618254e-04
2.247839584015309811e-04
2.247536322101950645e-04
2.247267984785139561e-04
2.246807707706466317e-04
2.246373041998594999e-04
2.245668292744085193e-04
2.244933566544204950e-04
2.244163333671167493e-04
2.243408671347424388e-04
2.243038616143167019e-04
2.242562477476894855e-04
2.242225164081901312e-04
2.241570327896624804e-04
2.240900939796119928e-04
2.240430912934243679e-04
2.239555615233257413e-04
2.238359011244028807e-04
2.236886793980374932e-04
2.235366118839010596e-04
2.233373234048485756e-04
2.232773986179381609e-04
2.231960825156420469e-04
2.230513491667807102e-04
2.229232923127710819e-04
2.228961966466158628e-04
2.227224176749587059e-04
2.226574870292097330e-04
2.225195203209295869e-04
2.223023620899766684e-04
2.222447801614180207e-04
2.219950547441840172e-04
2.219353045802563429e-04
2.218488370999693871e-04
2.217826695414260030e-04
2.217129949713125825e-04
2.215733402408659458e-04
2.214727719547227025e-04
2.213646075688302517e-04
2.212590479757636786e-04
2.211146202171221375e-04
2.210332459071651101e-04
2.210042584920302033e-04
2.209605881944298744e-04
2.209116209996864200e-04
2.208592486567795277e-04
2.207498619100078940e-04
2.206413919338956475e-04
2.205845958087593317e-04
2.205372729804366827e-04
2.205076307291164994e-04
2.204759948654100299e-04
2.204055053880438209e-04
2.203868643846362829e-04
2.202808391302824020e-04
2.202485629823058844e-04
2.201937604695558548e-04
2.201451570726931095e-04
2.200731250923126936e-04
2.199818263761699200e-04
2.199167211074382067e-04
2.198667061747983098e-04
2.198051224695518613e-04
2.197438443545252085e-04
2.196280693169683218e-04
2.195606793975457549e-04
2.193935360992327332e-04
2.193248656112700701e-04
2.192438696511089802e-04
2.191631210735067725e-04
2.191017701989039779e-04
2.189944643760100007e-04
2.188912330893799663e-04
2.187829813919961452e-04
2.186937199439853430e-04
2.186257042922079563e-04
2.185868943342939019e-04
2.184906043112277985e-04
2.183868782594799995e-04
2.183415344916284084e-04
2.182624302804470062e-04
2.181468153139576316e-04
2.181059535359963775e-04
2.180236333515495062e-04
2.179594448534771800e-04
2.178635331802070141e-04
2.177475980715826154e-04
2.176160924136638641e-04
2.174586406908929348e-04
2.173080429201945662e-04
2.170905645471066236e-04
2.169817016692832112e-04
2.168124774470925331e-04
2.166551275877282023e-04
2.166030317312106490e-04
2.165073383366689086e-04
2.163557364838197827e-04
2.162436139769852161e-04
2.161481534130871296e-04
2.160611038561910391e-04
2.159653668059036136e-04
2.158384304493665695e-04
2.156503032892942429e-04
2.154929388780146837e-04
2.152142697013914585e-04
2.149725914932787418e-04
2.147211635019630194e-04
2.146483457181602716e-04
2.145310427295044065e-04
2.144592144759371877e-04
2.143658930435776711e-04
2.142367302440106869e-04
2.140627184417098761e-04
2.140321594197303057e-04
2.139095304301008582e-04
2.138509880751371384e-04
2.137860137736424804e-04
2.136866096407175064e-04
2.135653339792042971e-04
2.134452806785702705e-04
2.133478847099468112e-04
2.132767112925648689e-04
2.132130903191864491e-04
2.131387009285390377e-04
2.130324428435415030e-04
2.128690248355269432e-04
2.126419276464730501e-04
2.124941092915832996e-04
2.123260346706956625e-04
2.122568839695304632e-04
2.121318393619731069e-04
2.120252029271796346e-04
2.118165430147200823e-04
2.115848474204540253e-04
2.115155948558822274e-04
2.112988149747252464e-04
2.110967179760336876e-04
2.109331398969516158e-04
2.108441112795844674e-04
2.107671025441959500e-04
2.106895262841135263e-04
2.106250321958214045e-04
2.105488383676856756e-04
2.104138548020273447e-04
2.103346778312698007e-04
2.103170554619282484e-04
2.102054422721266747e-04
2.101681311614811420e-04
2.101278660120442510e-04
2.100566489389166236e-04
2.100451674778014421e-04
2.098310214933007956e-04
2.097389224218204618e-04
2.096226089634001255e-04
2.095175441354513168e-04
2.093863149639219046e-04
2.093136572511866689e-04
2.092632930725812912e-04
2.091625501634553075e-04
2.090040215989574790e-04
2.089695190079510212e-04
2.088412438752129674e-04
2.087458706228062510e-04
2.086619497276842594e-04
2.085563610307872295e-04
2.084121515508741140e-04
2.083837753161787987e-04
2.083209983538836241e-04
2.082883584080263972e-04
2.082322316709905863e-04
2.081485145026817918e-04
2.080382400890812278e-04
2.079919358948245645e-04
2.079372934531420469e-04
2.078946126857772470e-04
2.078700781567022204e-04
2.078305114991962910e-04
2.077802782878279686e-04
2.077107055811211467e-04
2.076617529382929206e-04
2.076326054520905018e-04
2.075992524623870850e-04
2.075808879453688860e-04
2.075371157843619585e-04
2.074829535558819771e-04
2.074305375572293997e-04
2.074002113658934832e-04
2.073524956358596683e-04
2.073118812404572964e-04
2.072864008368924260e-04
2.072654024232178926e-04
2.072518691420555115e-04
2.072371135000139475e-04
2.072037605103105307e-04
2.071672497550025582e-04
2.071314665954560041e-04
2.070993796223774552e-04
2.070276823360472918e-04
2.069833572022616863e-04
2.069488691631704569e-04
2.069323090836405754e-04
2.069160982500761747e-04
2.068774338113144040e-04
2.068541798507794738e-04
2.068256144411861897e-04
2.068095345748588443e-04
2.067731111310422421e-04
2.067424211418256164e-04
2.067088353214785457e-04
2.066649030894041061e-04
2.066107554128393531e-04
2.065881417365744710e-04
2.065562439383938909e-04
2.065463340841233730e-04
2.065062290057539940e-04
2.064794534817337990e-04
2.064449508907273412e-04
2.064105938188731670e-04
2.063878200715407729e-04
2.063773863483220339e-04
2.063530846498906612e-04
2.063333959085866809e-04
2.062986459350213408e-04
2.062537096207961440e-04
2.062031417153775692e-04
2.061666455119848251e-04
2.061040286207571626e-04
2.060676197288557887e-04
2.060233382508158684e-04
2.059351827483624220e-04
2.059005200862884521e-04
2.058422105619683862e-04
2.058105164906010032e-04
2.057801611954346299e-04
2.057445817627012730e-04
2.056905650533735752e-04
2.056635566987097263e-04
2.056196535704657435e-04
2.056040684692561626e-04
2.055762743111699820e-04
2.055402874248102307e-04
2.054958749795332551e-04
2.054661163128912449e-04
2.054431097349151969e-04
2.054091164609417319e-04
2.054043579846620560e-04
2.053477219305932522e-04
2.053264906862750649e-04
2.052922936854884028e-04
2.052812196779996157e-04
2.052710915450006723e-04
2.052558120340108871e-04
2.052429481409490108e-04
2.052197232842445374e-04
2.051701012533158064e-04
2.050976909231394529e-04
2.049981849268078804e-04
2.049236063612625003e-04
2.048555033979937434e-04
2.048086607828736305e-04
2.047422312898561358e-04
2.046542940661311150e-04
2.045985456788912416e-04
2.045624132733792067e-04
2.045142609858885407e-04
2.044678403763100505e-04
2.043687854893505573e-04
2.043054264504462481e-04
2.042799314949661493e-04
2.042391424765810370e-04
2.041840634774416685e-04
2.041671541519463062e-04
2.041333209490403533e-04
2.041184779955074191e-04
2.040740218944847584e-04
2.040352992480620742e-04
2.040106919594109058e-04
2.039565297309309244e-04
2.039171376964077353e-04
2.038773382082581520e-04
2.038377861026674509e-04
2.037773519987240434e-04
2.037435478996485472e-04
2.037404628936201334e-04
2.037027297774329782e-04
2.037027297774329782e-04
2.037027297774329782e-04
