5.473995772067944410e-01,1.011719179018549797e+00
5.395037578636169284e-01,1.002790732603199952e+00
2.544650230472911279e-01,5.625065700508415922e-01
2.237404786061746587e-01,5.182754928510452386e-01
1.961397835936748713e-01,4.809839630892464024e-01
1.873739243233470964e-01,4.725144239782333999e-01
1.682582201252181830e-01,4.511721786272884782e-01
1.546862188290032136e-01,4.208500050602122511e-01
1.431506257346903122e-01,3.888531212242988255e-01
1.290435746602645872e-01,3.608724986775647681e-01
1.157796990535370774e-01,3.490383317482286252e-01
1.024974555154201800e-01,3.028617616145170555e-01
9.389402705218313772e-02,2.889453084168498442e-01
9.026420260426018527e-02,2.825461564726369779e-01
8.680048176221012712e-02,2.733720710006326549e-01
7.943457772409134865e-02,2.297595224183064111e-01
6.644665907847219222e-02,1.845284489365651426e-01
6.414774606071370344e-02,1.852321015930172288e-01
6.126277454161419000e-02,1.829750889151308402e-01
5.984248913468801639e-02,1.765586797855712153e-01
5.750509896330999182e-02,1.714781926836459469e-01
5.829331133753082317e-02,1.750385202740127877e-01
5.864042032781632136e-02,1.723580751559263269e-01
5.485680552890741246e-02,1.619195244854501337e-01
5.179530407442900497e-02,1.527735855564251455e-01
5.189912897253098900e-02,1.492218473353100483e-01
5.017642400208408709e-02,1.450290410967221555e-01
5.019097018891417739e-02,1.443358029310039814e-01
4.863186229774541652e-02,1.432501049668291060e-01
4.690633515013048482e-02,1.417417876038997993e-01
4.833667423594376067e-02,1.444081033665031155e-01
4.906689243068108885e-02,1.429006718950124877e-01
4.724865602328752467e-02,1.432689772032532394e-01
4.501907371390952844e-02,1.430386675569095545e-01
4.278302428666405643e-02,1.385496937915899340e-01
4.386188336812784500e-02,1.396832688841616599e-01
4.428117556443506020e-02,1.392014781474345542e-01
4.125197303543928773e-02,1.368435458075708266e-01
4.289795413398687224e-02,1.368227152867075580e-01
4.120330604443186995e-02,1.363126734677957974e-01
4.088270832011664524e-02,1.358360417546147225e-01
4.052709418573841732e-02,1.336261055626160321e-01
3.964903774590526619e-02,1.338194838776491924e-01
3.994658615119294626e-02,1.343121946133041811e-01
3.866969221214024144e-02,1.305299437091809178e-01
3.923988262810580024e-02,1.300517852672057051e-01
3.868585637565644109e-02,1.280624229153181359e-01
3.791368508565564482e-02,1.277024894259913002e-01
3.753459404273966349e-02,1.281701381506904214e-01
3.789906558488143062e-02,1.261747550408683360e-01
3.637740951972018993e-02,1.242094443721358660e-01
3.648042475126399981e-02,1.224728127146888085e-01
3.555113311021722289e-02,1.185048902700619328e-01
3.591233505386355607e-02,1.201644729602217576e-01
3.555031075756212577e-02,1.171197040435278391e-01
3.402205024366478786e-02,1.133144394492949375e-01
3.404699684429005752e-02,1.139144124852029955e-01
3.318571662678384410e-02,1.111008227254441649e-01
3.322579965269033958e-02,1.061642988478059546e-01
3.260576432184189577e-02,1.038044932935671127e-01
3.123045245323422328e-02,9.903888789415105087e-02
3.031535521587138543e-02,9.813685915970719875e-02
2.941270217543789575e-02,9.739521376396506613e-02
2.922401357340267264e-02,9.525480342195352668e-02
2.627449495089738754e-02,8.800902496054843760e-02
2.509586817672846901e-02,8.360295578000688510e-02
2.612895530974715386e-02,8.580752669211566541e-02
2.549375509491049602e-02,8.587907100372474400e-02
2.567521125828458456e-02,8.510015728198873364e-02
2.581451191781105464e-02,8.522567974773083421e-02
2.532283040108885067e-02,8.518102555565290612e-02
2.585252731280883454e-02,8.558660838560397388e-02
2.534992917773640567e-02,8.402114512384296907e-02
2.491328818605349077e-02,8.306504977849804572e-02
2.507005464209331042e-02,8.307645292303837692e-02
2.468099403619627985e-02,8.242441784722216724e-02
2.454558083218472478e-02,8.225821496602843397e-02
2.468350370686339321e-02,8.253010826859778770e-02
2.469300969333143927e-02,8.258932331457038978e-02
2.414158415092931137e-02,8.194153859971567422e-02
2.551162491044833835e-02,8.282545717613280789e-02
2.463990416894994845e-02,8.208748903363330407e-02
2.455684628239239442e-02,8.237664718024782784e-02
2.395482863717333238e-02,8.179894185920397187e-02
2.378747975750607549e-02,8.132969535738079903e-02
2.336261025561598564e-02,8.064142286490216804e-02
2.341292970224144454e-02,8.011543511439390974e-02
2.354562119925245750e-02,8.061075006446642710e-02
2.323809218676919919e-02,8.040705816206018819e-02
2.274915722630688544e-02,7.933822287250748284e-02
2.214858807569309793e-02,7.772132938444489825e-02
2.175215898184423499e-02,7.672260811234810074e-02
2.168097469846532246e-02,7.692054531355403679e-02
2.174893353397728060e-02,7.689290815599450490e-02
2.114248670110078013e-02,7.560766285131548248e-02
2.129774751924388976e-02,7.532851976701232521e-02
2.135209315844067632e-02,7.389469752542975056e-02
2.135077271617565053e-02,7.458671628753547889e-02
2.100915141349720544e-02,7.356173304768150178e-02
2.052642516170498366e-02,7.301675397077250773e-02
2.079683920203050443e-02,7.325960736216523272e-02
2.033513029569773700e-02,7.210939354274853441e-02
2.063976886213684386e-02,7.135774358285729146e-02
2.050331894398066054e-02,6.926409043519977937e-02
2.051035618989171735e-02,6.784315230641774219e-02
1.976439953441928507e-02,6.635357919346017430e-02
1.976804974317628721e-02,6.669436134524495130e-02
1.915753889208520952e-02,6.561881367284051747e-02
1.920950412401589702e-02,6.539694055314154708e-02
1.885564044477678475e-02,6.455482482297275615e-02
1.843476183770106219e-02,6.365311186383561248e-02
1.816558647366468132e-02,6.391088460773222679e-02
1.805501759890436667e-02,6.351236398246107306e-02
1.785038486461298576e-02,6.317358722697871687e-02
1.759821695505361244e-02,6.262413449647133423e-02
1.745038955326957270e-02,6.201616746126836777e-02
1.742051940251330630e-02,6.187451798688688165e-02
1.766104449202835630e-02,6.208009378302758313e-02
1.766594127054596161e-02,6.106680367946279442e-02
1.747009938464160264e-02,6.031911887822881402e-02
1.719181012540571193e-02,5.934236457036311252e-02
1.723490444123607773e-02,5.968278151397483217e-02
1.710232601889128540e-02,5.926485055418579534e-02
1.708900633605901082e-02,5.891028013900443533e-02
1.700814420473286195e-02,5.841042933247914126e-02
1.684709813160629663e-02,5.823894401505447238e-02
1.681174917104330535e-02,5.830049691190927752e-02
1.683614703118833239e-02,5.830221323998230343e-02
1.698167396997097775e-02,5.851276764275725045e-02
1.672027210596481461e-02,5.796175163609277453e-02
1.659343403752447377e-02,5.753529883315321863e-02
1.643322282755274588e-02,5.784958671738128083e-02
1.640771814449486221e-02,5.815335434485219973e-02
1.620261153425533660e-02,5.807642540521246177e-02
1.625558848716008101e-02,5.831511686580409526e-02
1.621104602623611030e-02,5.820189602533264867e-02
1.615689755834729888e-02,5.816119520806126847e-02
1.618613041530279559e-02,5.836122835253262225e-02
1.610031460478481696e-02,5.789718867955923054e-02
1.601896570021261318e-02,5.761668778968086907e-02
1.602927477384241337e-02,5.790857458424254062e-02
1.602339758399039596e-02,5.795090768282688126e-02
1.581909133285815464e-02,5.766484626531018232e-02
1.586292839400912230e-02,5.773834978792907746e-02
1.574069169721408271e-02,5.755121968098296514e-02
1.564343665524573282e-02,5.740590483424756058e-02
1.558015130376230392e-02,5.752447718397715043e-02
1.532589572370722866e-02,5.702995924622657198e-02
1.524370919716340825e-02,5.676206790530750196e-02
1.514583623230017148e-02,5.641166710910796439e-02
1.523057989956166404e-02,5.642151809741598190e-02
1.513276194358223817e-02,5.621201717449323537e-02
1.526132768340797245e-02,5.637372190067366923e-02
1.525421010112664420e-02,5.651624552147098413e-02
1.524871592783514328e-02,5.613901092177818464e-02
1.542068558024467517e-02,5.628162251924270082e-02
1.554239294570709286e-02,5.619662823596466988e-02
1.545392364114714714e-02,5.609448384802308979e-02
1.545955394310015094e-02,5.617428812830597973e-02
1.527104834293130549e-02,5.603375504930393353e-02
1.522773991820655995e-02,5.584865546205994291e-02
1.510840431950745757e-02,5.597870018504379208e-02
1.488689650286658707e-02,5.577262114005959032e-02
1.488664591025978291e-02,5.582112860059767340e-02
1.473573601374051842e-02,5.562332345217921303e-02
1.469202986082597875e-02,5.558104466248968423e-02
1.462504465799056852e-02,5.546168007231924713e-02
1.469112857637495072e-02,5.548154360212435160e-02
1.469002956506234095e-02,5.551198047886580361e-02
1.472146286584803850e-02,5.537450692572448707e-02
1.475902717594854661e-02,5.545115438358022564e-02
1.478546741711406730e-02,5.535168146181856236e-02
1.488349049053478736e-02,5.540349235695633812e-02
1.489921662375380887e-02,5.524125654537664909e-02
1.483409199183240851e-02,5.519659099741233005e-02
1.476542266581418530e-02,5.524745178972664816e-02
1.471362178750037358e-02,5.528246587311676230e-02
1.475653762079572051e-02,5.528525313140893876e-02
1.469065119442051690e-02,5.514348880955740467e-02
1.479932345383929045e-02,5.528370643246589833e-02
1.474918629245292739e-02,5.515539468658228750e-02
1.485381423798914045e-02,5.516977155635183899e-02
1.488888470672411306e-02,5.528383115366069384e-02
1.480365242225831733e-02,5.520631698603629262e-02
1.488922326907954514e-02,5.525703910562878435e-02
1.498566284841077595e-02,5.549183265410100041e-02
1.506429322090361428e-02,5.571576418215889309e-02
1.503923507142559436e-02,5.561232350457739199e-02
1.502458751788043022e-02,5.573667830271704371e-02
1.502643540562620568e-02,5.573286660197932646e-02
1.501731885289295763e-02,5.570610606244139063e-02
1.503485091428253748e-02,5.571387099851687896e-02
