5.370540454133533315e-01,9.999995377660637619e-01
5.371412746049144538e-01,1.000129314133537006e+00
2.940967726104504187e-01,6.086905144118999189e-01
2.048040229503253762e-01,4.850442847290725723e-01
1.851197045735673563e-01,4.628972695080392774e-01
1.790759514875778224e-01,4.558722519330281053e-01
1.681280498864027584e-01,4.450243740454429830e-01
1.612192740067945051e-01,4.362190407912496237e-01
1.560611923802598666e-01,4.292306293407334716e-01
1.499209777032723123e-01,4.212356296722981064e-01
1.498661431745636208e-01,4.124484746272906177e-01
1.471525770024026403e-01,4.106261426651264812e-01
1.457219911782140775e-01,4.008375943084059867e-01
1.399989642356741504e-01,3.765695275539875930e-01
1.335483095701871237e-01,3.568493811366109658e-01
1.177760506988115852e-01,3.358163127301009299e-01
1.119625978898841218e-01,3.196251006185649168e-01
1.043660098524416685e-01,3.078374110162331312e-01
1.005553725970997764e-01,2.920505086277350171e-01
9.086673609665259221e-02,2.604460913760682228e-01
7.531396676091722808e-02,2.320404824637250785e-01
7.175982976383599166e-02,2.215339688717600786e-01
6.771007832244435587e-02,2.170120886708624408e-01
6.369458300371642900e-02,2.120275653694480289e-01
6.173294443033053303e-02,1.942306941492134009e-01
5.701220194209346420e-02,1.904229737932199296e-01
5.383668003559578807e-02,1.882653841564779773e-01
5.338783343807766701e-02,1.825705008980180732e-01
5.271892415171260116e-02,1.831662462504315414e-01
4.970810202054053856e-02,1.773321117349033194e-01
4.914993758027313975e-02,1.767921602740259446e-01
4.788344254056089988e-02,1.765890011599245690e-01
4.641516679560129394e-02,1.756817677805276312e-01
4.503402838218541898e-02,1.749697473417991811e-01
4.558517803347209019e-02,1.763716822947528629e-01
4.432152780449293006e-02,1.863302465861396418e-01
4.181357703604748205e-02,1.881066705953887142e-01
4.054119952213181000e-02,1.889360548010627361e-01
3.984585860928016587e-02,1.872613501215182052e-01
3.949008022799933848e-02,1.875699644541206357e-01
3.956942823758336641e-02,1.848127637792940925e-01
4.001140285559922488e-02,1.891945476456200759e-01
3.938825605702243188e-02,1.888040449924020814e-01
3.895147132022731828e-02,1.871480693709680898e-01
3.931678431994155981e-02,1.867314400244659833e-01
3.933762856999913765e-02,1.858895272058142534e-01
3.848137026618700385e-02,1.851652357328590348e-01
3.830313631558411591e-02,1.824760014629911997e-01
3.846686766689773329e-02,1.782072551105861324e-01
3.826152097681315145e-02,1.796225738946374550e-01
3.724943843958248429e-02,1.719024228655434416e-01
3.707664128921626251e-02,1.728011768708035689e-01
3.659355665943715696e-02,1.719332005706854238e-01
3.590597730859818731e-02,1.681787970507879759e-01
3.538983310479710404e-02,1.654447050610784453e-01
3.489481845505535557e-02,1.637359575825718117e-01
3.457572136802399693e-02,1.637459180056364261e-01
3.394292775712050986e-02,1.611971267343794423e-01
3.416455165616170270e-02,1.633074324212245021e-01
3.373196466691548434e-02,1.628736421666839573e-01
3.332398877634284301e-02,1.593847247886144569e-01
3.315922976661528354e-02,1.606047590392893354e-01
3.281823663773248551e-02,1.589671724556357135e-01
3.230054603220160886e-02,1.574502551171607367e-01
3.249952738226613569e-02,1.557125292621175106e-01
3.225385517958692660e-02,1.515717011367751499e-01
3.142963514054422647e-02,1.499709849423871422e-01
3.086477790140354852e-02,1.475675037767150977e-01
3.020809019842946724e-02,1.451805852095243154e-01
2.999461765864963603e-02,1.405137236712157289e-01
2.982754198453034522e-02,1.419783673710078298e-01
2.953458738775817383e-02,1.404011254723533664e-01
2.858176106525275872e-02,1.386145638938921232e-01
2.755032877253614856e-02,1.346879051263062954e-01
2.735812651278314231e-02,1.316209611234805399e-01
2.683120554492387372e-02,1.299720842051795555e-01
2.668038235973978212e-02,1.277794710503125375e-01
2.674591764320098652e-02,1.300239517887213647e-01
2.658522016097574284e-02,1.302207575685994378e-01
2.619054325406374936e-02,1.277529795797456846e-01
2.630973154679191323e-02,1.311609612203656905e-01
2.616997918990675992e-02,1.315970427941925147e-01
2.630604647777576299e-02,1.328534462400958183e-01
2.630807729293866207e-02,1.318444263902230351e-01
2.597311163515926558e-02,1.308639990975097034e-01
2.620540365580431921e-02,1.298824726517995298e-01
2.604716144337979739e-02,1.300267039216781439e-01
2.601346733166074940e-02,1.298042807596747339e-01
2.606586282361639598e-02,1.294768713806499494e-01
2.600086679976532089e-02,1.287759326199124366e-01
2.607763309504530433e-02,1.275078571747114420e-01
2.630461584663530000e-02,1.286284603996479259e-01
2.652350189995183322e-02,1.293556135816614494e-01
2.703582980178238435e-02,1.331941910099374571e-01
2.687930520192258893e-02,1.338210896932498506e-01
2.697365376286738059e-02,1.340921936270347281e-01
2.707270623445066915e-02,1.358951089197963646e-01
2.738050458119402342e-02,1.374872850916974143e-01
2.723222170013484336e-02,1.378985193018327227e-01
2.704006552062691859e-02,1.370981702130254221e-01
2.679046551147810928e-02,1.354633202011427118e-01
2.646460921810290037e-02,1.332531035813737108e-01
2.620900926524528593e-02,1.314757796503830123e-01
2.619425110881128810e-02,1.315272192762881043e-01
2.607952889807449090e-02,1.307797789000194610e-01
2.611646863256196147e-02,1.307257243210982467e-01
2.612817389393428183e-02,1.298670113735041209e-01
2.642065255534022453e-02,1.303009930828314122e-01
2.637521681243042149e-02,1.300724119420506308e-01
2.616212049763337599e-02,1.292267329933479703e-01
2.602139991979148664e-02,1.288010303241862997e-01
2.599801567119012363e-02,1.279524898579379732e-01
2.582567239523010302e-02,1.274440949922024113e-01
2.575152338072483546e-02,1.275966667297114554e-01
2.561634716918654783e-02,1.274071615157509885e-01
2.557804585722578752e-02,1.277079902013652235e-01
2.521744920517163951e-02,1.269960698922414921e-01
2.481958271997515217e-02,1.272098602933267320e-01
2.522570243645352178e-02,1.277878703388872217e-01
2.545779618946555911e-02,1.295469847766282379e-01
2.546699960717805494e-02,1.296683859827398866e-01
2.538575680054952488e-02,1.306756319136607170e-01
2.510255785278939569e-02,1.282658427223820063e-01
2.526416385980185045e-02,1.299161726896099489e-01
2.521802994055907451e-02,1.301209791813933425e-01
2.532172303873896774e-02,1.302619998478394270e-01
2.532862485460653235e-02,1.304778948928584370e-01
2.532669426275526228e-02,1.312169572992387956e-01
2.535010188077965396e-02,1.308215284438395964e-01
2.531339886932409619e-02,1.314193628989093476e-01
2.554240026989886697e-02,1.323612966453907025e-01
2.566725980839503277e-02,1.336366969039800290e-01
2.586338516710172050e-02,1.337659396429367598e-01
2.609055712560895413e-02,1.348048641111692647e-01
2.612157325418551154e-02,1.345696333072637918e-01
2.594327995637122838e-02,1.342298434485316716e-01
2.593374929509505503e-02,1.329527563680177327e-01
2.586311072703218958e-02,1.330851541381625480e-01
2.579235808731477481e-02,1.332011491032476236e-01
2.579832430850852523e-02,1.338371810960340413e-01
2.574851195084316632e-02,1.339803641572002157e-01
2.605869674976441647e-02,1.339751677416625153e-01
2.600702138787737080e-02,1.336468786791466246e-01
2.594006686543881210e-02,1.332073580307950866e-01
2.592095786875096841e-02,1.326298387581566207e-01
2.573179875329420149e-02,1.320121865299183073e-01
2.569524668190203628e-02,1.320512997071983941e-01
2.526253257391969029e-02,1.315698118758927282e-01
2.528796377935752307e-02,1.304664117915116384e-01
2.558001025081077517e-02,1.309569097652897307e-01
2.562288787075333793e-02,1.299673864477250973e-01
2.560340263987667675e-02,1.302463168006678107e-01
2.549325815240000362e-02,1.296332709479371681e-01
2.551090861175068364e-02,1.293801063292129294e-01
2.543724720571335571e-02,1.289072581451606303e-01
2.546319782386413308e-02,1.286273357341681522e-01
2.544317085539566162e-02,1.291718765316990092e-01
2.546682151844463851e-02,1.294382586002000846e-01
2.553325824935942859e-02,1.287968426153368595e-01
2.533508461366837036e-02,1.285720830581400242e-01
2.513633561496339194e-02,1.279033421058493047e-01
2.536272256855446466e-02,1.281950206439036732e-01
2.524748541350638892e-02,1.283237532281059079e-01
2.497362858951038267e-02,1.277056394624659086e-01
2.499451165582718126e-02,1.269811313087739757e-01
2.461364061941440431e-02,1.254014896487036235e-01
2.467821024101975874e-02,1.249123592548695844e-01
2.476911362067810152e-02,1.250862731189287536e-01
2.483657594772887764e-02,1.253531166132041130e-01
2.474647103955948668e-02,1.249730720303457582e-01
2.466054742593245391e-02,1.241037091594718311e-01
2.453508945968398830e-02,1.236201560226658502e-01
2.441232100374651423e-02,1.245996819818190604e-01
2.442804544555869650e-02,1.248216826245155814e-01
2.447305747781779520e-02,1.251228967401441794e-01
2.455303273501009687e-02,1.248953004409126544e-01
2.449673107736367178e-02,1.242241908151800744e-01
2.407058336927125897e-02,1.204067655187182617e-01
2.349954880287361686e-02,1.168820841272384392e-01
2.312390519326602487e-02,1.134161117181959749e-01
2.308337763055141531e-02,1.132226786435008292e-01
2.321003834636051547e-02,1.134913548231797076e-01
2.332328173638518673e-02,1.135770947734233011e-01
2.339334681718099190e-02,1.135063891598952213e-01
2.335199567811043625e-02,1.124462282692191561e-01
2.343742343612154055e-02,1.127507724748502138e-01
2.315410521357981130e-02,1.113282119283905275e-01
2.313230581108048287e-02,1.112533681195526092e-01
2.315677857599292289e-02,1.113181542073807817e-01
2.328725343045297269e-02,1.112304144439752313e-01
2.330675839034243579e-02,1.110577494609368970e-01
2.353944262874320403e-02,1.111533934738667823e-01
2.345035372596766809e-02,1.110794182236273797e-01
2.353111335592064993e-02,1.107613203611101937e-01
2.353585788339461471e-02,1.099915609734855304e-01
2.363385259714088568e-02,1.107808814206025921e-01
2.359470222794111255e-02,1.098955732197051394e-01
2.346349067041738484e-02,1.097595061786489218e-01
2.333751671493238325e-02,1.097275275850770476e-01
2.345011703487469637e-02,1.100711896243886517e-01
2.332675101124501160e-02,1.089258920151227744e-01
2.304937787679558689e-02,1.084251737679362837e-01
2.293362161547438799e-02,1.086149781789863683e-01
2.256908617017351973e-02,1.082274444007064185e-01
2.253074954115440176e-02,1.084509952867859506e-01
2.247667507304784359e-02,1.084703389338503299e-01
2.242444552221418627e-02,1.085148776081351213e-01
2.235224500449295784e-02,1.080660826714127110e-01
2.224711002678607386e-02,1.083753924323884038e-01
2.237030577609356793e-02,1.083837637284334188e-01
2.234907498206776047e-02,1.087819268506454440e-01
2.235660199402946316e-02,1.086959427047359816e-01
