4.331920578340334171e-01,8.371182576545556087e-01
6.464307930110758660e-01,1.173448442450367724e+00
4.883131654808002264e-01,9.332047235154616871e-01
4.142197567960909099e-01,8.196396057308421579e-01
2.395095261361643024e-01,5.480313999261318125e-01
2.214295370898462512e-01,5.300655262737334894e-01
1.926065186520344308e-01,4.947293993078197838e-01
1.759633213967410070e-01,4.610374667192808085e-01
1.692571821171836299e-01,4.552271469449868935e-01
1.563580588559738971e-01,4.285411823369035811e-01
1.450628698319450516e-01,3.978124104024254870e-01
1.317033253908498902e-01,3.624933848831584648e-01
1.158390817161745051e-01,3.138000487523214255e-01
1.068546505840813066e-01,2.868540870020032107e-01
1.012493358575454611e-01,2.719273234237955528e-01
9.576766941964497126e-02,2.672929634435693980e-01
9.183216679828844209e-02,2.611142970844597122e-01
8.374426824436755068e-02,2.387190806541544530e-01
7.668585131759143858e-02,2.249523421445923654e-01
6.898883183228064764e-02,2.119193180610926541e-01
6.591454751218700503e-02,1.976060914314642369e-01
5.724733825328048170e-02,1.799177274155319417e-01
5.302769944696289484e-02,1.717132663104931345e-01
5.234697178721856026e-02,1.656061925861735118e-01
5.146288751608459056e-02,1.742934268385955554e-01
4.746213878175001288e-02,1.688920671221831316e-01
4.514538138501762721e-02,1.665525021023602781e-01
4.398980128092496583e-02,1.646806715742750171e-01
4.614230162353999409e-02,1.833332783625847007e-01
4.579492123831430811e-02,2.050855570445818399e-01
4.445224423975286526e-02,1.991815166558406902e-01
4.236298540414166341e-02,1.924805980689695550e-01
4.189072135294139021e-02,1.928502229195274975e-01
3.945209845753894912e-02,1.849873159196490091e-01
3.817319961962906821e-02,1.801020025845087025e-01
3.723362966118723416e-02,1.807483249157684213e-01
3.612409992706205886e-02,1.741306426730689916e-01
3.498526741664569756e-02,1.712226191077189652e-01
3.618387208613212114e-02,1.767962863271985985e-01
3.578664246595399112e-02,1.790126089139437993e-01
3.176197744999423311e-02,1.694019792945878344e-01
3.015529686882195345e-02,1.693397635194182349e-01
3.001664234813501003e-02,1.697500165273697070e-01
2.897400094644177193e-02,1.676131333701432191e-01
2.935104224416458518e-02,1.653047446374342755e-01
2.927140781763718641e-02,1.670887571978915132e-01
2.854708225964085536e-02,1.671532571924912169e-01
2.779505932478393629e-02,1.643552320903046982e-01
2.734350119862292289e-02,1.655391791926610068e-01
2.676298905403447920e-02,1.618473761138328471e-01
2.723125076623856763e-02,1.641299908224654602e-01
2.743673987506767276e-02,1.657218743386428828e-01
2.675574708119100864e-02,1.664606346252556768e-01
2.646887281289615756e-02,1.653912224217732319e-01
2.623360756452989412e-02,1.652510342248237618e-01
2.636742369386547991e-02,1.678212715929943699e-01
2.589626483389175643e-02,1.653442678370930785e-01
2.601493515939590218e-02,1.636255809817718510e-01
2.630503226060728478e-02,1.679773633999130100e-01
2.553843011986734954e-02,1.667633673224944157e-01
2.544382606738177649e-02,1.653325189689217600e-01
2.524119461387873062e-02,1.654028342699378762e-01
2.539380183021842582e-02,1.666575347545530272e-01
2.530476389603719678e-02,1.664828821551408711e-01
2.501425422314645583e-02,1.631425599920273695e-01
2.549927917218393000e-02,1.641717328662290198e-01
2.589112059177454267e-02,1.658555696159693948e-01
2.574787564229258710e-02,1.639325172625672733e-01
2.510822141679475844e-02,1.622463747091571762e-01
2.417764264333277860e-02,1.595659296670323968e-01
2.257732904252524736e-02,1.519512257735083638e-01
2.285385454825024365e-02,1.517430545224093541e-01
2.250987170648222069e-02,1.483916191570487375e-01
2.244669352307135032e-02,1.449642824718553047e-01
2.221643149577907581e-02,1.432904304550422503e-01
2.210870912720858464e-02,1.433548839057937896e-01
2.154499116939380399e-02,1.424680767972927309e-01
2.214937146172449300e-02,1.425841827876661860e-01
2.208526004095975534e-02,1.437588615350978705e-01
2.152566763295188715e-02,1.423182110098810405e-01
2.133520754067951344e-02,1.420465572376083396e-01
2.119295872671825634e-02,1.416383069480606771e-01
2.131989101396103425e-02,1.423054168162741495e-01
2.083777819494057534e-02,1.415251936919993681e-01
2.111646145213962392e-02,1.428557562060906727e-01
2.098720397981846189e-02,1.432875443449209418e-01
2.064150334792186001e-02,1.414454959855925287e-01
2.045765804867749615e-02,1.418487400108408292e-01
2.041900503482759963e-02,1.419133899905765384e-01
2.055983847222080801e-02,1.416579896771942570e-01
2.012990626668444138e-02,1.407715250758974634e-01
2.018616326689251853e-02,1.423488921770084958e-01
2.045076799605749507e-02,1.433798037171820916e-01
2.039816579516078032e-02,1.430189282947816609e-01
2.059459959195836937e-02,1.417148849096060703e-01
2.002780352915781853e-02,1.403449264141194697e-01
2.015713201194715282e-02,1.400763261028728779e-01
2.003752851338041346e-02,1.400999389069127465e-01
2.007564622294834636e-02,1.415198580017774377e-01
2.005031754296104918e-02,1.425672032637628206e-01
2.006252345510884175e-02,1.413479778860736447e-01
1.989296659087734509e-02,1.405229938510506038e-01
1.975305383032435746e-02,1.384538608079828315e-01
1.971433148217069387e-02,1.390990992626842671e-01
1.981097363670746014e-02,1.403702577054499190e-01
1.984765459971674084e-02,1.412068420075212327e-01
1.972772221590793698e-02,1.411587802426848837e-01
1.975543338500139121e-02,1.404721172042993904e-01
1.954872884004959718e-02,1.390960721623376029e-01
1.961674371774726339e-02,1.389747936435073161e-01
1.968271188196114158e-02,1.401057986310650927e-01
1.966933009661962078e-02,1.391474632223654029e-01
1.997965991560267385e-02,1.403265992602096002e-01
1.978005689608270876e-02,1.404268006539699798e-01
2.001531624506871013e-02,1.404492248435171009e-01
1.980598640082517625e-02,1.399279671735584596e-01
1.993901428863790321e-02,1.404133465303317729e-01
1.990284329525179863e-02,1.403578051361147050e-01
1.972045437606225957e-02,1.403172458858207294e-01
1.967799827833492318e-02,1.398764207677954119e-01
1.966239996996359263e-02,1.395317382853220045e-01
1.980756194396682615e-02,1.397297121557441180e-01
1.961778243320347684e-02,1.392508447321650078e-01
1.950300479539678403e-02,1.391432780493742638e-01
1.935439210021608347e-02,1.393548884860886516e-01
1.937950995496083920e-02,1.396161194043703258e-01
1.937050000017428997e-02,1.403339406105072185e-01
1.920397535027506403e-02,1.413611776844283796e-01
1.907360378536134687e-02,1.407141493498364759e-01
1.886054684513115143e-02,1.394570170561730549e-01
1.875513585482366241e-02,1.376900077845676362e-01
1.856729067058519866e-02,1.355549781545146160e-01
1.869400696051139177e-02,1.359393734026272116e-01
1.864444081855867741e-02,1.354430086262368993e-01
1.867042100836362531e-02,1.353772685258700648e-01
1.862719962538913338e-02,1.347840496353817363e-01
1.848471143221348117e-02,1.351591936914921244e-01
1.853307804282708360e-02,1.355935325799980662e-01
1.845483552884069275e-02,1.347429815281143972e-01
1.828450638329536318e-02,1.338993793742034588e-01
1.818622344413613201e-02,1.332225239808652872e-01
1.807731571919690000e-02,1.336567135879105639e-01
1.810804774566966008e-02,1.337844558166449427e-01
1.798545263954577644e-02,1.338520780742451510e-01
1.810312054868393195e-02,1.340375664702542213e-01
1.818069391722481817e-02,1.340774108964310207e-01
1.817542530658170646e-02,1.321921285187463435e-01
1.789795839092260185e-02,1.301737586839553651e-01
1.753259893866399369e-02,1.284905907989375429e-01
1.734025606100468575e-02,1.281456871517093477e-01
1.728850197439813982e-02,1.287672331040473350e-01
1.729609322436619079e-02,1.290615282093375005e-01
1.749477488362296065e-02,1.300006563339258514e-01
1.744938678530724013e-02,1.301081044382380314e-01
1.737021209088259258e-02,1.302148794027775114e-01
1.724270998763514917e-02,1.292763776219092164e-01
1.717720128951388814e-02,1.284041779834841357e-01
1.704601784857853394e-02,1.277829263793899550e-01
1.695106517266285057e-02,1.270743835030622160e-01
1.698788004746364100e-02,1.270335722861406780e-01
1.700792733452324498e-02,1.271574209192554150e-01
1.678405572166529261e-02,1.264855844569321153e-01
1.664698783570965970e-02,1.256408794639985171e-01
1.640688331525016336e-02,1.240472146613034732e-01
1.640688331525016336e-02,1.240472146613034732e-01
