5.977315686159672126e-01,1.082942300054942741e+00
5.081217445440140423e-01,9.714999240670461056e-01
4.415265167935279456e-01,8.586602454271300422e-01
2.561353824041401328e-01,5.601920137261846566e-01
2.282070447767647892e-01,5.303527008319880442e-01
2.153908348638822190e-01,5.086290217392744895e-01
1.986380733174284707e-01,4.797932033937445939e-01
1.819276653399929666e-01,4.610753695450404144e-01
1.705925410829410849e-01,4.359966255012153735e-01
1.605595177136870388e-01,4.242316225107890526e-01
1.586176383430382419e-01,4.228482676315271083e-01
1.570335367431197338e-01,4.192847310056531107e-01
1.512204959016351102e-01,4.078727895659607916e-01
1.437460595236113581e-01,3.974391626884978268e-01
1.363762308280395408e-01,3.845790069891918406e-01
1.342694592390774599e-01,3.779061006269237022e-01
1.285555018085505208e-01,3.607206967038084633e-01
1.171014790849040504e-01,3.420812554188015220e-01
1.094418090286539830e-01,3.188098189919968406e-01
1.059875335105395361e-01,3.076732943941836718e-01
1.032489698685407631e-01,3.017714762268300932e-01
9.969924839769556124e-02,2.944257680827920276e-01
1.004198166615556942e-01,2.895768006773001835e-01
9.639710694284803205e-02,2.832624377465102206e-01
9.473289224069343650e-02,2.833726744053793878e-01
9.218806349368049990e-02,2.828784875716873759e-01
9.200563606622512436e-02,2.800704365716333855e-01
9.081717843204913099e-02,2.750138424916139246e-01
8.927849778903612643e-02,2.720481207901294107e-01
8.761794800945779671e-02,2.686648184701297404e-01
8.574401675440017356e-02,2.676452918516696311e-01
8.288592924790204319e-02,2.519155010106640669e-01
7.847134010889630917e-02,2.397591909838841795e-01
7.656293905098783548e-02,2.384881166854056489e-01
7.106616051627695496e-02,2.273165724112273800e-01
6.849204914197716543e-02,2.258073612166328348e-01
6.781986702936587674e-02,2.220396863906873852e-01
6.826907900403884899e-02,2.193185750231329278e-01
6.905143606602491546e-02,2.201271496100729308e-01
6.359086933799411312e-02,2.097451566814360902e-01
6.322120535420135135e-02,2.077078932114857501e-01
6.196017763957906155e-02,2.025249068301700484e-01
6.233768514247389064e-02,2.021019740473996018e-01
5.942420869256095223e-02,2.112409738513259805e-01
5.918234320138192339e-02,2.152955481250193315e-01
5.673373454787273423e-02,2.225222246103424617e-01
5.603106587055987908e-02,2.442434303211903079e-01
5.514446830208970252e-02,2.653291545547539765e-01
5.578180973730435810e-02,2.706814705027920653e-01
5.319264777716955356e-02,2.666604005381909004e-01
5.320650040067016751e-02,2.642191496572291465e-01
5.292348901310038600e-02,2.646383415950530615e-01
5.129545951514285357e-02,2.591425421407161367e-01
5.142923941303162438e-02,2.580132252716689223e-01
5.064096993508493405e-02,2.583402341707097816e-01
4.987119140074635498e-02,2.614176299320055685e-01
4.986518887813964906e-02,2.628451305893072520e-01
4.943051479244000429e-02,2.634377939610718644e-01
4.934151634620041749e-02,2.606735834235931470e-01
4.764024707651779572e-02,2.604730231830211240e-01
4.720540582564183851e-02,2.591633763326440798e-01
4.786313304229068699e-02,2.634315255621830221e-01
4.772818032971565955e-02,2.655721185188214539e-01
4.752709616767555878e-02,2.661447600711398520e-01
4.591412028843237791e-02,2.645621565610478121e-01
4.556482902273849278e-02,2.636519261513207146e-01
4.544999939715786696e-02,2.640822955820207318e-01
4.520510808475591141e-02,2.649245137464074640e-01
4.507368266601180506e-02,2.651853916299858893e-01
4.471650593325107031e-02,2.633039418304795598e-01
4.502866459138332028e-02,2.644497616681117935e-01
4.380279988092234539e-02,2.655769607717992642e-01
4.294606689134909672e-02,2.631877803193501952e-01
4.312721863056108440e-02,2.633252452897094087e-01
4.357551126664724328e-02,2.642065372620113206e-01
4.297203874618751862e-02,2.634459941941280636e-01
4.229972440922064036e-02,2.626434916039170897e-01
4.224784916038767241e-02,2.627194470186457465e-01
4.196735236276810666e-02,2.635310942591099215e-01
4.158653801120675703e-02,2.623541244601568234e-01
4.226361051594501594e-02,2.620200803528138223e-01
4.275951939885588859e-02,2.638821681616320691e-01
4.237430430820745414e-02,2.637395598577263467e-01
4.233183462193799984e-02,2.643021496866632125e-01
4.247875221410477714e-02,2.649924006466271575e-01
4.184311679558334884e-02,2.639908965752933434e-01
4.127513352150916082e-02,2.645615720450616992e-01
4.064554727390029543e-02,2.650804552859681862e-01
4.009736949564212533e-02,2.644104048883599845e-01
4.031531437856936129e-02,2.654212631306075432e-01
3.998377885018974259e-02,2.655093825154370424e-01
3.975853962936731073e-02,2.640445512644782888e-01
3.995054893209407793e-02,2.650552843331696606e-01
3.954286882557883631e-02,2.639711572173463194e-01
3.913684247317474746e-02,2.640401046473943025e-01
3.936788807480561675e-02,2.648297846278795942e-01
3.981447800788062708e-02,2.663129679537021288e-01
3.968053363950080348e-02,2.670342132533648494e-01
4.010959203735222495e-02,2.690150771606993896e-01
3.960615817905305258e-02,2.688734622620678194e-01
3.960973611766713948e-02,2.692217555946036511e-01
3.914742726583546328e-02,2.695195873269605746e-01
3.981411449139560244e-02,2.706177224898725364e-01
3.975599037913252892e-02,2.700674179505030414e-01
3.994822741919276665e-02,2.699832815024724164e-01
3.974641092042174167e-02,2.702039473957222326e-01
3.964925981375818503e-02,2.696415963484313782e-01
3.973760115920710323e-02,2.701830806295844600e-01
4.030932293472817840e-02,2.707684594918536858e-01
3.956592432766264239e-02,2.693574723469087107e-01
3.919212048190353487e-02,2.705317634903818824e-01
3.848014255562311192e-02,2.682126782957836575e-01
3.849117336048590160e-02,2.687770095570599649e-01
3.850833028877516384e-02,2.695885032840750206e-01
3.880189897595046761e-02,2.699606442858359934e-01
3.897879732143263304e-02,2.701478621945664904e-01
3.927547374149083920e-02,2.710913245652208370e-01
3.886828912808692332e-02,2.702366872263551323e-01
3.862770715729658966e-02,2.704141180338514583e-01
3.863269140197017615e-02,2.702220693731814394e-01
3.853884178582578368e-02,2.700080473123813163e-01
