5.370555731674900857e-01,1.000015961633805572e+00
5.371348061531214801e-01,1.000128676350702461e+00
2.931088859861546436e-01,6.138073007560640448e-01
2.018868299970116020e-01,4.867219294056632783e-01
1.801140230357586303e-01,4.600811034799245358e-01
1.702731569865025829e-01,4.424913370256020606e-01
1.538663845112718531e-01,4.251268773409090374e-01
1.481393764336013663e-01,4.094932271462699003e-01
1.476765593078685768e-01,4.069371082814041141e-01
1.431051320545353722e-01,3.949227746780011317e-01
1.367342653126515095e-01,3.879332640577993763e-01
1.338344807784916379e-01,3.814190666119790518e-01
1.298479048272490333e-01,3.787325142651412069e-01
1.284595669174783683e-01,3.775804662671239931e-01
1.278598151994622956e-01,3.770226994232509510e-01
1.264787170003080219e-01,3.759090543991377431e-01
1.264118930269134689e-01,3.762656873680033098e-01
1.255386526215950538e-01,3.769583024850325370e-01
1.249651047320966407e-01,3.762146136941595387e-01
1.251887405931000896e-01,3.758166138379522847e-01
1.248209964198563754e-01,3.737008262314473472e-01
1.241320935300065931e-01,3.741409577310954582e-01
1.233059432614354717e-01,3.707191410795380726e-01
1.231972432136718559e-01,3.714802129264215824e-01
1.219917150299566766e-01,3.705769368280508735e-01
1.225466868861368880e-01,3.709436856922932457e-01
1.222589141495009635e-01,3.688368223548678659e-01
1.217120871039022861e-01,3.674632431493579099e-01
1.218770961358029564e-01,3.653018200736738996e-01
1.210305352771346848e-01,3.640645065509561795e-01
1.186686075663102719e-01,3.596564400127053029e-01
1.180963337938777252e-01,3.560894956810944922e-01
1.189934171552242126e-01,3.547674577974865295e-01
1.190991439040423455e-01,3.546020420731845202e-01
1.187720737610086924e-01,3.543968814000812428e-01
1.194958271156231072e-01,3.541803740876889872e-01
1.191082608547723576e-01,3.545580178567529495e-01
1.182036618602376049e-01,3.533187297195594101e-01
1.172930110071518373e-01,3.528518653118530302e-01
1.170421573484582284e-01,3.542411352396916957e-01
1.157414233978701079e-01,3.509049175218286187e-01
1.157604496987498649e-01,3.507063409709703095e-01
1.144284171263903055e-01,3.499589278649756774e-01
1.133681425729198555e-01,3.499573230199858331e-01
1.128539358803651166e-01,3.502649402692765146e-01
1.102849600814838765e-01,3.470165977921129130e-01
1.106483703413957964e-01,3.448801255643476615e-01
1.060578453799356918e-01,3.326281315259312921e-01
1.025700085584763249e-01,3.226034100106260905e-01
1.019611323768486039e-01,3.196428762296643633e-01
1.025123733546567800e-01,3.173130188783673256e-01
9.996512359002406034e-02,3.133850033347771458e-01
9.878972934426624719e-02,3.099555174524660228e-01
9.672427450599392629e-02,3.078744816010453578e-01
9.527982793070900736e-02,3.040043657690617018e-01
9.305696464206705820e-02,2.915210853178870631e-01
9.162027663338434547e-02,2.919324825428766812e-01
9.035027497190384338e-02,2.909238309982336013e-01
8.763717831872658293e-02,2.886129405726941544e-01
8.084374200531418975e-02,2.817005767390369231e-01
7.717586086873301499e-02,2.780653975896434371e-01
7.592868393831771201e-02,2.788819194993194528e-01
7.569414888172762423e-02,2.760043354783811020e-01
7.702489852560298611e-02,2.776861792458729106e-01
7.608844372964336522e-02,2.723234932173229650e-01
7.259687064453894390e-02,2.619333011124249655e-01
7.166571023781159733e-02,2.611285532422061295e-01
7.236396637263466103e-02,2.621213623994667619e-01
7.055511448860342372e-02,2.602273037099134823e-01
7.035789892168595183e-02,2.596336727703659197e-01
6.986381777832949280e-02,2.592956165753455000e-01
6.953198148233732945e-02,2.582891739453486712e-01
6.854140406122194440e-02,2.579488979642131086e-01
6.728763005284657539e-02,2.574927466004338639e-01
6.754069436891634026e-02,2.579183171472679281e-01
6.746831125187606470e-02,2.573407258284644561e-01
6.641739400326966691e-02,2.574096691645322843e-01
6.655354378905233015e-02,2.566983022088117905e-01
6.610802877217908380e-02,2.574262360176453601e-01
6.575358723786707549e-02,2.571755834079329506e-01
6.456551938771834531e-02,2.544717425624827833e-01
6.474295834264666427e-02,2.553985420149660901e-01
6.488056739662730055e-02,2.558671231683450342e-01
6.420226655120796211e-02,2.542769868088027851e-01
6.374205086359877037e-02,2.541412597020465958e-01
6.414912023847393896e-02,2.568174168416538228e-01
6.265857553735386387e-02,2.597460480677362127e-01
6.144805535270532471e-02,2.587576816044663830e-01
5.867419518524433913e-02,2.485411966460791822e-01
5.521754188388412060e-02,2.342665624058895280e-01
5.169138351145204785e-02,2.180620134696928947e-01
4.898873853511191701e-02,2.163710774873229548e-01
4.745106906803865654e-02,2.154766310901843063e-01
4.780794857049354418e-02,2.182615708339596949e-01
4.798684917996897531e-02,2.194218065427783471e-01
4.741105206300130076e-02,2.159019497184128389e-01
4.617266265558086363e-02,2.137292108787645639e-01
4.273174211215902824e-02,2.104190012982281865e-01
4.230156786951642239e-02,2.113142669732263612e-01
3.791843091120798703e-02,1.857661247658185799e-01
3.724071582805051073e-02,1.824691459691627216e-01
3.751192218796960132e-02,1.904225336912349076e-01
3.764526754361307431e-02,1.888603310260075496e-01
3.585250107254958629e-02,1.875301668740424199e-01
3.668264308942551649e-02,1.878037786653352914e-01
3.604203690493398143e-02,1.865327053520834111e-01
3.577979924371606224e-02,1.864713676945883858e-01
3.458184724428006035e-02,1.844965719131863024e-01
3.529455615600933516e-02,1.866616082559413581e-01
3.611375021875892766e-02,1.870660477990139237e-01
3.466922634641050188e-02,1.864708254990274372e-01
3.445231463389274856e-02,1.843338796941035029e-01
3.457025478430850174e-02,1.837371786812400376e-01
3.449687678985482314e-02,1.827648674508574045e-01
3.334008069984061018e-02,1.777654473046305084e-01
3.336607660490990140e-02,1.814371744791287433e-01
3.301170042683379546e-02,1.797424705187182781e-01
3.075381197581293288e-02,1.664624839987464411e-01
3.003026586371429496e-02,1.591448015344853195e-01
2.956653139148133699e-02,1.576421687919056513e-01
2.952570484607296500e-02,1.552470760328767685e-01
2.891354229464572489e-02,1.537257908555188513e-01
2.933018784194750539e-02,1.580110933910145454e-01
2.955920006421935281e-02,1.566443528246197481e-01
2.941565372054228897e-02,1.551365571867415472e-01
2.802987671890601329e-02,1.424642167184236863e-01
2.642289848499285859e-02,1.295683419083136223e-01
2.561995500054424155e-02,1.236468107157838309e-01
2.434593112307423257e-02,1.040048610049947586e-01
2.418970064347942400e-02,1.047330463018408403e-01
2.374769525936031370e-02,1.048477828093223596e-01
2.327252283232039351e-02,1.047499480819444190e-01
2.322031128734280969e-02,1.051484563036706871e-01
2.330974290125631052e-02,1.053363965508761907e-01
2.302668226836866727e-02,1.050302784641201914e-01
2.328990944760067974e-02,1.050774375867016830e-01
2.348185248347892454e-02,1.054870203006371271e-01
2.343186664639275441e-02,1.054316916513362568e-01
2.340718985342671310e-02,1.055988419856414423e-01
2.350250622460920216e-02,1.059908563690538097e-01
2.345597707991095571e-02,1.061777111005339919e-01
2.314138604490083295e-02,1.054092443368601639e-01
2.293512501671947021e-02,1.041327282077164212e-01
2.267238287954749520e-02,1.043531786038552484e-01
2.273379300483289664e-02,1.042163082954399717e-01
2.293132373653648456e-02,1.065671389087054777e-01
2.299658974803596087e-02,1.054910643093456418e-01
2.264792669647008871e-02,1.052210862148316578e-01
2.274589776747669087e-02,1.059360942634313962e-01
2.259015969916462058e-02,1.062164928862753543e-01
2.224406837605232348e-02,1.060191098450511404e-01
2.201087657625256863e-02,1.057949440390904411e-01
2.180911797418305306e-02,1.069057348688703807e-01
2.163676415835861025e-02,1.060769023735727984e-01
2.145920504617136737e-02,1.055833836920167246e-01
2.145549962707376038e-02,1.069600321523121178e-01
2.114851277944579042e-02,1.083387877573773472e-01
2.099575307428076451e-02,1.078015544364163691e-01
2.157279949774829411e-02,1.107430952101530613e-01
2.233551944361802932e-02,1.110375567538850194e-01
2.243567169539081516e-02,1.127354659162673467e-01
2.149632995151217960e-02,1.108316411627890130e-01
2.139604041834127987e-02,1.101370209492150282e-01
2.136194032164378392e-02,1.126166252946394081e-01
2.103603261763832555e-02,1.116605046145565799e-01
2.112712605106585942e-02,1.114881154775091143e-01
2.129183943669174517e-02,1.114576473831750403e-01
2.118039739975484392e-02,1.114480884110236047e-01
2.131588607803006422e-02,1.122988220397539844e-01
2.130818447479435745e-02,1.108016684100499166e-01
2.135905430451780565e-02,1.114061588920469414e-01
2.137925282131282814e-02,1.110646823971915831e-01
2.124403566667635440e-02,1.097166438346755951e-01
2.122843091497089371e-02,1.107556534003400622e-01
2.127875285094206134e-02,1.107500804870099193e-01
2.137249238392952694e-02,1.099184698899161455e-01
2.096728648509311316e-02,1.092935813876115547e-01
2.122502985478891269e-02,1.101099531791374236e-01
2.136045762045841317e-02,1.100217661831418142e-01
2.142903708207543126e-02,1.104968941800055365e-01
2.151137374336973412e-02,1.095789146130111830e-01
2.150469955019744875e-02,1.103980193562248552e-01
2.125593984023363414e-02,1.090088805697925212e-01
2.124485583391293522e-02,1.100592378799710586e-01
2.105556245575662330e-02,1.104962728799278732e-01
2.094835473130145231e-02,1.109672077175880428e-01
2.083293943626315925e-02,1.116852364617171300e-01
2.068544402923012601e-02,1.107077060601161927e-01
2.074247692356235781e-02,1.117570026683764733e-01
2.041749835073800728e-02,1.109745470416989982e-01
2.030856601718684235e-02,1.101167978948980469e-01
2.027025260695167891e-02,1.092832707756347388e-01
2.033324559948133242e-02,1.091704037483160472e-01
2.066032755165887747e-02,1.094144315579633209e-01
2.054164836715109688e-02,1.090199692261553249e-01
2.014463035070254357e-02,1.081132617525648321e-01
1.997337389701772312e-02,1.069501444655383965e-01
1.943866474372776126e-02,1.061813236054709314e-01
1.969691712009640286e-02,1.064424837676270497e-01
1.935121573296404857e-02,1.061323684513899857e-01
1.934617560980573733e-02,1.054655922501417792e-01
1.961579558187452957e-02,1.077007985652066874e-01
1.957075907282635266e-02,1.090418158270886201e-01
1.966233335883628766e-02,1.093809412824670591e-01
1.984775594159111922e-02,1.089805179367904775e-01
1.990275657077860902e-02,1.095494751594780491e-01
1.990552710213200002e-02,1.092669615897756269e-01
1.980771882720454985e-02,1.113618902797148952e-01
2.001159948931466315e-02,1.122587286524708433e-01
1.996985890021787946e-02,1.128235283795408772e-01
1.974228134329640560e-02,1.118825219481497518e-01
1.956256523022998142e-02,1.104542834118847627e-01
1.947604892084242936e-02,1.102069986999921203e-01
1.967856652292762631e-02,1.108321038121490992e-01
1.934308862960291281e-02,1.100093108161418198e-01
1.915477656752099730e-02,1.100553440369485270e-01
1.915887404051418511e-02,1.116573242395385024e-01
1.898409610478333717e-02,1.109758196053693552e-01
1.885984789214609214e-02,1.102607805070478647e-01
1.899450501776840314e-02,1.105540345395522317e-01
1.881344041121281452e-02,1.104998003575490828e-01
1.870104381882368993e-02,1.099935314434743738e-01
1.866704072991689015e-02,1.100053259201510952e-01
