4.446389194838670234e-01,8.738586293208143729e-01
4.471127597045011504e-01,8.730071369540728377e-01
4.680935591205470092e-01,9.068575423559122051e-01
3.283704397731937452e-01,6.809012503389514359e-01
2.564990729171558459e-01,5.651054740226857387e-01
2.433823692254696303e-01,5.527770306437981285e-01
2.134836327881837470e-01,5.142824732035344848e-01
1.832490551576852755e-01,4.692455353041477539e-01
1.693371223551589921e-01,4.506403523287613733e-01
1.642487013140079000e-01,4.366731032151592307e-01
1.507841742684765396e-01,4.062872581267549799e-01
1.306454145487125074e-01,3.594420726866489613e-01
1.242613112627640598e-01,3.349555529485874761e-01
1.136753114604964338e-01,3.088204716021534790e-01
1.020882592980841275e-01,2.891347980835926590e-01
1.007256964708009433e-01,2.817958241409658782e-01
9.378942515208993358e-02,2.647344823633189237e-01
8.669268153080250672e-02,2.679391833671793122e-01
8.828005355526387377e-02,2.838782010040183934e-01
8.687210052306904018e-02,2.852858384096770838e-01
8.152728251083024569e-02,2.787984368937033164e-01
8.217385115113201577e-02,2.767128199538037014e-01
8.024146812202388734e-02,2.739293672646626043e-01
7.669616920366795210e-02,2.750778211376471161e-01
7.570472998080561566e-02,2.757570705997248739e-01
7.696210743992018544e-02,2.774825198457139264e-01
7.514392787505522198e-02,2.777877978799556113e-01
7.481555319678372118e-02,2.772903495684291841e-01
7.411165259509941428e-02,2.754880442955343622e-01
7.428021536454902651e-02,2.766826961671955964e-01
7.403217478157815556e-02,2.764458056581181600e-01
7.269308641577043595e-02,2.754495227597431040e-01
7.286712650430780813e-02,2.749565609598458304e-01
7.302675883233575305e-02,2.752283254794899436e-01
7.225275458915346449e-02,2.750318846568192144e-01
7.285022597933156485e-02,2.749865210734598886e-01
7.257636644623356725e-02,2.743161747681386320e-01
7.203077873572033551e-02,2.738382726793457955e-01
7.230978918459386728e-02,2.731288540731756087e-01
7.238500533808339688e-02,2.728495589378083230e-01
7.185625380669660722e-02,2.722930471960677279e-01
7.181809768577113173e-02,2.714468511671885853e-01
7.188725729749138871e-02,2.704922105343218197e-01
7.187385184899744428e-02,2.702777678095057978e-01
7.299495941722272674e-02,2.712254192326205571e-01
7.311277431308972619e-02,2.697052729493395473e-01
7.280895087691870160e-02,2.692555097463122382e-01
7.260258812383676985e-02,2.690459957825344639e-01
7.235366196362694180e-02,2.523507253641962267e-01
7.071747130777994439e-02,2.293682194583117340e-01
6.708097253903028134e-02,2.209227947605466313e-01
6.307745158561633980e-02,2.167468959959557850e-01
6.127053575277965208e-02,2.142040895539569223e-01
6.127640298735352598e-02,2.136935450182415874e-01
6.076972205603276000e-02,2.128781984741896227e-01
6.046223432031681833e-02,2.134310102097538853e-01
6.020156369455603729e-02,2.126409053405520222e-01
5.969920980371273833e-02,2.102078196428180390e-01
6.050488844436850699e-02,2.107517731160243324e-01
5.986413764586414471e-02,2.105611252027360936e-01
5.939483394254323201e-02,2.104094489400302193e-01
5.952482208094666410e-02,2.112279688169419745e-01
5.958097672362486219e-02,2.120709246207925780e-01
5.978270728784072091e-02,2.135088929248330214e-01
5.976800523575773877e-02,2.148407494689048569e-01
5.883469033477844307e-02,2.139915079561563183e-01
5.878706157788059217e-02,2.142412023164360357e-01
5.881931298399285801e-02,2.148066440600871208e-01
5.883060710311315000e-02,2.145466875402004814e-01
5.884817612330037195e-02,2.147588962195547124e-01
5.907413407882330936e-02,2.156641886446455658e-01
5.899260965254155692e-02,2.158885538258818737e-01
5.866455774690014502e-02,2.161258773762387841e-01
5.883260450090253835e-02,2.165029303808544692e-01
5.859865261279738335e-02,2.161957960259983658e-01
5.847746371475407573e-02,2.163298693790074445e-01
5.812551235440593239e-02,2.160959423863751394e-01
5.809599995932275551e-02,2.159913137049342957e-01
5.814057285791092433e-02,2.165271484835190885e-01
5.806777766723143774e-02,2.165774747795699562e-01
5.769894850496116306e-02,2.161265190854825269e-01
5.775967901124424292e-02,2.159342337909465337e-01
5.771067751761256581e-02,2.158284068050186355e-01
5.753478778274068867e-02,2.157571603724132980e-01
5.741994446672189778e-02,2.156469119551482072e-01
5.765390745623626828e-02,2.155331989746466781e-01
5.779909388265314085e-02,2.158972771415813841e-01
5.742529150998437054e-02,2.160059826038170927e-01
5.685716756498223473e-02,2.150503019587167441e-01
5.651917898324227557e-02,2.146001716109686708e-01
5.633830152042577227e-02,2.147065735735110836e-01
5.691956258501958826e-02,2.152631024670816628e-01
5.717661665773547675e-02,2.156050584135306702e-01
5.707265165564601866e-02,2.155410915209138856e-01
5.673451617211781872e-02,2.153822860333670375e-01
5.629522573075649433e-02,2.149593706381497937e-01
5.617985192860609073e-02,2.146224156574630115e-01
5.601699887721872662e-02,2.143868897945994390e-01
5.619138550767152629e-02,2.143181071142745420e-01
5.664724354607326290e-02,2.143192367255789266e-01
5.671531386082732940e-02,2.142682672178135850e-01
5.729415014713797050e-02,2.146898148245912630e-01
5.682259351180703189e-02,2.144764548691476258e-01
5.680054832313827240e-02,2.147641399671827156e-01
5.698186549012311530e-02,2.149107438549040239e-01
5.726832282396612100e-02,2.150093718598405090e-01
5.754493393786828948e-02,2.153372567367425328e-01
5.750241907893935411e-02,2.161455262748411543e-01
5.746735514720691107e-02,2.167917927792370192e-01
5.719387719359973754e-02,2.162755575156899424e-01
5.725708889077013586e-02,2.161816043084637817e-01
5.707899470808628500e-02,2.161104935641005309e-01
5.688151203149713342e-02,2.160037565560989914e-01
5.669572711456160458e-02,2.159779342488737930e-01
5.646211724333747434e-02,2.155346010188802230e-01
5.653825660924389346e-02,2.149450109730316472e-01
5.644815431655596238e-02,2.147849200673663805e-01
5.640261732905691577e-02,2.150088726240820258e-01
5.698374941384817816e-02,2.157175437713169663e-01
5.694157865424789855e-02,2.158973327658782748e-01
5.693818823506850701e-02,2.154786480776121060e-01
5.686787384115283422e-02,2.148311235221636584e-01
5.704410019898419754e-02,2.149355101748483543e-01
5.663819081016803481e-02,2.138994248823365973e-01
5.644944447086814449e-02,2.138257755299825258e-01
5.648592922710864161e-02,2.141980282093765564e-01
