5.499839814508888924e-01,1.017077165236228709e+00
5.393358289007781359e-01,1.000452180957557724e+00
2.165774623608655858e-01,5.100872115356983594e-01
1.915980709060330633e-01,4.723718021905339293e-01
1.829163917903790793e-01,4.579343587488296508e-01
1.775771590256363108e-01,4.507127647682920291e-01
1.666978958989538961e-01,4.408595266040215011e-01
1.615206916811225968e-01,4.204331657154440904e-01
1.565502254058081799e-01,4.155146950307592735e-01
1.485476696931906926e-01,4.066014606162174916e-01
1.507107408511935420e-01,3.904727944102929782e-01
1.403456596239037735e-01,3.731379847982774223e-01
1.375535969915687162e-01,3.720864991880049044e-01
1.376286919851484603e-01,3.674857921731176646e-01
1.343497098403519108e-01,3.615804171346239659e-01
1.310214466865997074e-01,3.526484155456130476e-01
1.294166248763898575e-01,3.536552285272255847e-01
1.237817541867670956e-01,3.396350115071132825e-01
1.222840394033162664e-01,3.296816956292107914e-01
1.155085314762160087e-01,3.150605114448522537e-01
1.111068935951472492e-01,3.060598539043032917e-01
1.099033734030174236e-01,3.041144578121853237e-01
1.086616490805700358e-01,2.997331611227726511e-01
1.051932964054842906e-01,2.973109749475718044e-01
1.035046792764899998e-01,2.902006263750340209e-01
1.024883974772715645e-01,2.808436361714340412e-01
1.016921617994224758e-01,2.751053467866965141e-01
9.988536341536047303e-02,2.680071356853159226e-01
9.527205532573283786e-02,2.490856011946051274e-01
9.241505392454948953e-02,2.325228042408529761e-01
7.660732473485769300e-02,2.003537695577206623e-01
7.707848959254379184e-02,1.972180712049730056e-01
7.370352337391805619e-02,1.941331182534224431e-01
7.024002940227418168e-02,1.898208429933558039e-01
6.555535668059252197e-02,1.811576802441952072e-01
6.368515559398137127e-02,1.760466191102716405e-01
6.074243688714815043e-02,1.697312711538342400e-01
5.710059985928262610e-02,1.637135404174124842e-01
5.538908314220505891e-02,1.647786215114095121e-01
5.328621050963287115e-02,1.561661067328574681e-01
4.856161235882083121e-02,1.383158566262410460e-01
4.782300231332182322e-02,1.323577552072438823e-01
4.683670977241671807e-02,1.284510625183714061e-01
4.664977664970391263e-02,1.269294787471282049e-01
4.566268742622261317e-02,1.264604236738835208e-01
4.534436515202251022e-02,1.251290123531086929e-01
4.499929266705698927e-02,1.261683145895503844e-01
4.521215351274071592e-02,1.244896660337642957e-01
4.526207989440692026e-02,1.229965386485736140e-01
4.337774352081082141e-02,1.184022538547318260e-01
4.366845652447609583e-02,1.184425932240474599e-01
4.173327896274661719e-02,1.144194112753990633e-01
4.074120385519675730e-02,1.118712175949406612e-01
4.061519334518348678e-02,1.121698839269260478e-01
4.067994171408165216e-02,1.122917670181023675e-01
3.971444244893351794e-02,1.099171057382525851e-01
4.002753885570805442e-02,1.106464522121613919e-01
3.979034516857574144e-02,1.106897274554851374e-01
3.865919006399780311e-02,1.100045479504424550e-01
3.865897174751720122e-02,1.093372962427548722e-01
3.882955099617783901e-02,1.094892068928389750e-01
3.824152275641803239e-02,1.092107247917853546e-01
3.773825386017112121e-02,1.086340207451687440e-01
3.773858910336842093e-02,1.085138014327509670e-01
3.754021437719205073e-02,1.075240348509618887e-01
3.706057918496698939e-02,1.067755705913599196e-01
3.756089642222673608e-02,1.078859378145010511e-01
3.703733193691541303e-02,1.071671936544488501e-01
3.685343835781464822e-02,1.068045567859682160e-01
3.606026860047800708e-02,1.053674049841211713e-01
3.583155076086601276e-02,1.055483438618548819e-01
3.548764735069039056e-02,1.046267973592650835e-01
3.542080792336375211e-02,1.040190168896321932e-01
3.537361553686359933e-02,1.049796855674333118e-01
3.464498951746715349e-02,1.038704800208922474e-01
3.407168672334851683e-02,1.034287803474662343e-01
3.403403566683584069e-02,1.032093562622943272e-01
3.407113023727971479e-02,1.023762756046993766e-01
3.377810371237191522e-02,1.014436641625895419e-01
3.352585909187524860e-02,1.002534600763560629e-01
3.329919369469083734e-02,9.989194006528832881e-02
3.379732650108422526e-02,1.004793555647149061e-01
3.368220326918408558e-02,1.003669301868032188e-01
3.336755131162776750e-02,9.975598871366407605e-02
3.321456411621447752e-02,9.920089812032992227e-02
3.316274791517361681e-02,9.950924938595481772e-02
3.293143816059857648e-02,9.914389339967999426e-02
3.298455927971657292e-02,9.899782081675870260e-02
3.313415600474387684e-02,9.876257554155352947e-02
3.241665278651228305e-02,9.877721067372424724e-02
3.220816555017073229e-02,9.804218624269284144e-02
3.181243522952526687e-02,9.843868733255271841e-02
3.206597940479833514e-02,9.919385686263569590e-02
3.193094446482538928e-02,9.916114606587304869e-02
3.149244279330321028e-02,9.905393399544444588e-02
3.152751413301532052e-02,1.018423150006174394e-01
3.139557175327054028e-02,1.034867905168771335e-01
3.107826952451513136e-02,1.042816648932985285e-01
3.139371327687097424e-02,1.049368062962083292e-01
3.075331788042140815e-02,1.044550962478189154e-01
3.071235632655363798e-02,1.041646305330039823e-01
3.007626422494230969e-02,1.021219149395590775e-01
2.950919009345318728e-02,1.016468028810501301e-01
2.995788254727841521e-02,1.021597079156402466e-01
2.947727005884454715e-02,1.020478071062179276e-01
2.984765936631326999e-02,1.017786762706823223e-01
2.965223399381146721e-02,1.016463227138128256e-01
2.962992604600454827e-02,1.011478802547483707e-01
2.959607103040012149e-02,1.016254298451915034e-01
2.993227149681758348e-02,1.018918360741746382e-01
3.001894453847129413e-02,1.030937206718842841e-01
2.969277500733715283e-02,1.019647128536416841e-01
2.981981945312876803e-02,1.012084469736907466e-01
2.973980965105894880e-02,1.009032844834849008e-01
2.992505943312642053e-02,1.014288398178908313e-01
2.932958493530176888e-02,9.939397406254160683e-02
2.961116932198564269e-02,1.007317023313102355e-01
2.961422472646078538e-02,1.004673876551343270e-01
2.939777586345619642e-02,1.010600769038866587e-01
2.954310706597849251e-02,1.008086676483831851e-01
2.960605321284596331e-02,1.003828045252137119e-01
2.948748761245594679e-02,1.003955828261898914e-01
2.976576690436748274e-02,1.010723452804147687e-01
2.974657821000486688e-02,1.014360492380902284e-01
2.966550753032492702e-02,1.018501561919257226e-01
2.982031317451950755e-02,1.010023006090846193e-01
2.974703340187821038e-02,1.007887676929319770e-01
2.979715847933201225e-02,1.004293531537558543e-01
2.993393684968726973e-02,1.013302031399994085e-01
2.989533980452404455e-02,1.011902016167639112e-01
3.002788216839850227e-02,1.018736886173312872e-01
2.971601326983195832e-02,1.014089278375959191e-01
2.954148495505074315e-02,1.009239742280895608e-01
2.964516716544312799e-02,1.019337792363798345e-01
2.968367369108571019e-02,1.022413298493045908e-01
2.950171977048665281e-02,1.021826343139480286e-01
2.925434286775786819e-02,1.023286912898071915e-01
2.904394772901018607e-02,1.024441004860440346e-01
2.910294738505384698e-02,1.016809329504716752e-01
2.900578321289526071e-02,1.011851354511811157e-01
2.915222683572945769e-02,1.016754920433084047e-01
2.868554840429231312e-02,1.006595992579280979e-01
2.888222009390770811e-02,1.022485069701101201e-01
2.872718995934678624e-02,1.018042092484538891e-01
2.879951252885934107e-02,1.017674433673968343e-01
2.862013883678733370e-02,1.026318263224692134e-01
2.861758484432319616e-02,1.025090421071790103e-01
2.855035782209049133e-02,1.017290515977144205e-01
2.844225880843463325e-02,1.016611790765045709e-01
2.849740878691928159e-02,1.017672897633798562e-01
2.837301622205134696e-02,1.021363549797205256e-01
2.864967233051980353e-02,1.022960963130931100e-01
2.839158605481206799e-02,1.013863333167722564e-01
2.823455925610415460e-02,1.002210204709774594e-01
2.820670381219502962e-02,9.903823573391236368e-02
2.838037439593779632e-02,9.953319364078125342e-02
2.849377751920946153e-02,1.000584565463470549e-01
2.873673634918264344e-02,1.005609646539835367e-01
2.859995968863576071e-02,9.957677766455848289e-02
2.848567113237296042e-02,9.758852688206060000e-02
2.825771352906124301e-02,9.573220938779601619e-02
2.845114841210870729e-02,9.586953126700907546e-02
2.844631179848723310e-02,9.556900807556092947e-02
2.821511678486227429e-02,9.447611531533936513e-02
2.805110967747483780e-02,9.455884395368942263e-02
2.791501365136506152e-02,9.493725691851138959e-02
2.797800405838999846e-02,9.472782730157308650e-02
2.784383002322796119e-02,9.524158481375902263e-02
2.745544984661191928e-02,9.476783400607534380e-02
2.695751088372425053e-02,9.368197618588483544e-02
2.677334700766809475e-02,9.403524600626772534e-02
2.674177080725237063e-02,9.318911553685513272e-02
2.664845068653225527e-02,9.328460766029353368e-02
2.673863498862626142e-02,9.425137576662202810e-02
2.686671894401944025e-02,9.495546726078460398e-02
2.712907530584195495e-02,9.585416544933536565e-02
2.727699109808558869e-02,9.704630593475624400e-02
2.694388437217773435e-02,9.612104112220057339e-02
2.712305740023632922e-02,9.667436574738154376e-02
2.716109483946842554e-02,9.651547365863076544e-02
2.724523462657800835e-02,9.614576929102019998e-02
2.725966105797326608e-02,9.581242928201844089e-02
2.730328273159549415e-02,9.635362014282936038e-02
2.704305356615788192e-02,9.516393642356260618e-02
2.689700119779257770e-02,9.479709887090292941e-02
2.681586201875771000e-02,9.500814056460012147e-02
2.682993839331651587e-02,9.529269910995713522e-02
