5.368788572779844559e-01,9.995835684995715287e-01
5.309897356107873279e-01,9.917322498823019084e-01
2.199505624626543476e-01,5.204577334618795126e-01
1.934574108600114750e-01,4.818045703909429878e-01
1.750838298337102084e-01,4.565081074463038791e-01
1.631594496300240726e-01,4.372813391088186674e-01
1.510960868986837013e-01,4.183354215517472996e-01
1.411742514588848474e-01,3.915049726786515860e-01
1.340705444882296926e-01,3.625860147165895775e-01
1.199968203084726404e-01,3.175313246616915941e-01
1.055220926106015394e-01,2.879518697950251838e-01
8.491698578354833771e-02,2.350987305003249817e-01
6.986121599110374503e-02,1.937276598674971262e-01
5.489982228074372778e-02,1.658521765420141458e-01
5.153908813110128634e-02,1.583391840066089573e-01
4.498067574350735065e-02,1.436330203073026279e-01
4.411897513228914269e-02,1.383862355956900769e-01
3.920885107763139726e-02,1.324891005400154753e-01
3.418604731920321660e-02,1.228849086807859009e-01
3.125865052768760782e-02,1.137236776152151102e-01
2.910428200534850504e-02,1.099962804563516250e-01
2.580353999543573418e-02,1.037074074327083983e-01
2.498389986178606650e-02,1.034576636714191894e-01
2.390763314159449759e-02,1.062758259241179948e-01
2.192870389361248340e-02,9.986744881048315037e-02
2.111869859535179389e-02,9.337767771532887173e-02
2.038364518321166344e-02,9.177844987790577391e-02
1.904210336790554750e-02,8.890229093782986425e-02
1.855814495461969443e-02,8.348913697492703345e-02
1.856554053586216557e-02,8.976845451619727689e-02
1.846231300360710870e-02,8.841012203268854008e-02
1.708366219586119825e-02,8.668013387436891704e-02
1.712229631532463311e-02,8.982584688549337393e-02
1.638277591852973017e-02,8.152915977461849817e-02
1.506430588142195284e-02,7.509729349413828137e-02
1.510303652000668552e-02,7.140239592589969764e-02
1.449783293437266474e-02,6.971222929791336120e-02
1.364913754112123505e-02,7.061035529826621693e-02
1.371227344170313119e-02,7.062016389241056180e-02
1.280438665574212646e-02,6.989580486055259334e-02
1.275558748040491949e-02,6.861518100571156742e-02
1.228444757796833854e-02,6.632910404259670378e-02
1.245574090893916165e-02,6.821552143141033919e-02
1.270332128694188698e-02,6.820761954189641374e-02
1.202252282926056202e-02,6.711672719795647168e-02
1.169011705179743080e-02,6.619289225961259848e-02
1.127072891712738688e-02,6.638253480690738118e-02
1.153311538316490435e-02,6.510001866673711945e-02
1.143195244582726269e-02,6.395686766400500434e-02
1.061751596032332184e-02,5.921737588663709279e-02
9.936009404957106897e-03,5.394193932404489633e-02
9.709772120707678422e-03,5.087967050628045690e-02
9.803387640161819599e-03,4.887010062162555624e-02
9.616275164749324075e-03,4.640458309453438651e-02
9.010254059438468563e-03,4.280122410654299547e-02
8.569468028040949995e-03,3.796813579350125090e-02
8.185770161144006324e-03,3.464984311900940611e-02
7.911573039673052907e-03,3.351508468507766875e-02
7.659299591293225809e-03,3.256227170386024466e-02
7.747431125208492815e-03,3.318435091876447557e-02
7.596610153088731096e-03,3.361248582558008097e-02
7.500231131551195717e-03,3.351629596405129169e-02
7.336746752739668233e-03,3.261477122410687962e-02
7.144663423027948490e-03,3.200000575684235765e-02
6.866389580782446961e-03,3.061993051353891979e-02
6.805402148020184977e-03,2.951456897443584249e-02
6.665915451545843806e-03,2.869560004633473979e-02
6.348253905002246636e-03,2.740555539214283021e-02
6.088172357014504966e-03,2.608233571636220036e-02
5.807095589702081402e-03,2.545487386743586211e-02
5.587206892927881752e-03,2.459360577294960465e-02
5.465428704829079255e-03,2.364164455069684909e-02
5.312952868140819775e-03,2.287170382915651445e-02
5.144406564253994896e-03,2.249378559717339979e-02
5.245150714171792523e-03,2.233291543144544714e-02
5.229560600949877819e-03,2.185889228991488159e-02
5.005706757084290616e-03,2.133327248021730377e-02
5.006961241756641492e-03,2.060091507025305774e-02
4.981017837184346930e-03,2.051108742690754133e-02
4.856315914365898906e-03,1.997616037526809066e-02
4.718330607783506429e-03,1.942563134185554263e-02
4.614314396605346223e-03,1.904389329619502608e-02
4.491005809979377143e-03,1.853465100875967275e-02
4.394510529753243785e-03,1.842470574744190653e-02
4.475350737201402689e-03,1.842455453129496559e-02
4.359589935950012457e-03,1.868507905781016318e-02
4.394670396857289912e-03,1.932763071051106507e-02
4.515488847876972418e-03,2.008157221607551751e-02
4.516569148369948931e-03,2.128878072833070498e-02
4.564337392282380099e-03,2.257555190701699202e-02
4.496081522697690548e-03,2.213849276272132627e-02
4.334833499196348930e-03,2.116656305826816742e-02
4.129801637904377543e-03,1.910113452680300972e-02
3.800116709651127876e-03,1.726285313380770264e-02
3.695700004395562153e-03,1.640043166217922815e-02
3.592174903037540640e-03,1.606379186798814404e-02
3.726764658287683510e-03,1.686055330528300061e-02
3.682521913602045810e-03,1.732436360136142828e-02
3.784769281240926275e-03,1.902106166349384550e-02
3.887773113328957947e-03,1.997504673340564502e-02
3.824245665042276445e-03,1.972987876226224915e-02
3.662928212962189740e-03,1.824329536463429463e-02
3.613987903788921235e-03,1.645056147307851629e-02
3.510066866175942657e-03,1.544346510086802050e-02
3.373045166682265943e-03,1.491914503474126193e-02
3.312498887159820091e-03,1.456249364635209959e-02
3.258080627826347338e-03,1.416807729019271475e-02
3.236776078447990961e-03,1.435874252422857100e-02
3.199158616703386832e-03,1.463757353004230266e-02
3.237858549886165824e-03,1.492072310777051158e-02
3.231429485839075640e-03,1.517438219278159639e-02
3.144749355343099198e-03,1.519823432164371137e-02
3.274384926780625309e-03,1.553057086908119638e-02
3.274943134411160799e-03,1.574352104815377254e-02
3.304064783937206602e-03,1.577178255863938630e-02
3.321298829335231004e-03,1.599808452927883873e-02
3.271334198124432099e-03,1.670262763018522112e-02
3.419407373348533688e-03,1.732446948076121415e-02
3.371138284435931057e-03,1.713261312984444909e-02
3.201833479792466890e-03,1.637229225233105545e-02
3.142530326957116912e-03,1.530218884030465527e-02
3.030676961023937455e-03,1.457240770560019709e-02
2.950990195211795203e-03,1.393999344755833016e-02
2.944582829869906142e-03,1.382449337921791248e-02
3.030885828876057723e-03,1.474082534789090959e-02
2.949223998312863748e-03,1.512187692824289338e-02
2.946420535125755715e-03,1.494843141104018787e-02
2.933862899254352161e-03,1.454633613953430424e-02
2.827497181138173901e-03,1.398361390033535552e-02
2.712490874933603559e-03,1.321299106780346802e-02
2.632587693842433196e-03,1.277597314126318988e-02
2.620817148652801118e-03,1.235402685661378050e-02
2.686284274261573242e-03,1.283628862040388056e-02
2.742880953036101917e-03,1.337324381359246243e-02
2.741910880674866980e-03,1.390341164539316172e-02
2.704205610804449877e-03,1.420865135298562433e-02
2.690560819398291233e-03,1.425429742676360273e-02
2.731950624251503271e-03,1.414331573913004195e-02
2.682329370294748213e-03,1.413692756819176846e-02
2.655746043257206472e-03,1.368822050041143545e-02
2.565249924795029966e-03,1.304672962707409574e-02
2.522824967246030132e-03,1.316480817086599676e-02
2.566804806904796239e-03,1.387455201309081149e-02
2.569827593262879583e-03,1.431325330854938890e-02
2.657696289918974868e-03,1.473186036522753685e-02
2.604329425996371270e-03,1.489762740928964047e-02
2.578908084218692331e-03,1.475304743094604104e-02
2.570014623768847577e-03,1.435915374888944301e-02
2.451131092416385798e-03,1.330455895588053029e-02
2.368676870882366770e-03,1.265497436158531316e-02
2.339349848158469788e-03,1.267133970764635839e-02
2.319967254729070338e-03,1.254002401269435976e-02
2.373805021814649578e-03,1.298449989229658215e-02
2.362697895154651333e-03,1.315433706658963343e-02
2.315947011661376349e-03,1.323057930777468347e-02
2.293724952966368167e-03,1.313892408818383324e-02
2.297314441315967230e-03,1.312666127840917546e-02
2.274358688618548664e-03,1.288419336833264602e-02
2.254360280936180960e-03,1.265523530188828946e-02
2.199253757107449622e-03,1.272263287583413720e-02
2.107828022162938544e-03,1.252797442544320919e-02
2.129763697539067534e-03,1.231786233719870012e-02
2.092200788278835658e-03,1.195797569714456693e-02
2.113904895346241809e-03,1.141009124439254507e-02
2.124388588382471275e-03,1.121951674814234377e-02
2.072766666422207540e-03,1.099686212510955600e-02
2.020292422315163230e-03,1.094706031627229979e-02
2.003161103983186909e-03,1.076702374601620944e-02
1.983491845664209653e-03,1.089170259539875597e-02
1.976742573401421479e-03,1.115677124041293024e-02
2.034562644175628814e-03,1.148285322342289944e-02
2.071685637946974953e-03,1.150276257876376232e-02
2.039980435323993698e-03,1.144876958966762823e-02
1.973081837684094626e-03,1.092596807767635611e-02
1.893746443129165277e-03,1.030484266569130572e-02
1.897871801141133010e-03,9.987195408442660696e-03
1.850713196540717869e-03,9.786757127358498842e-03
1.883416889719611090e-03,9.748159353438597130e-03
1.889401652881715458e-03,9.718937993655391017e-03
1.907169920260961193e-03,9.671540555984479981e-03
1.903374995705018648e-03,9.719016712476252068e-03
