5.362228290457764501e-01,9.993152330576375864e-01
5.349089139442824159e-01,9.976139308975464637e-01
3.887178056458390207e-01,7.653083285219898224e-01
2.204281499976015468e-01,5.304008067558458883e-01
2.154861871843803678e-01,5.213823900471996620e-01
2.043604210718639458e-01,5.066540924529994161e-01
1.792316260468334865e-01,4.691947919084099028e-01
1.669180444554789200e-01,4.488642754527722434e-01
1.630141083241392896e-01,4.404865584225427511e-01
1.610333391538782966e-01,4.384857018657646877e-01
1.552194463689499371e-01,4.293997080430750346e-01
1.539965929589580118e-01,4.247879389310530440e-01
1.519750639797781966e-01,4.199098555131710597e-01
1.503203892432930511e-01,4.140259185250938501e-01
1.472480523253677509e-01,4.036805445565169181e-01
1.365780980360383756e-01,3.665817728513558471e-01
1.303826978401636527e-01,3.524684350400145161e-01
1.283297567708820697e-01,3.423143588748533417e-01
1.248028202623352456e-01,3.321878197754437601e-01
1.191783595818088209e-01,3.216382419372682544e-01
1.164164242930343096e-01,3.197487522087575917e-01
1.152700288504149434e-01,3.183659881396489477e-01
1.157750594222174689e-01,3.183069770391480646e-01
1.149793664215595784e-01,3.167104248585592696e-01
1.135533816183035144e-01,3.140698774556984207e-01
1.102723332705259213e-01,3.088798664387324977e-01
1.093637325932317189e-01,3.001585852805708221e-01
1.066020723338026721e-01,2.927169294575890923e-01
1.067088038197689659e-01,2.866627835769333665e-01
1.063161844605891720e-01,2.832806239228742862e-01
1.035879457437137857e-01,2.762427080481734132e-01
1.035384697422941647e-01,2.738325892742172196e-01
1.029302407009438647e-01,2.733314621955314494e-01
1.019882950473649658e-01,2.719252553481631973e-01
1.006209867633160171e-01,2.694781698984579088e-01
9.826955344277181481e-02,2.670902995480780029e-01
9.751786557980306192e-02,2.669610248571989142e-01
9.863741973108869354e-02,2.670682207663510610e-01
9.808097907368322488e-02,2.627151024662083278e-01
9.610979243876582867e-02,2.570972267486139606e-01
9.198530255443029824e-02,2.503631896298089687e-01
9.203457382787756658e-02,2.486576944138867706e-01
8.889259418682972369e-02,2.425799096126933507e-01
8.910290126316995629e-02,2.411892512683340706e-01
8.878100573994471278e-02,2.402446731611816433e-01
8.680906227234876094e-02,2.355438906441500724e-01
8.637025610541168574e-02,2.351356021000622909e-01
8.461320070459317499e-02,2.316579511558930771e-01
8.424771379312011310e-02,2.322826978100679951e-01
8.290951756643240300e-02,2.300787170265673753e-01
8.200592753113142286e-02,2.290629486445288909e-01
8.223635912638314893e-02,2.302341970482828792e-01
8.206020020192110465e-02,2.291195793353273946e-01
8.200378628915466761e-02,2.279837729236719734e-01
8.139840191020830673e-02,2.274532396464609973e-01
8.234869879863357389e-02,2.274916437220362853e-01
8.331036504283149957e-02,2.274620106148995957e-01
8.367363514074536990e-02,2.264227076194599564e-01
8.128116221440513656e-02,2.230919172103836279e-01
7.999830052081899345e-02,2.215424509800716368e-01
8.035244314686709743e-02,2.225886286424348937e-01
7.894346903508236979e-02,2.196005236757114232e-01
7.939531691783574541e-02,2.199327674793990772e-01
7.884177548210886954e-02,2.176075192661852675e-01
7.835157039865878192e-02,2.162566108108971152e-01
7.803848935251632424e-02,2.140847109136924664e-01
7.851664825817912530e-02,2.141427244256644269e-01
7.884271482639512718e-02,2.147044120160145064e-01
7.936295909051532815e-02,2.157829033696216092e-01
7.830417694120565819e-02,2.128913680082578086e-01
7.850582933293735743e-02,2.129084628273994473e-01
7.728522318974945238e-02,2.118839320556366590e-01
7.683157615139793450e-02,2.104623391278276079e-01
7.647263776090670873e-02,2.105309903328582144e-01
7.644976550252598202e-02,2.103169450557330344e-01
7.567991983463713546e-02,2.093785781625583930e-01
7.627047326845179387e-02,2.103019577815667118e-01
7.478370070005982417e-02,2.069549829234187677e-01
7.466513317347114875e-02,2.047813808284613679e-01
7.429902488743840572e-02,2.044948716976889569e-01
7.487477056196793768e-02,2.044833595494769674e-01
7.285442711233523772e-02,2.021877198350119365e-01
7.151946229220937368e-02,1.994562207857898395e-01
7.118865956376126125e-02,1.991783072073763650e-01
7.149860283934404703e-02,1.961320794058194206e-01
7.178744304839586310e-02,1.962559852145608630e-01
7.138484324285725158e-02,1.929587105082563314e-01
6.870982576907404271e-02,1.856420467427195020e-01
6.838627545520345463e-02,1.852559043778426451e-01
6.750011306258606181e-02,1.848263551455490983e-01
6.519418503196679204e-02,1.803341339128317899e-01
6.543446905528099711e-02,1.801166169802187189e-01
6.359779296862837217e-02,1.749637832371652990e-01
6.229725516856002288e-02,1.733596725031798791e-01
6.114311270362757927e-02,1.704556667739952069e-01
6.106600169732013389e-02,1.698256724969719744e-01
6.073052275887403512e-02,1.695872956404274046e-01
5.998282983937439083e-02,1.682144135110904548e-01
6.009351202744266096e-02,1.702268841762256124e-01
5.949995473005695312e-02,1.686199290391875993e-01
5.969365216403749175e-02,1.682837144744892544e-01
6.073547069958083050e-02,1.701192336947857098e-01
6.057121571439401386e-02,1.690412228686396234e-01
6.066103166581165995e-02,1.691774477762168771e-01
6.047019742830592876e-02,1.678911583321845424e-01
5.995256032073802838e-02,1.680598367151067418e-01
5.958303435012252125e-02,1.677693750145924645e-01
5.889436980687957207e-02,1.661716661511547788e-01
5.832066264358233554e-02,1.650295754502782986e-01
5.855997372119358529e-02,1.648794891999893486e-01
5.867455132734612083e-02,1.639160054922063348e-01
5.792637878629821463e-02,1.627061951613516522e-01
5.704906263015302459e-02,1.624691849476268268e-01
5.745116148101232084e-02,1.626724039846310643e-01
5.731638273115513549e-02,1.634824500482116860e-01
5.729921461792411574e-02,1.630268271924925627e-01
5.728589710204200908e-02,1.634172870271762557e-01
5.671105297343286694e-02,1.623081409768667438e-01
5.686942896724964808e-02,1.612784698201654432e-01
5.589138022194381494e-02,1.597638160788505124e-01
5.623791652436165023e-02,1.600078354758040222e-01
5.618832735854452365e-02,1.604757691385610419e-01
5.664624238121503119e-02,1.608449660245117319e-01
5.629392090513667124e-02,1.602357056848353889e-01
5.635014459209067295e-02,1.600870409844175335e-01
5.592330445030992830e-02,1.593179177158350335e-01
5.560786645983049198e-02,1.584419384549119736e-01
5.495814892180096028e-02,1.575558471203058752e-01
5.585643574942591311e-02,1.594401820870188780e-01
5.594116816277736742e-02,1.596915244398923739e-01
5.571367949776396405e-02,1.597279263138167427e-01
5.533629944569417453e-02,1.590022915273960613e-01
5.555043377780626013e-02,1.593075380247398753e-01
5.503971319119404376e-02,1.589414169340132299e-01
5.507548025855515950e-02,1.589960538372728049e-01
5.483568465438769940e-02,1.587243062073097066e-01
5.481930060496084667e-02,1.584153208179218675e-01
5.492769937907254069e-02,1.587714310836427500e-01
5.498665761761365595e-02,1.583293114661923628e-01
5.503244162787836180e-02,1.582792632662897714e-01
5.473283716947882627e-02,1.576620973533264802e-01
5.460076535906022849e-02,1.572459350086066465e-01
5.501326460771632787e-02,1.577977533223836604e-01
5.471705469482542050e-02,1.577184393798782003e-01
5.467995151629898715e-02,1.578497904528801121e-01
5.411426664050079244e-02,1.567796842507046262e-01
5.368941857680600144e-02,1.558452622218304828e-01
5.354503744258846953e-02,1.553520895105093835e-01
5.355992003446105598e-02,1.544436259092166752e-01
5.354976241980890367e-02,1.544619408198550370e-01
