5.362187450417954526e-01,9.980207555336101377e-01
5.335490967446606669e-01,9.935102957377612842e-01
2.668686321617124158e-01,5.765298446253895870e-01
2.143930031677497849e-01,5.116805680543514701e-01
1.984492085649182946e-01,4.961781329597197421e-01
1.839851607593817606e-01,4.736058382725165106e-01
1.605551480533359832e-01,4.167036892139757143e-01
1.446987746301383326e-01,3.922969635238102715e-01
1.275379229815477022e-01,3.637211280979490424e-01
1.169150277101857899e-01,3.438894847212973227e-01
1.052829952995422841e-01,3.083929493635307884e-01
9.995356668052719773e-02,2.877630323145472513e-01
8.776494133944925946e-02,2.845240416191893162e-01
8.171076360525615645e-02,2.784388663985453150e-01
8.124893461609035417e-02,2.710492340268327305e-01
7.984991880430310218e-02,2.611273707954930301e-01
7.267457835571079772e-02,2.440968689915437306e-01
6.877588819074935411e-02,2.381979493958497340e-01
6.621398451036976385e-02,2.309916386054305382e-01
6.637362673627938969e-02,2.257420364629796061e-01
6.381719083699120831e-02,2.226424478415637287e-01
6.199054766338279315e-02,2.179611809686481938e-01
6.161677901453268408e-02,2.148642405686851942e-01
6.045504577759925474e-02,2.138819546683214667e-01
6.134251047441614813e-02,2.159267973743648206e-01
6.248429526808602086e-02,2.154385982614928641e-01
6.034096226617668285e-02,2.127417457186646377e-01
6.126528789261885544e-02,2.129870807250097420e-01
6.174568174483176242e-02,2.145799103939935726e-01
6.025905908691084334e-02,2.131370129482755837e-01
5.994401464736902330e-02,2.128445759635395340e-01
5.996503858881289256e-02,2.121185580308540264e-01
5.903745220195549814e-02,2.129815098032238896e-01
5.845632203443421049e-02,2.124676153640023546e-01
5.842158872856306751e-02,2.114548817932410674e-01
5.762637336718277187e-02,2.112092663353541400e-01
5.837861379700731712e-02,2.138813145903612767e-01
5.759565225786245080e-02,2.120049659222957295e-01
5.771977495045495926e-02,2.120876818746638692e-01
5.746463715520219728e-02,2.108341240379046633e-01
5.839531999850888083e-02,2.113229950705513283e-01
5.600906497859844957e-02,2.085472110774696519e-01
5.573897566096931017e-02,2.087792920657759455e-01
5.594312333525288533e-02,2.077301732386535316e-01
5.529607477039364533e-02,2.061178409970315373e-01
5.603092648030818385e-02,2.075245204871248583e-01
5.513423302126763820e-02,2.055357866790382126e-01
5.531575342822539487e-02,2.053292018127161334e-01
5.525971061127193246e-02,2.061534811411022683e-01
5.343997402578033046e-02,2.050311578692510794e-01
5.225887502758430614e-02,2.033665081564195731e-01
5.126438360489293800e-02,2.013311233527423638e-01
5.080641935257484976e-02,2.022158075246598130e-01
5.078749047999728955e-02,2.028962666498257128e-01
5.062900523834163585e-02,2.034185227188258227e-01
5.031678482818582182e-02,2.036373319915770475e-01
5.092765317443686407e-02,2.018177364935552498e-01
5.087163426113717329e-02,1.991418072550841245e-01
5.100735480339082389e-02,1.988891322646280380e-01
5.183646153741148371e-02,1.980739147867603689e-01
4.885466017588772913e-02,1.938240252968274346e-01
4.859935292798078094e-02,1.916659600478329561e-01
4.938899476054107313e-02,1.927043970921189786e-01
4.851138156002436641e-02,1.929983640051882721e-01
4.817734629066605656e-02,1.925836230336802068e-01
4.809026487968713626e-02,1.912844298268649712e-01
4.756594756822755260e-02,1.913723799378512502e-01
4.770667179569942212e-02,1.915624725765797953e-01
4.828104127594511769e-02,1.947176704288975102e-01
4.812350321456795171e-02,1.955842882911252301e-01
4.827937028417865484e-02,1.986863077676754019e-01
4.907699140406805022e-02,1.993956964556476419e-01
4.798300136926709342e-02,1.993467991728058164e-01
4.661073897615521794e-02,1.999862492565367966e-01
4.563116803348359063e-02,1.993101253350137436e-01
4.590965012950369573e-02,2.007769387956020446e-01
4.620669728735784382e-02,2.002245023024022963e-01
4.511914636182262628e-02,1.998941702433441325e-01
4.472926027863793896e-02,1.996444055719014954e-01
4.378395380361301686e-02,1.991739008059567329e-01
4.374524970564901138e-02,1.988022634106588193e-01
4.350535054391161532e-02,1.991050468968567910e-01
4.406348452796314541e-02,1.975687903176969740e-01
4.400426451848031550e-02,1.969370372348442089e-01
4.376076018396563710e-02,1.975709957001659522e-01
4.274262955068421077e-02,1.957880547722888886e-01
4.266444809807648508e-02,1.957546353225202151e-01
4.264777394282063400e-02,1.964903320609189541e-01
4.286628344582152361e-02,1.969051462311941780e-01
4.277675420723166949e-02,1.959576354616777705e-01
4.318739838692955274e-02,1.957127415526427883e-01
4.319885044514416156e-02,1.955870841440776886e-01
4.259632465653598321e-02,1.947087484620084186e-01
4.298004148646859812e-02,1.941505691284866886e-01
4.304743243919302575e-02,1.956749612867543231e-01
4.225087876609801008e-02,1.946489381197896162e-01
4.166923907808577077e-02,1.925264637704714177e-01
4.190496455666754827e-02,1.930124933128226083e-01
4.204305438642517295e-02,1.927522578993628999e-01
4.268151028393107893e-02,1.941611554747063872e-01
4.259053423223082419e-02,1.933185607768324321e-01
4.280882210014857331e-02,1.937922363763248390e-01
4.145283070772151635e-02,1.923157620857514072e-01
4.145641893278365075e-02,1.932728189244271033e-01
4.071506115585053071e-02,1.923972945725418160e-01
4.064947609884240337e-02,1.927736013117394009e-01
4.057181021286025008e-02,1.923862035987444485e-01
3.996566307168480242e-02,1.926087334127064843e-01
4.020917009958711180e-02,1.931226743066331575e-01
4.050363524389562903e-02,1.933228316919765322e-01
3.988890641030590212e-02,1.942408923876077220e-01
4.030596808472203252e-02,1.948698009876952131e-01
3.959589238742351747e-02,1.940859690824933148e-01
3.962138397718680677e-02,1.955520207681514799e-01
3.915157817234276444e-02,1.941814608716089241e-01
3.988310618126145179e-02,1.955310922303488963e-01
4.049048066771118726e-02,1.955962219947330605e-01
4.061476815211626651e-02,1.942512922257519647e-01
4.086197550972760217e-02,1.935598202364624265e-01
4.049991398870819714e-02,1.925260942081734872e-01
4.126719889674554387e-02,1.922154614625342650e-01
4.130459355486452988e-02,1.920707984340822017e-01
4.004957198863731693e-02,1.917173554471853503e-01
4.032365046568595762e-02,1.907391091080458123e-01
4.012913611151803367e-02,1.909409252313292726e-01
4.012527268376418071e-02,1.912121517417073591e-01
3.998356320908224432e-02,1.908212477502453930e-01
3.978242236486968092e-02,1.903171291930685627e-01
3.950546671375541885e-02,1.900972079669449588e-01
3.936358337545844271e-02,1.894647639137167772e-01
3.947934535646382276e-02,1.897407900974188710e-01
3.920830175314125865e-02,1.899173493098869903e-01
3.919659310248319040e-02,1.906980522825157953e-01
3.877428598621722455e-02,1.906697455182799483e-01
3.839838687698170910e-02,1.902946935458571243e-01
3.779611909431988132e-02,1.921106935710940322e-01
3.713205388918614652e-02,1.897453325552486136e-01
3.735002541918232971e-02,1.884157030500801244e-01
3.612103928105565853e-02,1.880632007405536876e-01
3.498874856396143318e-02,1.859051914210833600e-01
3.486170846328539435e-02,1.849610629057337197e-01
3.423437766193405951e-02,1.848581951786208155e-01
3.365050500352385204e-02,1.848314290149731531e-01
3.320049613312474335e-02,1.849033486562872142e-01
3.331738853197375311e-02,1.853815483575553535e-01
3.361660818998128686e-02,1.845789907055285228e-01
3.426384019495574973e-02,1.844264829030075326e-01
3.442379368728507028e-02,1.845009249666426099e-01
3.455146329701860863e-02,1.842713949756500935e-01
3.488473746358813216e-02,1.841398447307919517e-01
3.483734432115232621e-02,1.846136461107237003e-01
