5.221928358078002930e-01
5.221928358078002930e-01
5.032238960266113281e-01
4.897348880767822266e-01
4.678859412670135498e-01
4.393155574798583984e-01
4.209973812103271484e-01
4.351666271686553955e-01
4.293244779109954834e-01
4.089229106903076172e-01
4.001439809799194336e-01
4.039126038551330566e-01
4.050156772136688232e-01
3.952787220478057861e-01
3.787261545658111572e-01
3.635365664958953857e-01
3.539234995841979980e-01
3.437569141387939453e-01
3.251751363277435303e-01
3.023158907890319824e-01
2.830628454685211182e-01
2.658611536026000977e-01
2.436335533857345581e-01
2.189947515726089478e-01
2.074195444583892822e-01
2.129339426755905151e-01
2.172534465789794922e-01
2.134794741868972778e-01
1.973350793123245239e-01
1.766132265329360962e-01
1.654919981956481934e-01
1.696877330541610718e-01
1.779534071683883667e-01
1.809178888797760010e-01
1.777559518814086914e-01
1.694178730249404907e-01
1.585576534271240234e-01
1.499659121036529541e-01
1.481395363807678223e-01
1.518087983131408691e-01
1.518284976482391357e-01
1.474893689155578613e-01
1.427076011896133423e-01
1.394665986299514771e-01
1.408384740352630615e-01
1.421142220497131348e-01
1.391097307205200195e-01
1.349990814924240112e-01
1.317618638277053833e-01
1.305120438337326050e-01
1.312690824270248413e-01
1.297439634799957275e-01
1.269549280405044556e-01
1.254394352436065674e-01
1.247877180576324463e-01
1.248266473412513733e-01
1.241363584995269775e-01
1.223325952887535095e-01
1.212141364812850952e-01
1.207906156778335571e-01
1.204938143491744995e-01
1.197326779365539551e-01
1.183898299932479858e-01
1.176722943782806396e-01
1.173795387148857117e-01
1.168426498770713806e-01
1.158394515514373779e-01
1.149068847298622131e-01
1.146635785698890686e-01
1.144267842173576355e-01
1.138106733560562134e-01
1.131919324398040771e-01
1.129738837480545044e-01
1.126986667513847351e-01
1.121724843978881836e-01
1.117357164621353149e-01
1.114368662238121033e-01
1.110976785421371460e-01
1.106069013476371765e-01
1.102579161524772644e-01
1.098976209759712219e-01
1.094995886087417603e-01
1.090781837701797485e-01
1.087281182408332825e-01
1.083148270845413208e-01
1.079113408923149109e-01
1.075515598058700562e-01
1.071614101529121399e-01
1.067010536789894104e-01
1.062749996781349182e-01
1.058423221111297607e-01
1.053342074155807495e-01
1.048258990049362183e-01
1.043231859803199768e-01
1.037427783012390137e-01
1.031616106629371643e-01
1.026046648621559143e-01
1.019781827926635742e-01
1.013320386409759521e-01
1.007393896579742432e-01
1.001044213771820068e-01
9.946781396865844727e-02
9.885545074939727783e-02
9.821033477783203125e-02
9.759598970413208008e-02
9.701654314994812012e-02
9.644395112991333008e-02
9.594045579433441162e-02
9.549725800752639771e-02
9.509836137294769287e-02
9.475827962160110474e-02
9.444008022546768188e-02
9.412121772766113281e-02
9.378563612699508667e-02
9.340378642082214355e-02
9.300810098648071289e-02
9.264432638883590698e-02
9.244455397129058838e-02
9.286683797836303711e-02
9.516339004039764404e-02
9.806694835424423218e-02
9.747335314750671387e-02
9.266462177038192749e-02
9.529411047697067261e-02
9.441445767879486084e-02
9.100152552127838135e-02
9.446414560079574585e-02
9.140405058860778809e-02
9.094576537609100342e-02
9.236950427293777466e-02
8.926784992218017578e-02
9.096863120794296265e-02
8.939149230718612671e-02
8.937679231166839600e-02
8.953787386417388916e-02
8.829957991838455200e-02
8.932327479124069214e-02
8.771490305662155151e-02
8.851597458124160767e-02
8.761587738990783691e-02
8.752566576004028320e-02
8.760581165552139282e-02
8.670565485954284668e-02
8.731422573328018188e-02
8.626301586627960205e-02
8.659331500530242920e-02
8.610989153385162354e-02
8.575183898210525513e-02
8.593090623617172241e-02
8.519915491342544556e-02
8.545684069395065308e-02
8.499366790056228638e-02
8.482287079095840454e-02
8.485240489244461060e-02
8.436398208141326904e-02
8.448095619678497314e-02
8.417595922946929932e-02
8.397175371646881104e-02
8.398478478193283081e-02
8.362483233213424683e-02
8.359593898057937622e-02
8.345557749271392822e-02
8.318267762660980225e-02
8.316789567470550537e-02
8.295486867427825928e-02
8.276368677616119385e-02
8.272490650415420532e-02
8.251506090164184570e-02
8.236579596996307373e-02
8.230313658714294434e-02
8.211177587509155273e-02
8.196982741355895996e-02
8.189325034618377686e-02
8.172950893640518188e-02
8.158881217241287231e-02
8.150431513786315918e-02
8.136446028947830200e-02
8.121909201145172119e-02
8.112126588821411133e-02
8.100388199090957642e-02
8.087404072284698486e-02
8.080214262008666992e-02
8.081757277250289917e-02
8.109379559755325317e-02
8.214415609836578369e-02
8.501675724983215332e-02
8.765717595815658569e-02
8.633934706449508667e-02
8.083362877368927002e-02
8.236177265644073486e-02
8.425924181938171387e-02
8.123719692230224609e-02
8.157487213611602783e-02
8.195551484823226929e-02
8.072872459888458252e-02
8.138652145862579346e-02
8.026827126741409302e-02
8.011424541473388672e-02
8.082978427410125732e-02
7.928852736949920654e-02
7.960058748722076416e-02
7.883284240961074829e-02
7.858105003833770752e-02
7.847990095615386963e-02
7.838125526905059814e-02
7.836768031120300293e-02
7.834751904010772705e-02
7.831785827875137329e-02
7.828389853239059448e-02
7.823421806097030640e-02
7.817840576171875000e-02
7.810742408037185669e-02
7.800899446010589600e-02
7.783466577529907227e-02
7.759235799312591553e-02
7.739995419979095459e-02
7.720329612493515015e-02
7.701964676380157471e-02
7.660114765167236328e-02
7.625743001699447632e-02
7.602322846651077271e-02
7.575864344835281372e-02
7.551714777946472168e-02
7.528280466794967651e-02
7.515669614076614380e-02
7.509043067693710327e-02
7.501935213804244995e-02
7.488673180341720581e-02
7.474607229232788086e-02
7.442468404769897461e-02
7.421413809061050415e-02
7.400597631931304932e-02
7.393581420183181763e-02
7.383279502391815186e-02
7.377817481756210327e-02
7.367165386676788330e-02
7.350335270166397095e-02
7.330368459224700928e-02
7.316298782825469971e-02
7.307012379169464111e-02
7.295519113540649414e-02
7.276935875415802002e-02
7.254210859537124634e-02
7.235518842935562134e-02
7.225991785526275635e-02
7.215593010187149048e-02
7.208353281021118164e-02
7.198932021856307983e-02
7.180538028478622437e-02
7.167831808328628540e-02
7.159508019685745239e-02
7.151479274034500122e-02
7.134991884231567383e-02
7.109725475311279297e-02
7.089435309171676636e-02
7.082477957010269165e-02
7.077174633741378784e-02
7.070848345756530762e-02
7.065785676240921021e-02
7.054634392261505127e-02
7.051713019609451294e-02
7.046345621347427368e-02
7.035209983587265015e-02
7.019415497779846191e-02
7.000306993722915649e-02
6.974867731332778931e-02
6.960374116897583008e-02
6.934276223182678223e-02
6.922008842229843140e-02
6.914568692445755005e-02
6.903887540102005005e-02
6.880989670753479004e-02
6.853801757097244263e-02
6.837701797485351562e-02
6.820876151323318481e-02
6.810823827981948853e-02
6.797014921903610229e-02
6.783886253833770752e-02
6.769597530364990234e-02
6.756415963172912598e-02
6.741397082805633545e-02
6.728090345859527588e-02
6.712239980697631836e-02
6.690400838851928711e-02
6.654775887727737427e-02
6.630920618772506714e-02
6.605515629053115845e-02
6.584340333938598633e-02
6.562256067991256714e-02
6.537539511919021606e-02
6.505046039819717407e-02
6.474059075117111206e-02
6.438898295164108276e-02
6.411048769950866699e-02
6.391688436269760132e-02
6.382413208484649658e-02
6.372321397066116333e-02
6.344114243984222412e-02
6.303954124450683594e-02
6.287837028503417969e-02
6.270826607942581177e-02
6.258386373519897461e-02
6.230037286877632141e-02
6.192605569958686829e-02
6.181038916110992432e-02
6.162123009562492371e-02
6.149984896183013916e-02
6.136581301689147949e-02
6.119575724005699158e-02
6.097419559955596924e-02
6.060678884387016296e-02
6.029343232512474060e-02
6.014673411846160889e-02
6.001941487193107605e-02
5.981546267867088318e-02
5.959647521376609802e-02
5.925531312823295593e-02
5.892002210021018982e-02
5.870584771037101746e-02
5.860740691423416138e-02
5.845462903380393982e-02
5.833230167627334595e-02
5.815767496824264526e-02
5.801282450556755066e-02
5.791788175702095032e-02
5.783340334892272949e-02
5.772484838962554932e-02
5.759802088141441345e-02
5.749063193798065186e-02
5.735614150762557983e-02
5.722074210643768311e-02
5.711123719811439514e-02
5.695229396224021912e-02
5.667760223150253296e-02
5.629995465278625488e-02
5.607087165117263794e-02
5.572223663330078125e-02
5.546046793460845947e-02
5.521630868315696716e-02
5.496161431074142456e-02
5.479386076331138611e-02
5.462951585650444031e-02
5.441626533865928650e-02
5.428052693605422974e-02
5.408085137605667114e-02
5.353675037622451782e-02
5.308361724019050598e-02
5.280057340860366821e-02
5.267601832747459412e-02
5.249638110399246216e-02
5.236576125025749207e-02
5.213962122797966003e-02
5.198330059647560120e-02
5.178103968501091003e-02
5.147355794906616211e-02
5.121488124132156372e-02
5.100277438759803772e-02
5.086396634578704834e-02
5.080771818757057190e-02
5.049611628055572510e-02
5.024440214037895203e-02
5.001576244831085205e-02
4.975644126534461975e-02
4.957556724548339844e-02
4.948453977704048157e-02
4.940425232052803040e-02
4.930618777871131897e-02
4.919478297233581543e-02
4.905178025364875793e-02
4.885336756706237793e-02
4.869677498936653137e-02
4.852354153990745544e-02
4.824356734752655029e-02
4.800156876444816589e-02
4.780810698866844177e-02
4.757758229970932007e-02
4.743159562349319458e-02
4.731019586324691772e-02
4.723687097430229187e-02
4.717243090271949768e-02
4.710295796394348145e-02
4.704175889492034912e-02
4.691993445158004761e-02
4.677494242787361145e-02
4.664239287376403809e-02
4.648952931165695190e-02
4.628250375390052795e-02
4.603537917137145996e-02
4.580999165773391724e-02
4.558860883116722107e-02
4.538217186927795410e-02
4.516347125172615051e-02
4.502613097429275513e-02
4.493929445743560791e-02
4.482987150549888611e-02
4.465479031205177307e-02
4.447039216756820679e-02
4.424649104475975037e-02
4.407730326056480408e-02
4.396823048591613770e-02
4.390054568648338318e-02
4.382688552141189575e-02
4.372877255082130432e-02
4.361559823155403137e-02
4.350393638014793396e-02
4.341854155063629150e-02
4.325979948043823242e-02
4.309753701090812683e-02
4.291385784745216370e-02
4.270839691162109375e-02
4.253762215375900269e-02
4.237357527017593384e-02
4.221084341406822205e-02
4.208114370703697205e-02
4.198733344674110413e-02
4.190768301486968994e-02
4.176592081785202026e-02
4.166028276085853577e-02
4.150432348251342773e-02
4.142475128173828125e-02
4.135323315858840942e-02
4.129455983638763428e-02
4.122561216354370117e-02
4.115732014179229736e-02
4.106140881776809692e-02
4.095698148012161255e-02
4.088414087891578674e-02
4.080442339181900024e-02
4.072180390357971191e-02
4.065118730068206787e-02
4.059707000851631165e-02
4.052649810910224915e-02
4.041564464569091797e-02
4.034478962421417236e-02
4.021714255213737488e-02
4.016929492354393005e-02
4.010781273245811462e-02
3.996823728084564209e-02
3.979480266571044922e-02
3.960618004202842712e-02
3.948154300451278687e-02
3.938103839755058289e-02
3.916563466191291809e-02
3.896868601441383362e-02
3.890836611390113831e-02
3.881758823990821838e-02
3.874649479985237122e-02
3.867846354842185974e-02
3.860433399677276611e-02
3.853001818060874939e-02
3.839730471372604370e-02
3.834342211484909058e-02
3.817628696560859680e-02
3.809997811913490295e-02
3.803980350494384766e-02
3.795780986547470093e-02
3.791749104857444763e-02
3.783849999308586121e-02
3.780652582645416260e-02
3.777033090591430664e-02
3.770369291305541992e-02
3.759855404496192932e-02
3.749625012278556824e-02
3.740100562572479248e-02
3.730729222297668457e-02
3.724341094493865967e-02
3.715046122670173645e-02
3.702611476182937622e-02
3.700177371501922607e-02
3.683372586965560913e-02
3.673385083675384521e-02
3.659785911440849304e-02
3.645658865571022034e-02
3.633804246783256531e-02
3.632044419646263123e-02
3.620749339461326599e-02
3.618133440613746643e-02
3.613006696105003357e-02
3.605793416500091553e-02
3.600643947720527649e-02
3.597322478890419006e-02
3.594176471233367920e-02
3.588899224996566772e-02
3.581894189119338989e-02
3.571136668324470520e-02
3.566471114754676819e-02
3.555136173963546753e-02
3.548571467399597168e-02
3.540051728487014771e-02
3.526297584176063538e-02
3.505905717611312866e-02
3.479305654764175415e-02
3.465519100427627563e-02
3.447023406624794006e-02
3.433591127395629883e-02
3.425643965601921082e-02
3.415609151124954224e-02
3.406763821840286255e-02
3.396862745285034180e-02
3.379864245653152466e-02
3.365357220172882080e-02
3.354585543274879456e-02
3.348490968346595764e-02
3.344310820102691650e-02
3.342051059007644653e-02
3.336760401725769043e-02
3.328176215291023254e-02
3.319705650210380554e-02
3.313779830932617188e-02
3.309072181582450867e-02
3.296406939625740051e-02
3.288898617029190063e-02
3.282392397522926331e-02
3.268541768193244934e-02
3.249477967619895935e-02
3.237231820821762085e-02
3.230875730514526367e-02
3.224474936723709106e-02
3.216358274221420288e-02
3.209587559103965759e-02
3.205085173249244690e-02
3.200883418321609497e-02
3.196075558662414551e-02
3.192140907049179077e-02
3.184893727302551270e-02
3.175753355026245117e-02
3.171889483928680420e-02
3.160057961940765381e-02
3.155129402875900269e-02
3.150920197367668152e-02
3.147560730576515198e-02
3.140033781528472900e-02
3.129198402166366577e-02
3.115748986601829529e-02
3.102790378034114838e-02
3.096820041537284851e-02
3.089561127126216888e-02
3.078168444335460663e-02
3.070845641195774078e-02
3.065085969865322113e-02
3.061330318450927734e-02
3.055093251168727875e-02
3.047041967511177063e-02
3.041561692953109741e-02
3.038836829364299774e-02
3.031295537948608398e-02
3.028175421059131622e-02
3.024596720933914185e-02
3.019881062209606171e-02
3.015423752367496490e-02
3.009504266083240509e-02
2.999165281653404236e-02
2.989915385842323303e-02
2.983978576958179474e-02
2.978138066828250885e-02
2.975275367498397827e-02
2.968907915055751801e-02
2.965850569307804108e-02
2.960112690925598145e-02
2.954293601214885712e-02
2.947127819061279297e-02
2.940687723457813263e-02
2.934672310948371887e-02
2.929594740271568298e-02
2.925646491348743439e-02
2.920199371874332428e-02
2.910860069096088409e-02
2.903142198920249939e-02
2.898355200886726379e-02
2.895336225628852844e-02
2.893457002937793732e-02
2.888835221529006958e-02
2.886137366294860840e-02
2.879082038998603821e-02
2.869821153581142426e-02
2.864253893494606018e-02
2.845706790685653687e-02
2.828522399067878723e-02
2.815695665776729584e-02
2.811414375901222229e-02
2.804990857839584351e-02
2.794557623565196991e-02
2.781037241220474243e-02
2.767661772668361664e-02
2.759901434183120728e-02
2.752151526510715485e-02
2.746155112981796265e-02
2.739674039185047150e-02
2.724113687872886658e-02
2.714080177247524261e-02
2.702529728412628174e-02
2.696802839636802673e-02
2.689423598349094391e-02
2.680859342217445374e-02
2.674464881420135498e-02
2.668878249824047089e-02
2.658030763268470764e-02
2.649322152137756348e-02
2.643260173499584198e-02
2.637133933603763580e-02
2.630494907498359680e-02
2.619840577244758606e-02
2.613296359777450562e-02
2.604004554450511932e-02
2.598341554403305054e-02
2.589541114866733551e-02
2.582639828324317932e-02
2.580277621746063232e-02
2.576115727424621582e-02
2.572764083743095398e-02
2.567979134619235992e-02
2.560503594577312469e-02
2.551610022783279419e-02
2.542921528220176697e-02
2.534845843911170959e-02
2.529592253267765045e-02
2.524916641414165497e-02
2.519824169576168060e-02
2.516133151948451996e-02
2.511412091553211212e-02
2.505003847181797028e-02
2.497854270040988922e-02
2.485030516982078552e-02
2.470645308494567871e-02
2.458142675459384918e-02
2.451846562325954437e-02
2.446958422660827637e-02
2.442670799791812897e-02
2.438018098473548889e-02
2.432972751557826996e-02
2.424372546374797821e-02
2.420745044946670532e-02
2.412084676325321198e-02
2.403843216598033905e-02
2.397525310516357422e-02
2.392799779772758484e-02
2.387038059532642365e-02
2.379851974546909332e-02
2.373958006501197815e-02
2.367315255105495453e-02
2.361769601702690125e-02
2.354789897799491882e-02
2.349439077079296112e-02
2.346083149313926697e-02
2.343705669045448303e-02
2.338752709329128265e-02
2.334202080965042114e-02
2.330414764583110809e-02
2.325589768588542938e-02
2.319348976016044617e-02
2.313206717371940613e-02
2.309937961399555206e-02
2.305447682738304138e-02
2.300083078444004059e-02
2.297620847821235657e-02
2.293945103883743286e-02
2.290827222168445587e-02
2.287723496556282043e-02
2.279174327850341797e-02
2.272269874811172485e-02
2.267964556813240051e-02
2.265766263008117676e-02
2.262202277779579163e-02
2.258022129535675049e-02
2.253754250705242157e-02
2.250037714838981628e-02
2.245989814400672913e-02
2.243088372051715851e-02
2.240143343806266785e-02
2.237855829298496246e-02
2.235659025609493256e-02
2.229713462293148041e-02
2.223418466746807098e-02
2.217301912605762482e-02
2.214792929589748383e-02
2.209790609776973724e-02
2.206289581954479218e-02
2.202876284718513489e-02
2.197241038084030151e-02
2.191045880317687988e-02
2.187419869005680084e-02
2.182360365986824036e-02
2.175709046423435211e-02
2.170103788375854492e-02
2.164191938936710358e-02
2.158828824758529663e-02
2.154671587049961090e-02
2.151035144925117493e-02
2.146251872181892395e-02
2.142716385424137115e-02
2.136738039553165436e-02
2.131712809205055237e-02
2.128559350967407227e-02
2.124274522066116333e-02
2.122086845338344574e-02
2.119518816471099854e-02
2.116630971431732178e-02
2.114541828632354736e-02
2.111701853573322296e-02
2.108081243932247162e-02
2.102212049067020416e-02
2.099669910967350006e-02
2.095214277505874634e-02
2.092909812927246094e-02
2.090942487120628357e-02
2.085414715111255646e-02
2.082308195531368256e-02
2.080500125885009766e-02
2.078524976968765259e-02
2.073237486183643341e-02
2.069511078298091888e-02
2.067121490836143494e-02
2.064660377800464630e-02
2.059924975037574768e-02
2.058482356369495392e-02
2.054559066891670227e-02
2.050495520234107971e-02
2.045696601271629333e-02
2.039341256022453308e-02
2.034585177898406982e-02
2.031062543392181396e-02
2.026967145502567291e-02
2.024536393582820892e-02
2.021533809602260590e-02
2.013812586665153503e-02
2.007325552403926849e-02
1.998774707317352295e-02
1.992637664079666138e-02
1.982688158750534058e-02
1.975026726722717285e-02
1.969173923134803772e-02
1.957461796700954437e-02
1.950016617774963379e-02
1.944749802350997925e-02
1.938845403492450714e-02
1.936894282698631287e-02
1.927026920020580292e-02
1.923906616866588593e-02
1.922409422695636749e-02
1.921057328581809998e-02
1.918969675898551941e-02
1.916878670454025269e-02
1.914001256227493286e-02
1.911821402609348297e-02
1.907634735107421875e-02
1.901363395154476166e-02
1.897603832185268402e-02
1.893977075815200806e-02
1.889832504093647003e-02
1.886614784598350525e-02
1.881809160113334656e-02
1.878851465880870819e-02
1.872369274497032166e-02
1.865456439554691315e-02
1.858837530016899109e-02
1.854237169027328491e-02
1.850384473800659180e-02
1.847628690302371979e-02
1.846710592508316040e-02
1.842425763607025146e-02
1.840612292289733887e-02
1.838094182312488556e-02
1.835780777037143707e-02
1.833792775869369507e-02
1.831110939383506775e-02
1.829270087182521820e-02
1.827456243336200714e-02
1.825760863721370697e-02
1.822470687329769135e-02
1.820298843085765839e-02
1.817186549305915833e-02
1.815459132194519043e-02
1.812886446714401245e-02
1.810442097485065460e-02
1.805492676794528961e-02
1.800995133817195892e-02
1.793571934103965759e-02
1.787109859287738800e-02
1.783263310790061951e-02
1.779766567051410675e-02
1.775575056672096252e-02
1.770459860563278198e-02
1.767431572079658508e-02
1.764190010726451874e-02
1.758953370153903961e-02
1.755235344171524048e-02
1.751970686018466949e-02
1.749309711158275604e-02
1.746491901576519012e-02
1.741908304393291473e-02
1.740328036248683929e-02
1.738693006336688995e-02
1.736538857221603394e-02
1.734648086130619049e-02
1.727977395057678223e-02
1.722161285579204559e-02
1.717458292841911316e-02
1.713548973202705383e-02
1.708340086042881012e-02
1.706122420728206635e-02
1.699057593941688538e-02
1.693244650959968567e-02
1.688420586287975311e-02
1.684257201850414276e-02
1.679390668869018555e-02
1.673437282443046570e-02
1.668771542608737946e-02
1.664859242737293243e-02
1.660765893757343292e-02
1.656328886747360229e-02
1.652903482317924500e-02
1.650251634418964386e-02
1.647137291729450226e-02
1.644393429160118103e-02
1.642241701483726501e-02
1.639358699321746826e-02
1.636889763176441193e-02
1.633908785879611969e-02
1.631141826510429382e-02
1.628396101295948029e-02
1.627065986394882202e-02
1.625667326152324677e-02
1.622766815125942230e-02
1.619268581271171570e-02
1.616102084517478943e-02
1.611595228314399719e-02
1.606640033423900604e-02
1.602762378752231598e-02
1.599475741386413574e-02
1.597046665847301483e-02
1.591232791543006897e-02
1.587372086942195892e-02
1.584849879145622253e-02
1.581942103803157806e-02
1.579489000141620636e-02
1.577682979404926300e-02
1.576112769544124603e-02
1.573695056140422821e-02
1.569843105971813202e-02
1.568460837006568909e-02
1.563484407961368561e-02
1.561216171830892563e-02
1.558656152337789536e-02
1.556357834488153458e-02
1.553859282284975052e-02
1.551308669149875641e-02
1.546519715338945389e-02
1.542927511036396027e-02
1.537385676056146622e-02
1.533594634383916855e-02
1.530941389501094818e-02
1.526867598295211792e-02
1.525310054421424866e-02
1.522422302514314651e-02
1.519650779664516449e-02
1.517561357468366623e-02
1.516080461442470551e-02
1.514298561960458755e-02
1.512423995882272720e-02
1.509742438793182373e-02
1.507837790995836258e-02
1.505730580538511276e-02
1.503375358879566193e-02
1.500986982136964798e-02
1.499047223478555679e-02
1.497781649231910706e-02
1.495983917266130447e-02
1.494295056909322739e-02
1.493274606764316559e-02
1.491220481693744659e-02
1.488724071532487869e-02
1.486680470407009125e-02
1.485338062047958374e-02
1.484758127480745316e-02
1.482609473168849945e-02
1.480726990848779678e-02
1.477523893117904663e-02
1.473955437541007996e-02
1.469962485134601593e-02
1.467205025255680084e-02
1.465075369924306870e-02
1.462401356548070908e-02
1.459001377224922180e-02
1.457126811146736145e-02
1.456031389534473419e-02
1.453949883580207825e-02
1.451840996742248535e-02
1.449452806264162064e-02
1.446563098579645157e-02
1.443154178559780121e-02
1.441782806068658829e-02
1.439939998090267181e-02
1.438385061919689178e-02
1.435492653399705887e-02
1.433343067765235901e-02
1.429454330354928970e-02
1.426124572753906250e-02
1.423729769885540009e-02
1.421633642166852951e-02
1.417255029082298279e-02
1.409798674285411835e-02
1.402651239186525345e-02
1.399035379290580750e-02
1.395190879702568054e-02
1.391981542110443115e-02
1.390075776726007462e-02
1.388207264244556427e-02
1.385988760739564896e-02
1.383692398667335510e-02
1.381033193320035934e-02
1.379427872598171234e-02
1.378510147333145142e-02
1.377534773200750351e-02
1.376225519925355911e-02
1.375041715800762177e-02
1.374532002955675125e-02
1.373112574219703674e-02
1.370245218276977539e-02
1.368065364658832550e-02
1.363452337682247162e-02
1.362342108041048050e-02
1.358878333121538162e-02
1.356816105544567108e-02
1.354613620787858963e-02
1.350990962237119675e-02
1.347917038947343826e-02
1.344331633299589157e-02
1.342331804335117340e-02
1.341425813734531403e-02
1.340707298368215561e-02
1.339722052216529846e-02
1.339058764278888702e-02
1.338182669132947922e-02
1.337204035371541977e-02
1.335308048874139786e-02
1.332814898341894150e-02
1.329493336379528046e-02
1.326932571828365326e-02
1.321843545883893967e-02
1.319654192775487900e-02
1.316882390528917313e-02
1.315367594361305237e-02
1.314586959779262543e-02
1.310590282082557678e-02
1.308091357350349426e-02
1.306262426078319550e-02
1.304948888719081879e-02
1.303745992481708527e-02
1.302511058747768402e-02
1.300012879073619843e-02
1.296943239867687225e-02
1.294661592692136765e-02
1.293192245066165924e-02
1.290223002433776855e-02
1.284798514097929001e-02
1.282727438956499100e-02
1.281399000436067581e-02
1.280253194272518158e-02
1.278332434594631195e-02
1.275337114930152893e-02
1.272233109921216965e-02
1.268862280994653702e-02
1.267319079488515854e-02
1.265105511993169785e-02
1.263463310897350311e-02
1.262294966727495193e-02
1.260740309953689575e-02
1.260047033429145813e-02
1.256157550960779190e-02
1.252452749758958817e-02
1.246325951069593430e-02
1.241398695856332779e-02
1.237779110670089722e-02
1.233903039246797562e-02
1.229831017553806305e-02
1.226211059838533401e-02
1.222122553735971451e-02
1.218279823660850525e-02
1.215057354420423508e-02
1.213093195110559464e-02
1.211090851575136185e-02
1.208986714482307434e-02
1.207947172224521637e-02
1.204234175384044647e-02
1.202259864658117294e-02
1.199232321232557297e-02
1.197092141956090927e-02
1.194210909307003021e-02
1.191814150661230087e-02
1.190285105258226395e-02
1.189251616597175598e-02
1.188252307474613190e-02
1.187963970005512238e-02
1.185755524784326553e-02
1.184597332030534744e-02
1.182440482079982758e-02
1.180902309715747833e-02
1.180189475417137146e-02
1.177993696182966232e-02
1.177192851901054382e-02
1.176119409501552582e-02
1.175338961184024811e-02
1.173504441976547241e-02
1.172115374356508255e-02
1.170796062797307968e-02
1.169811468571424484e-02
1.168712880462408066e-02
1.167866960167884827e-02
1.166276074945926666e-02
1.164696086198091507e-02
1.163576357066631317e-02
1.161899790167808533e-02
1.161490939557552338e-02
1.159087289124727249e-02
1.157830189913511276e-02
1.156883407384157181e-02
1.155202277004718781e-02
1.154027786105871201e-02
1.152514014393091202e-02
1.151940599083900452e-02
1.150689367204904556e-02
1.148218940943479538e-02
1.145833078771829605e-02
1.142693310976028442e-02
1.139049045741558075e-02
1.137585844844579697e-02
1.135778054594993591e-02
1.133504975587129593e-02
1.132579147815704346e-02
1.130970194935798645e-02
1.130250841379165649e-02
1.129297818988561630e-02
1.128589175641536713e-02
1.127958763390779495e-02
1.127246022224426270e-02
1.126649044454097748e-02
1.125663518905639648e-02
1.124566607177257538e-02
1.123730465769767761e-02
1.122590247541666031e-02
1.120645925402641296e-02
1.120011601597070694e-02
1.116676162928342819e-02
1.114179193973541260e-02
1.111136656254529953e-02
1.110097113996744156e-02
1.108445227146148682e-02
1.105991099029779434e-02
1.104784850031137466e-02
1.103859022259712219e-02
1.102153956890106201e-02
1.100765541195869446e-02
1.099699549376964569e-02
1.098548248410224915e-02
1.097135897725820541e-02
1.096320617944002151e-02
1.095146220177412033e-02
1.092588715255260468e-02
1.089935097843408585e-02
1.086640637367963791e-02
1.085712201893329620e-02
1.084780506789684296e-02
1.083763875067234039e-02
1.082202699035406113e-02
1.081791799515485764e-02
1.079696696251630783e-02
1.079101301729679108e-02
1.078200340270996094e-02
1.077424082905054092e-02
1.076505612581968307e-02
1.074504666030406952e-02
1.073432900011539459e-02
1.071468181908130646e-02
1.070627477020025253e-02
1.069299224764108658e-02
1.068388018757104874e-02
1.066463906317949295e-02
1.064629666507244110e-02
1.063070725649595261e-02
1.062023732811212540e-02
1.061356719583272934e-02
1.060681603848934174e-02
1.059856824576854706e-02
1.058914232999086380e-02
1.058221608400344849e-02
1.057110074907541275e-02
1.056593284010887146e-02
1.054887939244508743e-02
1.053488347679376602e-02
1.052910834550857544e-02
1.051623001694679260e-02
1.050289068371057510e-02
1.048642396926879883e-02
1.047112606465816498e-02
1.044597662985324860e-02
1.043712254613637924e-02
1.042273081839084625e-02
1.041598152369260788e-02
1.041377987712621689e-02
1.040912233293056488e-02
1.039797812700271606e-02
1.038764789700508118e-02
1.038074120879173279e-02
1.036869827657938004e-02
1.036085933446884155e-02
1.035536266863346100e-02
1.034790091216564178e-02
1.032630726695060730e-02
1.029270701110363007e-02
1.028908323496580124e-02
1.024840585887432098e-02
1.022103894501924515e-02
1.021189149469137192e-02
1.020248793065547943e-02
1.018857676535844803e-02
1.017074659466743469e-02
1.016211323440074921e-02
1.015778444707393646e-02
1.015350036323070526e-02
1.014723721891641617e-02
1.013623550534248352e-02
1.012310758233070374e-02
1.011050306260585785e-02
1.008913572877645493e-02
1.007705274969339371e-02
1.005996670573949814e-02
1.004194375127553940e-02
1.000847481191158295e-02
9.988321922719478607e-03
9.979095309972763062e-03
9.958544746041297913e-03
9.935762733221054077e-03
9.910759516060352325e-03
9.877430275082588196e-03
9.853515774011611938e-03
9.843591600656509399e-03
9.831300936639308929e-03
9.818423539400100708e-03
9.803528897464275360e-03
9.775966405868530273e-03
9.748635813593864441e-03
9.731980040669441223e-03
9.721716865897178650e-03
9.716315194964408875e-03
9.709219448268413544e-03
9.696193039417266846e-03
9.679665789008140564e-03
9.660128504037857056e-03
9.655615314841270447e-03
9.648435749113559723e-03
9.640278294682502747e-03
9.631097316741943359e-03
9.620420634746551514e-03
9.607588872313499451e-03
9.601318277418613434e-03
9.588558226823806763e-03
9.584845043718814850e-03
9.580560028553009033e-03
9.574946016073226929e-03
9.562073275446891785e-03
9.553453885018825531e-03
9.545093402266502380e-03
9.540477767586708069e-03
9.535881690680980682e-03
9.528194554150104523e-03
9.518880397081375122e-03
9.511404670774936676e-03
9.501679800450801849e-03
9.492624551057815552e-03
9.485891088843345642e-03
9.481453336775302887e-03
9.478021413087844849e-03
9.467136114835739136e-03
9.454258717596530914e-03
9.443879127502441406e-03
9.430654346942901611e-03
9.408601559698581696e-03
9.383967146277427673e-03
9.349355474114418030e-03
9.320805780589580536e-03
9.296596050262451172e-03
9.280578233301639557e-03
9.266276843845844269e-03
9.258249774575233459e-03
9.249186143279075623e-03
9.241407737135887146e-03
9.233813732862472534e-03
9.224893525242805481e-03
9.219835512340068817e-03
9.212056174874305725e-03
9.203546680510044098e-03
9.185219183564186096e-03
9.179110638797283173e-03
9.175720624625682831e-03
9.165749885141849518e-03
9.159270673990249634e-03
9.148197248578071594e-03
9.132369421422481537e-03
9.108149446547031403e-03
9.097116999328136444e-03
9.076804853975772858e-03
9.066834114491939545e-03
9.055198170244693756e-03
9.046412073075771332e-03
9.034063667058944702e-03
9.031539782881736755e-03
9.017543867230415344e-03
9.009347297251224518e-03
9.002214297652244568e-03
8.996360935270786285e-03
8.993715979158878326e-03
8.990596048533916473e-03
8.978175930678844452e-03
8.967993780970573425e-03
8.952277712523937225e-03
8.944693952798843384e-03
8.934360928833484650e-03
8.922902867197990417e-03
8.902776055037975311e-03
8.895812556147575378e-03
8.882024325430393219e-03
8.875241503119468689e-03
8.863700553774833679e-03
8.858989924192428589e-03
8.850291371345520020e-03
8.848330006003379822e-03
8.841105736792087555e-03
8.836290799081325531e-03
8.828191086649894714e-03
8.819624781608581543e-03
8.803244680166244507e-03
8.792556822299957275e-03
8.783977478742599487e-03
8.774498477578163147e-03
8.764230646193027496e-03
8.748469874262809753e-03
8.737699128687381744e-03
8.732102811336517334e-03
8.726960048079490662e-03
8.721624501049518585e-03
8.717552758753299713e-03
8.712157607078552246e-03
8.708067238330841064e-03
8.706009015440940857e-03
8.701877668499946594e-03
8.695605210959911346e-03
8.692224510014057159e-03
8.677541278302669525e-03
8.668885566294193268e-03
8.660060353577136993e-03
8.652995340526103973e-03
8.641846477985382080e-03
8.635646663606166840e-03
8.629189804196357727e-03
8.625720627605915070e-03
8.620663546025753021e-03
8.614756166934967041e-03
8.608328178524971008e-03
8.602363988757133484e-03
8.598400279879570007e-03
8.593484759330749512e-03
8.588736876845359802e-03
8.575869724154472351e-03
8.571086451411247253e-03
8.565175347030162811e-03
8.561135269701480865e-03
8.551045320928096771e-03
8.543516509234905243e-03
8.529510349035263062e-03
8.523772470653057098e-03
8.511667139828205109e-03
8.501425385475158691e-03
8.493039757013320923e-03
8.483946323394775391e-03
8.480337448418140411e-03
8.477022871375083923e-03
8.473115973174571991e-03
8.466761559247970581e-03
8.460423909127712250e-03
8.455939590930938721e-03
8.450515568256378174e-03
8.438953198492527008e-03
8.433614857494831085e-03
8.424355648458003998e-03
8.415508083999156952e-03
8.403490297496318817e-03
8.386937901377677917e-03
8.376161567866802216e-03
8.367039263248443604e-03
8.359388448297977448e-03
8.354476653039455414e-03
8.347962982952594757e-03
8.339806459844112396e-03
8.328062482178211212e-03
8.320570923388004303e-03
8.310257457196712494e-03
8.303108625113964081e-03
8.288321085274219513e-03
8.275544270873069763e-03
8.264519274234771729e-03
8.261269889771938324e-03
8.255158551037311554e-03
8.246982470154762268e-03
8.242066949605941772e-03
8.237225934863090515e-03
8.232781663537025452e-03
8.230463601648807526e-03
8.226518519222736359e-03
8.217432536184787750e-03
8.208266459405422211e-03
8.198772557079792023e-03
8.196237497031688690e-03
8.189186453819274902e-03
8.187097497284412384e-03
8.184135891497135162e-03
8.181101642549037933e-03
8.176620118319988251e-03
8.168746717274188995e-03
8.161793462932109833e-03
8.153237402439117432e-03
8.141311816871166229e-03
8.132833056151866913e-03
8.127069100737571716e-03
8.117445744574069977e-03
8.110621012747287750e-03
8.104715496301651001e-03
8.099598810076713562e-03
8.091123774647712708e-03
8.088135160505771637e-03
8.078574202954769135e-03
8.070216514170169830e-03
8.064790628850460052e-03
8.060632273554801941e-03
8.055817335844039917e-03
8.050562813878059387e-03
8.045915514230728149e-03
8.042094297707080841e-03
8.037307299673557281e-03
8.031446486711502075e-03
8.028819225728511810e-03
8.018177002668380737e-03
8.012751117348670959e-03
8.008017204701900482e-03
7.998817600309848785e-03
7.994710467755794525e-03
7.985717616975307465e-03
7.979667745530605316e-03
7.972479797899723053e-03
7.962439209222793579e-03
7.948824204504489899e-03
7.944011129438877106e-03
7.934460416436195374e-03
7.924783043563365936e-03
7.916459813714027405e-03
7.904496043920516968e-03
7.901385426521301270e-03
7.897751405835151672e-03
7.894349284470081329e-03
7.891217246651649475e-03
7.883761078119277954e-03
7.876583375036716461e-03
7.872356101870536804e-03
7.868267595767974854e-03
7.860091514885425568e-03
7.853128947317600250e-03
7.845052517950534821e-03
7.836772128939628601e-03
7.825718261301517487e-03
7.821209728717803955e-03
7.816229015588760376e-03
7.810314651578664780e-03
7.798936218023300171e-03
7.788340561091899872e-03
7.780241314321756363e-03
7.758743129670619965e-03
7.753101643174886703e-03
7.743158843368291855e-03
7.734210230410099030e-03
7.727174088358879089e-03
7.719823159277439117e-03
7.713250350207090378e-03
7.708906196057796478e-03
7.705400232225656509e-03
7.701849099248647690e-03
7.698291912674903870e-03
7.692434359341859818e-03
7.686289492994546890e-03
7.682126481086015701e-03
7.675483822822570801e-03
7.667745463550090790e-03
7.658643648028373718e-03
7.647392340004444122e-03
7.633118890225887299e-03
7.618514820933341980e-03
7.614749018102884293e-03
7.602428551763296127e-03
7.596443407237529755e-03
7.593337912112474442e-03
7.590179797261953354e-03
7.587025407701730728e-03
7.582525257021188736e-03
7.576438132673501968e-03
7.569634821265935898e-03
7.564920466393232346e-03
7.555222138762474060e-03
7.550012320280075073e-03
7.543083745986223221e-03
7.542008999735116959e-03
7.538103964179754257e-03
7.531126029789447784e-03
7.525544613599777222e-03
7.518786936998367310e-03
7.511780597269535065e-03
7.507153786718845367e-03
7.506487425416707993e-03
7.504325360059738159e-03
7.503487635403871536e-03
7.500517647713422775e-03
7.495784200727939606e-03
7.491711061447858810e-03
7.485155016183853149e-03
7.479946129024028778e-03
7.477009203284978867e-03
7.471563760191202164e-03
7.463821675628423691e-03
7.459471467882394791e-03
7.451758254319429398e-03
7.443554699420928955e-03
7.441207300871610641e-03
7.438749074935913086e-03
7.434886880218982697e-03
7.431613747030496597e-03
7.426775060594081879e-03
7.422401569783687592e-03
7.418127730488777161e-03
7.409573066979646683e-03
7.399223744869232178e-03
7.392161525785923004e-03
7.382598239928483963e-03
7.372148334980010986e-03
7.364107295870780945e-03
7.354565896093845367e-03
7.344640791416168213e-03
7.338935509324073792e-03
7.333647459745407104e-03
7.326952647417783737e-03
7.318878546357154846e-03
7.317147683352231979e-03
7.313567213714122772e-03
7.308382540941238403e-03
7.303193677216768265e-03
7.301843259483575821e-03
7.296072319149971008e-03
7.290319073945283890e-03
7.287141401320695877e-03
7.284606806933879852e-03
7.284252438694238663e-03
7.279584649950265884e-03
7.277368102222681046e-03
7.275542709976434708e-03
7.273361086845397949e-03
7.270266301929950714e-03
7.266017142683267593e-03
7.261292077600955963e-03
7.255649659782648087e-03
7.251197006553411484e-03
7.250472903251647949e-03
7.240710314363241196e-03
7.234033197164535522e-03
7.230718620121479034e-03
7.225786335766315460e-03
7.222215645015239716e-03
7.216207683086395264e-03
7.212544325739145279e-03
7.208535447716712952e-03
7.204388733953237534e-03
7.195856422185897827e-03
7.191834971308708191e-03
7.184623740613460541e-03
7.180969696491956711e-03
7.177856285125017166e-03
7.172752637416124344e-03
7.169022690504789352e-03
7.164305541664361954e-03
7.158482447266578674e-03
7.156264968216419220e-03
7.154131308197975159e-03
7.149376906454563141e-03
7.145410869270563126e-03
7.138806395232677460e-03
7.135017309337854385e-03
7.126487791538238525e-03
7.120425812900066376e-03
7.115331944078207016e-03
7.112470921128988266e-03
7.109014317393302917e-03
7.102471776306629181e-03
7.095671724528074265e-03
7.091628853231668472e-03
7.088897749781608582e-03
7.083664648234844208e-03
7.071768399327993393e-03
7.068312261253595352e-03
7.057757582515478134e-03
7.054087705910205841e-03
7.051956839859485626e-03
7.043489255011081696e-03
7.028842344880104065e-03
7.023632526397705078e-03
7.015544921159744263e-03
7.009568158537149429e-03
7.005581632256507874e-03
6.999170407652854919e-03
6.984657607972621918e-03
6.975208874791860580e-03
6.966365501284599304e-03
6.957803852856159210e-03
6.946440786123275757e-03
6.937608122825622559e-03
6.928456481546163559e-03
6.925546564161777496e-03
6.923038046807050705e-03
6.919279228895902634e-03
6.917293649166822433e-03
6.914002820849418640e-03
6.910415831953287125e-03
6.907420232892036438e-03
6.904331035912036896e-03
6.899527274072170258e-03
6.896950304508209229e-03
6.894814316183328629e-03
6.892921868711709976e-03
6.888747215270996094e-03
6.882972549647092819e-03
6.879388354718685150e-03
6.873968057334423065e-03
6.867202930152416229e-03
6.863332819193601608e-03
6.858406588435173035e-03
6.855877581983804703e-03
6.851545535027980804e-03
6.845685653388500214e-03
6.841124035418033600e-03
6.835077423602342606e-03
6.825577467679977417e-03
6.820564158260822296e-03
6.809758488088846207e-03
6.797252688556909561e-03
6.789809558540582657e-03
6.782800424844026566e-03
6.778804119676351547e-03
6.774659734219312668e-03
6.771822925657033920e-03
6.768327206373214722e-03
6.761505268514156342e-03
6.751791108399629593e-03
6.746179889887571335e-03
6.737959571182727814e-03
6.734655704349279404e-03
6.728280335664749146e-03
6.718931719660758972e-03
6.711198948323726654e-03
6.705124862492084503e-03
6.698656361550092697e-03
6.687765941023826599e-03
6.679636891931295395e-03
6.670051254332065582e-03
6.663788575679063797e-03
6.657699123024940491e-03
6.648379843682050705e-03
6.638775113970041275e-03
6.632697302848100662e-03
6.629102397710084915e-03
6.623812485486268997e-03
6.615233141928911209e-03
6.607803981751203537e-03
6.599538028240203857e-03
6.593939848244190216e-03
6.585749331861734390e-03
6.578709930181503296e-03
6.571325939148664474e-03
6.562543101608753204e-03
6.555600091814994812e-03
6.548531353473663330e-03
6.542055401951074600e-03
6.536073517054319382e-03
6.533959414809942245e-03
6.530235521495342255e-03
6.525913253426551819e-03
6.521378643810749054e-03
6.516843102872371674e-03
6.507415790110826492e-03
6.502389442175626755e-03
6.495834793895483017e-03
6.490444298833608627e-03
6.487895268946886063e-03
6.484218407422304153e-03
6.478112656623125076e-03
6.473722402006387711e-03
6.469787564128637314e-03
6.467109546065330505e-03
6.463021971285343170e-03
6.458517629653215408e-03
6.455209106206893921e-03
6.449456326663494110e-03
6.445021368563175201e-03
6.441592704504728317e-03
6.436713039875030518e-03
6.428747903555631638e-03
6.423860322684049606e-03
6.417064927518367767e-03
6.410887930542230606e-03
6.402702070772647858e-03
6.398404482752084732e-03
6.394430529326200485e-03
6.389708258211612701e-03
6.383820902556180954e-03
6.377944722771644592e-03
6.372686009854078293e-03
6.365528330206871033e-03
6.358232349157333374e-03
6.348317489027976990e-03
6.341321859508752823e-03
6.337994709610939026e-03
6.334962323307991028e-03
6.332894787192344666e-03
6.329975090920925140e-03
6.326062604784965515e-03
6.320682819932699203e-03
6.317589432001113892e-03
6.314464844763278961e-03
6.309853866696357727e-03
6.306733936071395874e-03
6.300769280642271042e-03
6.295605096966028214e-03
6.291539408266544342e-03
6.286283023655414581e-03
6.280138622969388962e-03
6.275791674852371216e-03
6.273658014833927155e-03
6.270930171012878418e-03
6.268250290304422379e-03
6.265056785196065903e-03
6.261572707444429398e-03
6.256666500121355057e-03
6.254556123167276382e-03
6.249188445508480072e-03
6.243736483156681061e-03
6.235106382519006729e-03
6.229541264474391937e-03
6.224375218152999878e-03
6.221129093319177628e-03
6.218353286385536194e-03
6.211845204234123230e-03
6.210635881870985031e-03
6.205041892826557159e-03
6.197909824550151825e-03
6.192751228809356689e-03
6.187067832797765732e-03
6.183564662933349609e-03
6.179688032716512680e-03
6.176794879138469696e-03
6.173538044095039368e-03
6.170899607241153717e-03
6.169237662106752396e-03
6.166267674416303635e-03
6.162438075989484787e-03
6.161010824143886566e-03
6.158657371997833252e-03
6.157503463327884674e-03
6.155972834676504135e-03
6.153921131044626236e-03
6.153068505227565765e-03
6.150185596197843552e-03
6.148648448288440704e-03
6.147103384137153625e-03
6.145471241325139999e-03
6.143929436802864075e-03
6.141828838735818863e-03
6.139557342976331711e-03
6.135927513241767883e-03
6.135166622698307037e-03
6.134119816124439240e-03
6.128330249339342117e-03
6.122849415987730026e-03
6.117523182183504105e-03
6.114908959716558456e-03
6.112752016633749008e-03
6.109807640314102173e-03
6.108708214014768600e-03
6.107087247073650360e-03
6.105625536292791367e-03
6.104709580540657043e-03
6.103851366788148880e-03
6.101951003074645996e-03
6.099132355302572250e-03
6.096536293625831604e-03
6.092171184718608856e-03
6.089671049267053604e-03
6.084211636334657669e-03
6.081593222916126251e-03
6.080002989619970322e-03
6.078638602048158646e-03
6.075862329453229904e-03
6.073766387999057770e-03
6.070219445973634720e-03
6.067647133022546768e-03
6.064735818654298782e-03
6.062378641217947006e-03
6.054677069187164307e-03
6.048644892871379852e-03
6.047606933861970901e-03
6.043846253305673599e-03
6.042725406587123871e-03
6.040587555617094040e-03
6.038263440132141113e-03
6.035616155713796616e-03
6.033370736986398697e-03
6.030630320310592651e-03
6.028600037097930908e-03
6.024787668138742447e-03
6.023641675710678101e-03
6.021523382514715195e-03
6.019204854965209961e-03
6.015939172357320786e-03
6.014891900122165680e-03
6.010774057358503342e-03
6.005957257002592087e-03
6.000633351504802704e-03
5.997847300022840500e-03
5.996562074869871140e-03
5.992758553475141525e-03
5.988432094454765320e-03
5.987530574202537537e-03
5.984696093946695328e-03
5.983457434922456741e-03
5.981542635709047318e-03
5.979180335998535156e-03
5.977290682494640350e-03
5.973085295408964157e-03
5.970513448119163513e-03
5.967495962977409363e-03
5.966079887002706528e-03
5.963725037872791290e-03
5.960081238299608231e-03
5.958623718470335007e-03
5.956258159130811691e-03
5.951764993369579315e-03
5.947830621153116226e-03
5.945548415184020996e-03
5.942774470895528793e-03
5.938184913247823715e-03
5.932074505835771561e-03
5.927654914557933807e-03
5.922928918153047562e-03
5.920546595007181168e-03
5.913758184760808945e-03
5.912330467253923416e-03
5.904218181967735291e-03
5.899863317608833313e-03
5.897495895624160767e-03
5.894793197512626648e-03
5.893046967685222626e-03
5.890505854040384293e-03
5.888466257601976395e-03
5.885816644877195358e-03
5.882006138563156128e-03
5.879693664610385895e-03
5.877468269318342209e-03
5.875031463801860809e-03
5.870039109140634537e-03
5.863567814230918884e-03
5.862576887011528015e-03
5.857175681740045547e-03
5.854805931448936462e-03
5.851943511515855789e-03
5.848454777151346207e-03
5.847074557095766068e-03
5.844936240464448929e-03
5.841528996825218201e-03
5.838774144649505615e-03
5.834537092596292496e-03
5.832039751112461090e-03
5.823891144245862961e-03
5.820147693157196045e-03
5.816879682242870331e-03
5.816346965730190277e-03
5.814067088067531586e-03
5.809563677757978439e-03
5.801842547953128815e-03
5.795686505734920502e-03
5.788216367363929749e-03
5.778757855296134949e-03
5.773002747446298599e-03
5.767953116446733475e-03
5.763556808233261108e-03
5.760494619607925415e-03
5.752343218773603439e-03
5.744257476180791855e-03
5.735720973461866379e-03
5.732135381549596786e-03
5.727350246161222458e-03
5.726024974137544632e-03
5.722042173147201538e-03
5.720029585063457489e-03
5.714073777198791504e-03
5.703584291040897369e-03
5.693374201655387878e-03
5.680082831531763077e-03
5.673008505254983902e-03
5.660879425704479218e-03
5.654949694871902466e-03
5.648263730108737946e-03
5.644985940307378769e-03
5.641753785312175751e-03
5.633119028061628342e-03
5.624478682875633240e-03
5.617094226181507111e-03
5.615853238850831985e-03
5.608247127383947372e-03
5.602319259196519852e-03
5.587715189903974533e-03
5.571928806602954865e-03
5.556009709835052490e-03
5.553529132157564163e-03
5.546109750866889954e-03
5.536035634577274323e-03
5.526446271687746048e-03
5.523737054318189621e-03
5.518266931176185608e-03
5.514509510248899460e-03
5.511089228093624115e-03
5.507292225956916809e-03
5.498650018125772476e-03
5.489944480359554291e-03
5.485985893756151199e-03
5.476384889334440231e-03
5.467607639729976654e-03
5.463655572384595871e-03
5.460952874273061752e-03
5.456341896206140518e-03
5.452014040201902390e-03
5.448463372886180878e-03
5.447484552860260010e-03
5.444694776087999344e-03
5.443053785711526871e-03
5.439841188490390778e-03
5.436526145786046982e-03
5.435643717646598816e-03
5.432160105556249619e-03
5.427546799182891846e-03
5.424797069281339645e-03
5.422233138233423233e-03
5.419429857283830643e-03
5.417360458523035049e-03
5.412461701780557632e-03
5.406321957707405090e-03
5.402718205004930496e-03
5.399088840931653976e-03
5.396172869950532913e-03
5.393369123339653015e-03
5.390753503888845444e-03
5.388373043388128281e-03
5.386093631386756897e-03
5.384401418268680573e-03
5.381223279982805252e-03
5.377663765102624893e-03
5.374678410589694977e-03
5.371132865548133850e-03
5.367288365960121155e-03
5.365639925003051758e-03
5.363243166357278824e-03
5.359078291803598404e-03
5.353678017854690552e-03
5.348685197532176971e-03
5.343030672520399094e-03
5.342407152056694031e-03
5.336008500307798386e-03
5.334171932190656662e-03
5.330614745616912842e-03
5.328905303031206131e-03
5.327010992914438248e-03
5.323655437678098679e-03
5.321843083947896957e-03
5.315961316227912903e-03
5.313076078891754150e-03
5.309650674462318420e-03
5.307326558977365494e-03
5.306185688823461533e-03
5.305428523570299149e-03
5.301340017467737198e-03
5.299720913171768188e-03
5.297471769154071808e-03
5.295993294566869736e-03
5.294581409543752670e-03
5.293821915984153748e-03
5.293356720358133316e-03
5.291656590998172760e-03
5.291006527841091156e-03
5.290179979056119919e-03
5.289317108690738678e-03
5.288616754114627838e-03
5.287489388138055801e-03
5.285020917654037476e-03
5.283921025693416595e-03
5.281754769384860992e-03
5.280166864395141602e-03
5.277760326862335205e-03
5.275528877973556519e-03
5.271249916404485703e-03
5.269067361950874329e-03
5.265696905553340912e-03
5.263654980808496475e-03
5.259558092802762985e-03
5.255078896880149841e-03
5.252347793430089951e-03
5.249228794127702713e-03
5.246305838227272034e-03
5.243966355919837952e-03
5.242667626589536667e-03
5.239829886704683304e-03
5.235903430730104446e-03
5.231519229710102081e-03
5.229029804468154907e-03
5.227891728281974792e-03
5.226391367614269257e-03
5.225001834332942963e-03
5.223601590842008591e-03
5.221038125455379486e-03
5.218313541263341904e-03
5.217364057898521423e-03
5.214193835854530334e-03
5.212696269154548645e-03
5.211920943111181259e-03
5.210121162235736847e-03
5.209578666836023331e-03
5.208958406001329422e-03
5.208217538893222809e-03
5.205815657973289490e-03
5.205211695283651352e-03
5.203012842684984207e-03
5.200787913054227829e-03
5.200236104428768158e-03
5.197660997509956360e-03
5.195328500121831894e-03
5.193939898163080215e-03
5.192139185965061188e-03
5.190813913941383362e-03
5.188808310776948929e-03
5.187248811125755310e-03
5.185457877814769745e-03
5.184594076126813889e-03
5.183568224310874939e-03
5.182975903153419495e-03
5.180777050554752350e-03
5.179136525839567184e-03
5.176905542612075806e-03
5.175019614398479462e-03
5.174327641725540161e-03
5.171942058950662613e-03
5.170392803847789764e-03
5.168154835700988770e-03
5.164900328963994980e-03
5.162882618606090546e-03
5.160952918231487274e-03
5.159557797014713287e-03
5.159087013453245163e-03
5.157532170414924622e-03
5.154908634722232819e-03
5.154616665095090866e-03
5.152390338480472565e-03
5.151492077857255936e-03
5.150436889380216599e-03
5.149162374436855316e-03
5.146251060068607330e-03
5.145134404301643372e-03
5.141553934663534164e-03
5.139766726642847061e-03
5.136767867952585220e-03
5.135891493409872055e-03
5.132966674864292145e-03
5.130095873028039932e-03
5.128887016326189041e-03
5.125593394041061401e-03
5.123963113874197006e-03
5.121495109051465988e-03
5.118896719068288803e-03
5.118278320878744125e-03
5.115397740155458450e-03
5.114427767693996429e-03
5.111188627779483795e-03
5.108916666358709335e-03
5.106712691485881805e-03
5.103474948555231094e-03
5.103010684251785278e-03
5.101562477648258209e-03
5.099582485854625702e-03
5.098245572298765182e-03
5.096853245049715042e-03
5.093950778245925903e-03
5.091245286166667938e-03
5.087825935333967209e-03
5.085976794362068176e-03
5.084649194031953812e-03
5.084007978439331055e-03
5.083346273750066757e-03
5.081342067569494247e-03
5.080322735011577606e-03
5.078823771327733994e-03
5.075871013104915619e-03
5.073335487395524979e-03
5.072790198028087616e-03
5.070451647043228149e-03
5.068896338343620300e-03
5.066818557679653168e-03
5.064774770289659500e-03
5.063947755843400955e-03
5.062733311206102371e-03
5.062000360339879990e-03
5.061131902039051056e-03
5.059603136032819748e-03
5.057192873209714890e-03
5.055346991866827011e-03
5.052349530160427094e-03
5.049956496804952621e-03
5.048402119427919388e-03
5.046515259891748428e-03
5.046143196523189545e-03
5.044349469244480133e-03
5.041755735874176025e-03
5.036602262407541275e-03
5.032679531723260880e-03
5.029219668358564377e-03
5.027330480515956879e-03
5.024263169616460800e-03
5.022145342081785202e-03
5.020401906222105026e-03
5.018721334636211395e-03
5.016770213842391968e-03
5.015654955059289932e-03
5.013971123844385147e-03
5.012517329305410385e-03
5.007857456803321838e-03
5.005881655961275101e-03
5.002389196306467056e-03
4.999230150133371353e-03
4.998849239200353622e-03
4.997827112674713135e-03
4.996470175683498383e-03
4.993701819330453873e-03
4.991105291992425919e-03
4.990062210708856583e-03
4.988396540284156799e-03
4.987528081983327866e-03
4.986242391169071198e-03
4.984698258340358734e-03
4.983510822057723999e-03
4.980597179383039474e-03
4.978565499186515808e-03
4.977684002369642258e-03
4.976013675332069397e-03
4.975453019142150879e-03
4.971519112586975098e-03
4.969807341694831848e-03
4.966998938471078873e-03
4.966094624251127243e-03
4.963738378137350082e-03
4.962977021932601929e-03
4.961808212101459503e-03
4.960960242897272110e-03
4.960455931723117828e-03
4.957306664437055588e-03
4.955071024596691132e-03
4.953864496201276779e-03
4.952938295900821686e-03
4.951866809278726578e-03
4.950323607772588730e-03
4.948590882122516632e-03
4.947219043970108032e-03
4.945919383317232132e-03
4.944725893437862396e-03
4.943564999848604202e-03
4.942175932228565216e-03
4.940390586853027344e-03
4.938169382512569427e-03
4.935908596962690353e-03
4.933331161737442017e-03
4.931380972266197205e-03
4.929591901600360870e-03
4.927697125822305679e-03
4.924873821437358856e-03
4.923063330352306366e-03
4.921544343233108521e-03
4.918782040476799011e-03
4.916315898299217224e-03
4.915533121675252914e-03
4.914218094199895859e-03
4.912951029837131500e-03
4.910740070044994354e-03
4.908787086606025696e-03
4.905655514448881149e-03
4.904789850115776062e-03
4.902610089629888535e-03
4.901788197457790375e-03
4.900516010820865631e-03
4.899112042039632797e-03
4.898310638964176178e-03
4.896613303571939468e-03
4.895769059658050537e-03
4.894941113889217377e-03
4.893978126347064972e-03
4.892259370535612106e-03
4.887760151177644730e-03
4.884633235633373260e-03
4.881026688963174820e-03
4.879109561443328857e-03
4.877551924437284470e-03
4.875431302934885025e-03
4.872571211308240891e-03
4.867916461080312729e-03
4.865582566708326340e-03
4.861958790570497513e-03
4.856470506638288498e-03
4.852681886404752731e-03
4.849501885473728180e-03
4.844831768423318863e-03
4.840791225433349609e-03
4.837897606194019318e-03
4.836631007492542267e-03
4.835313651710748672e-03
4.834004212170839310e-03
4.832462407648563385e-03
4.831184633076190948e-03
4.829120822250843048e-03
4.827845841646194458e-03
4.827121272683143616e-03
4.826063755899667740e-03
4.825079813599586487e-03
4.823396913707256317e-03
4.822169896215200424e-03
4.821063019335269928e-03
4.819864872843027115e-03
4.816265311092138290e-03
4.814303480088710785e-03
4.811752587556838989e-03
4.809557460248470306e-03
4.808419849723577499e-03
4.805795848369598389e-03
4.802778363227844238e-03
4.800717812031507492e-03
4.797754809260368347e-03
4.797287285327911377e-03
4.796357359737157822e-03
4.794365260750055313e-03
4.790243692696094513e-03
4.785698372870683670e-03
4.784934688359498978e-03
4.780619870871305466e-03
4.778220318257808685e-03
4.775707609951496124e-03
4.773093853145837784e-03
4.771890118718147278e-03
4.770070314407348633e-03
4.769170191138982773e-03
4.768465179949998856e-03
4.767272155731916428e-03
4.765375051647424698e-03
4.763368982821702957e-03
4.762329626828432083e-03
4.759036935865879059e-03
4.756566137075424194e-03
4.753744229674339294e-03
4.751137923449277878e-03
4.750590771436691284e-03
4.748390521854162216e-03
4.747114144265651703e-03
4.746359772980213165e-03
4.745661281049251556e-03
4.743665922433137894e-03
4.741431213915348053e-03
4.738636314868927002e-03
4.734806250780820847e-03
4.731611814349889755e-03
4.729189444333314896e-03
4.728508181869983673e-03
4.724913742393255234e-03
4.722664598375558853e-03
4.717751406133174896e-03
4.716229625046253204e-03
4.713586997240781784e-03
4.711732733994722366e-03
4.709782544523477554e-03
4.708412569016218185e-03
4.707131534814834595e-03
4.706108011305332184e-03
4.705171566456556320e-03
4.703818820416927338e-03
4.701199941337108612e-03
4.698305856436491013e-03
4.694862291216850281e-03
4.692868329584598541e-03
4.690544214099645615e-03
4.689275287091732025e-03
4.688204266130924225e-03
4.686710890382528305e-03
4.685218911617994308e-03
4.683267790824174881e-03
4.682200495153665543e-03
4.679922945797443390e-03
4.678287077695131302e-03
4.677531309425830841e-03
4.676285665482282639e-03
4.675624426454305649e-03
4.674637690186500549e-03
4.673616960644721985e-03
4.672652576118707657e-03
4.670000169426202774e-03
4.668463952839374542e-03
4.666357301175594330e-03
4.664157982915639877e-03
4.663767293095588684e-03
4.659526981413364410e-03
4.657284822314977646e-03
4.653487820178270340e-03
4.652557894587516785e-03
4.650665912777185440e-03
4.649175796657800674e-03
4.648240748792886734e-03
4.647015593945980072e-03
4.645061679184436798e-03
4.643560852855443954e-03
4.642453975975513458e-03
4.641166888177394867e-03
4.640294238924980164e-03
4.639199934899806976e-03
4.638199694454669952e-03
4.637074656784534454e-03
4.635907709598541260e-03
4.633738193660974503e-03
4.631415475159883499e-03
4.628044553101062775e-03
4.624632187187671661e-03
4.620834719389677048e-03
4.615304060280323029e-03
4.612576682120561600e-03
4.610470961779356003e-03
4.609346389770507812e-03
4.608027637004852295e-03
4.606565926223993301e-03
4.605207592248916626e-03
4.603110253810882568e-03
4.601143766194581985e-03
4.599393345415592194e-03
4.597269929945468903e-03
4.595811478793621063e-03
4.594614729285240173e-03
4.592833574861288071e-03
4.591579549014568329e-03
4.589608404785394669e-03
4.589375574141740799e-03
4.588284529745578766e-03
4.586807452142238617e-03
4.585381131619215012e-03
4.584890790283679962e-03
4.583275411278009415e-03
4.580921027809381485e-03
4.579446744173765182e-03
4.578402265906333923e-03
4.577436484396457672e-03
4.576263949275016785e-03
4.574452061206102371e-03
4.572044592350721359e-03
4.569175653159618378e-03
4.567278549075126648e-03
4.565997980535030365e-03
4.564648959785699844e-03
4.564053378999233246e-03
4.562894348055124283e-03
4.562541376799345016e-03
4.561652429401874542e-03
4.560592118650674820e-03
4.559082444757223129e-03
4.558428190648555756e-03
4.556487780064344406e-03
4.554617684334516525e-03
4.554021172225475311e-03
4.553237464278936386e-03
4.552262835204601288e-03
4.551194608211517334e-03
4.549874924123287201e-03
4.546571988612413406e-03
4.545329604297876358e-03
4.544396419078111649e-03
4.542085342109203339e-03
4.541460424661636353e-03
4.540263675153255463e-03
4.539354704320430756e-03
4.538016393780708313e-03
4.536683205515146255e-03
4.535485524684190750e-03
4.534187261015176773e-03
4.533613566309213638e-03
4.531969316303730011e-03
4.531007260084152222e-03
4.528859630227088928e-03
4.527272656559944153e-03
4.525350872427225113e-03
4.523455165326595306e-03
4.521343857049942017e-03
4.519931506365537643e-03
4.518518690019845963e-03
4.517673049122095108e-03
4.516704007983207703e-03
4.516108892858028412e-03
4.515559878200292587e-03
4.514903295785188675e-03
4.514152184128761292e-03
4.512313287705183029e-03
4.510757979005575180e-03
4.510025959461927414e-03
4.508955404162406921e-03
4.508343990892171860e-03
4.507747478783130646e-03
4.506831988692283630e-03
4.506100434809923172e-03
4.505012650042772293e-03
4.503844305872917175e-03
4.502903670072555542e-03
4.502242431044578552e-03
4.501451738178730011e-03
4.500972107052803040e-03
4.500335082411766052e-03
4.499191883951425552e-03
4.497189074754714966e-03
4.495374392718076706e-03
4.493896849453449249e-03
4.493257496505975723e-03
4.492142237722873688e-03
4.491387866437435150e-03
4.489560611546039581e-03
4.487297497689723969e-03
4.486365709453821182e-03
4.484828561544418335e-03
4.483567550778388977e-03
4.482257645577192307e-03
4.481242969632148743e-03
4.480324219912290573e-03
4.479656927287578583e-03
4.478152375668287277e-03
4.476827569305896759e-03
4.475359804928302765e-03
4.472995642572641373e-03
4.469554871320724487e-03
4.467210266739130020e-03
4.464166238903999329e-03
4.462163429707288742e-03
4.461628384888172150e-03
4.460261203348636627e-03
4.458607174456119537e-03
4.457205533981323242e-03
4.456131253391504288e-03
4.453599452972412109e-03
4.452621098607778549e-03
4.450196865946054459e-03
4.449430387467145920e-03
4.448547959327697754e-03
4.448106978088617325e-03
4.447580780833959579e-03
4.446431528776884079e-03
4.445264581590890884e-03
4.444232676178216934e-03
4.442571196705102921e-03
4.440457560122013092e-03
4.440160002559423447e-03
4.438605625182390213e-03
4.437576513737440109e-03
4.436538089066743851e-03
4.435574170202016830e-03
4.435079637914896011e-03
4.434041678905487061e-03
4.433958325535058975e-03
4.433243535459041595e-03
4.432513378560543060e-03
4.431401379406452179e-03
4.430841188877820969e-03
4.428136162459850311e-03
4.427003674209117889e-03
4.426077939569950104e-03
4.425071179866790771e-03
4.423812497407197952e-03
4.423249512910842896e-03
4.422152880579233170e-03
4.422002006322145462e-03
4.421293735504150391e-03
4.421151243150234222e-03
4.420687910169363022e-03
4.420021548867225647e-03
4.419730510562658310e-03
4.419071134179830551e-03
4.418557509779930115e-03
4.418112803250551224e-03
4.417327698320150375e-03
4.415769129991531372e-03
4.414689261466264725e-03
4.413615912199020386e-03
4.412455484271049500e-03
4.410870373249053955e-03
4.410061053931713104e-03
4.408885259181261063e-03
4.407859407365322113e-03
4.407118074595928192e-03
4.405976738780736923e-03
4.404464736580848694e-03
4.403331782668828964e-03
4.402875434607267380e-03
4.401518963277339935e-03
4.400123376399278641e-03
4.399181809276342392e-03
4.398208111524581909e-03
4.397515207529067993e-03
4.396206699311733246e-03
4.395513795316219330e-03
4.394312854856252670e-03
4.392827861011028290e-03
4.392075818032026291e-03
4.391510505229234695e-03
4.390329122543334961e-03
4.389976151287555695e-03
4.389032721519470215e-03
4.388095811009407043e-03
4.387852735817432404e-03
4.386772867292165756e-03
4.386153072118759155e-03
4.385019652545452118e-03
4.383362364023923874e-03
4.380551632493734360e-03
4.379591904580593109e-03
4.376749042421579361e-03
4.375145304948091507e-03
4.373707342892885208e-03
4.372159950435161591e-03
4.371114075183868408e-03
4.369020462036132812e-03
4.368482623249292374e-03
4.367176443338394165e-03
4.366477951407432556e-03
4.364740103483200073e-03
4.363517742604017258e-03
4.362256266176700592e-03
4.361208528280258179e-03
4.360631108283996582e-03
4.359755665063858032e-03
4.358942620456218719e-03
4.358483012765645981e-03
4.357726778835058212e-03
4.356331191956996918e-03
4.355374258011579514e-03
4.354459233582019806e-03
4.353389143943786621e-03
4.352593794465065002e-03
4.351507872343063354e-03
4.350437782704830170e-03
4.349296446889638901e-03
4.347984213382005692e-03
4.346610046923160553e-03
4.345523193478584290e-03
4.345176741480827332e-03
4.344663582742214203e-03
4.343921784311532974e-03
4.342787899076938629e-03
4.341475199908018112e-03
4.339237231761217117e-03
4.337937571108341217e-03
4.336114507168531418e-03
4.335150588303804398e-03
4.332753829658031464e-03
4.331629723310470581e-03
4.330904688686132431e-03
4.330523777753114700e-03
4.330061841756105423e-03
4.329348914325237274e-03
4.328550305217504501e-03
4.328138660639524460e-03
4.327204544097185135e-03
4.326517693698406219e-03
4.325351212173700333e-03
4.324099514633417130e-03
4.322856198996305466e-03
4.322354216128587723e-03
4.321458283811807632e-03
4.320102743804454803e-03
4.318714607506990433e-03
4.317193292081356049e-03
4.316956736147403717e-03
4.315959289669990540e-03
4.314622376114130020e-03
4.312965553253889084e-03
4.311274271458387375e-03
4.310491494834423065e-03
4.308962728828191757e-03
4.305521491914987564e-03
4.304400645196437836e-03
4.302122630178928375e-03
4.300845321267843246e-03
4.299318417906761169e-03
4.297712817788124084e-03
4.294564481824636459e-03
4.291575402021408081e-03
4.289905074983835220e-03
4.288352560251951218e-03
4.286783281713724136e-03
4.285359755158424377e-03
4.283936694264411926e-03
4.282728768885135651e-03
4.281321074813604355e-03
4.280244465917348862e-03
4.278618376702070236e-03
4.277916159480810165e-03
4.277090542018413544e-03
4.276655614376068115e-03
4.276271909475326538e-03
4.274127539247274399e-03
4.273463506251573563e-03
4.272330086678266525e-03
4.271896090358495712e-03
4.271702375262975693e-03
4.270903300493955612e-03
4.270254168659448624e-03
4.270224831998348236e-03
4.269787576049566269e-03
4.268583375960588455e-03
4.267914686352014542e-03
4.267016425728797913e-03
4.266110714524984360e-03
4.265939351171255112e-03
4.265386145561933517e-03
4.264898598194122314e-03
4.264827352017164230e-03
4.264235030859708786e-03
4.263847600668668747e-03
4.263364244252443314e-03
4.262861795723438263e-03
4.262664355337619781e-03
4.261607769876718521e-03
4.261295776814222336e-03
4.260709974914789200e-03
4.259754903614521027e-03
4.258818924427032471e-03
4.258344881236553192e-03
4.257457796484231949e-03
4.257024265825748444e-03
4.256351385265588760e-03
4.256254527717828751e-03
4.255781881511211395e-03
4.255075473338365555e-03
4.254753701388835907e-03
4.253888037055730820e-03
4.253235645592212677e-03
4.251561593264341354e-03
4.249379970133304596e-03
4.248397890478372574e-03
4.247474484145641327e-03
4.246677737683057785e-03
4.245895892381668091e-03
4.244830459356307983e-03
4.243502393364906311e-03
4.241724964231252670e-03
4.240086767822504044e-03
4.239773377776145935e-03
4.238675348460674286e-03
4.237401764839887619e-03
4.236164037138223648e-03
4.235454834997653961e-03
4.234491381794214249e-03
4.233491607010364532e-03
4.231185652315616608e-03
4.230608697980642319e-03
4.229211248457431793e-03
4.227989353239536285e-03
4.226698540151119232e-03
4.225456155836582184e-03
4.224421922117471695e-03
4.222386516630649567e-03
4.220787435770034790e-03
4.219806287437677383e-03
4.218510352075099945e-03
4.217821173369884491e-03
4.216952249407768250e-03
4.215854685753583908e-03
4.214559216052293777e-03
4.213227890431880951e-03
4.213042557239532471e-03
4.211988765746355057e-03
4.210622515529394150e-03
4.209886305034160614e-03
4.209005739539861679e-03
4.208281170576810837e-03
4.206398501992225647e-03
4.204809200018644333e-03
4.202989395707845688e-03
4.202541895210742950e-03
4.201942123472690582e-03
4.201254807412624359e-03
4.199905786663293839e-03
4.198479931801557541e-03
4.197490401566028595e-03
4.197228234261274338e-03
4.195368848741054535e-03
4.193854518234729767e-03
4.189960192888975143e-03
4.188445396721363068e-03
4.187766928225755692e-03
4.185856319963932037e-03
4.184653982520103455e-03
4.182932432740926743e-03
4.180789925158023834e-03
4.179561976343393326e-03
4.178207833319902420e-03
4.176712129265069962e-03
4.175227601081132889e-03
4.173611290752887726e-03
4.172521643340587616e-03
4.171894863247871399e-03
4.170883912593126297e-03
4.170503932982683182e-03
4.169560968875885010e-03
4.169022664427757263e-03
4.167832434177398682e-03
4.167147912085056305e-03
4.166609141975641251e-03
4.165826365351676941e-03
4.165147431194782257e-03
4.163962788879871368e-03
4.163657315075397491e-03
4.163297824561595917e-03
4.162566270679235458e-03
4.161532036960124969e-03
4.160844255238771439e-03
4.160442855209112167e-03
4.159327596426010132e-03
4.158644471317529678e-03
4.158365074545145035e-03
4.157875198870897293e-03
4.157498944550752640e-03
4.156904760748147964e-03
4.156032111495733261e-03
4.155484493821859360e-03
4.154991358518600464e-03
4.153464920818805695e-03
4.152650013566017151e-03
4.151637665927410126e-03
4.151016939431428909e-03
4.150718916207551956e-03
4.149719141423702240e-03
4.148885607719421387e-03
4.147402476519346237e-03
4.145872779190540314e-03
4.144314210861921310e-03
4.143418278545141220e-03
4.142412450164556503e-03
4.141250625252723694e-03
4.139912780374288559e-03
4.138994961977005005e-03
4.138597287237644196e-03
4.137077834457159042e-03
4.135558847337961197e-03
4.133098293095827103e-03
4.130614921450614929e-03
4.130214452743530273e-03
4.129005130380392075e-03
4.128329455852508545e-03
4.126800689846277237e-03
4.125458188354969025e-03
4.124280996620655060e-03
4.122974351048469543e-03
4.122205544263124466e-03
4.121412523090839386e-03
4.121105652302503586e-03
4.119882360100746155e-03
4.119421355426311493e-03
4.119041375815868378e-03
4.118312615901231766e-03
4.117842763662338257e-03
4.117012955248355865e-03
4.116360098123550415e-03
4.115423653274774551e-03
4.114970564842224121e-03
4.113399423658847809e-03
4.112636204808950424e-03
4.111451562494039536e-03
4.110493231564760208e-03
4.109116736799478531e-03
4.108802415430545807e-03
4.107453394681215286e-03
4.106577020138502121e-03
4.105715081095695496e-03
4.105603788048028946e-03
4.104893654584884644e-03
4.104147665202617645e-03
4.102738108485937119e-03
4.100559279322624207e-03
4.100312013179063797e-03
4.098830278962850571e-03
4.097996279597282410e-03
4.097352270036935806e-03
4.096404649317264557e-03
4.095508717000484467e-03
4.094739444553852081e-03
4.094149917364120483e-03
4.093556664884090424e-03
4.091517999768257141e-03
4.089384339749813080e-03
4.087160807102918625e-03
4.085530992597341537e-03
4.084520507603883743e-03
4.083422012627124786e-03
4.082359839230775833e-03
4.081380553543567657e-03
4.078648518770933151e-03
4.077072255313396454e-03
4.076440352946519852e-03
4.073820542544126511e-03
4.072395619004964828e-03
4.071207717061042786e-03
4.070234484970569611e-03
4.069990944117307663e-03
4.069415386766195297e-03
4.068613052368164062e-03
4.067605827003717422e-03
4.067030269652605057e-03
4.066482651978731155e-03
4.065679851919412613e-03
4.065496847033500671e-03
4.065182525664567947e-03
4.064524080604314804e-03
4.064211621880531311e-03
4.063347354531288147e-03
4.062067717313766479e-03
4.060424864292144775e-03
4.059683531522750854e-03
4.059171769767999649e-03
4.058246500790119171e-03
4.057391081005334854e-03
4.056205041706562042e-03
4.055689554661512375e-03
4.055371973663568497e-03
4.054568242281675339e-03
4.053399898111820221e-03
4.052159842103719711e-03
4.051616415381431580e-03
4.050754010677337646e-03
4.049639683216810226e-03
4.048125818371772766e-03
4.047165624797344208e-03
4.046337679028511047e-03
4.045555368065834045e-03
4.044194240123033524e-03
4.042636137455701828e-03
4.041448701173067093e-03
4.040738102048635483e-03
4.040047060698270798e-03
4.039087332785129547e-03
4.037992097437381744e-03
4.036701750010251999e-03
4.035505000501871109e-03
4.034018144011497498e-03
4.032674711197614670e-03
4.030948970466852188e-03
4.029231611639261246e-03
4.027627874165773392e-03
4.026945214718580246e-03
4.025778733193874359e-03
4.025045782327651978e-03
4.024259280413389206e-03
4.023580811917781830e-03
4.022991750389337540e-03
4.021512810140848160e-03
4.020733293145895004e-03
4.019443877041339874e-03
4.017971921712160110e-03
4.016525577753782272e-03
4.015645012259483337e-03
4.014950245618820190e-03
4.014393314719200134e-03
4.013205412775278091e-03
4.012239631265401840e-03
4.010570701211690903e-03
4.010094795376062393e-03
4.009654745459556580e-03
4.008216783404350281e-03
4.006501287221908569e-03
4.003319423645734787e-03
4.002656787633895874e-03
4.001008812338113785e-03
3.999832551926374435e-03
3.999305889010429382e-03
3.998584579676389694e-03
3.997998777776956558e-03
3.997783176600933075e-03
3.997006453573703766e-03
3.996365703642368317e-03
3.995457664132118225e-03
3.994956612586975098e-03
3.994632512331008911e-03
3.994551487267017365e-03
3.994486760348081589e-03
3.993990831077098846e-03
3.992788959294557571e-03
3.991009667515754700e-03
3.988837823271751404e-03
3.987761680036783218e-03
3.986955620348453522e-03
3.985786344856023788e-03
3.985478077083826065e-03
3.984751179814338684e-03
3.982939757406711578e-03
3.981090150773525238e-03
3.979694098234176636e-03
3.978530876338481903e-03
3.976614680141210556e-03
3.974365070462226868e-03
3.971481695771217346e-03
3.970404155552387238e-03
3.968935925513505936e-03
3.968086093664169312e-03
3.967717289924621582e-03
3.967407159507274628e-03
3.966484684497117996e-03
3.965302836149930954e-03
3.964887931942939758e-03
3.964180126786231995e-03
3.963554278016090393e-03
3.963245544582605362e-03
3.963017836213111877e-03
3.962670918554067612e-03
3.961819224059581757e-03
3.960636910051107407e-03
3.959697205573320389e-03
3.958868794143199921e-03
3.958345856517553329e-03
3.957803826779127121e-03
3.956690430641174316e-03
3.956153057515621185e-03
3.954910673201084137e-03
3.954453393816947937e-03
3.953642677515745163e-03
3.953179810196161270e-03
3.952785860747098923e-03
3.952672705054283142e-03
3.952068276703357697e-03
3.951544873416423798e-03
3.951292484998703003e-03
3.950739279389381409e-03
3.950347192585468292e-03
3.949761390686035156e-03
3.949223086237907410e-03
3.948898520320653915e-03
3.948356490582227707e-03
3.948039375245571136e-03
3.947810735553503036e-03
3.947396297007799149e-03
3.946590237319469452e-03
3.945931326597929001e-03
3.944551106542348862e-03
3.943704068660736084e-03
3.942900802940130234e-03
3.942445851862430573e-03
3.941914066672325134e-03
3.941187635064125061e-03
3.940445836633443832e-03
3.939269110560417175e-03
3.937704954296350479e-03
3.936188761144876480e-03
3.935853950679302216e-03
3.934779670089483261e-03
3.934083972126245499e-03
3.933077678084373474e-03
3.932234831154346466e-03
3.931699786335229874e-03
3.930434584617614746e-03
3.929211758077144623e-03
3.928361460566520691e-03
3.927374724298715591e-03
3.926613833755254745e-03
3.925806842744350433e-03
3.925719298422336578e-03
3.925095777958631516e-03
3.924742341041564941e-03
3.923779353499412537e-03
3.922669682651758194e-03
3.922136034816503525e-03
3.921695053577423096e-03
3.921127878129482269e-03
3.920347895473241806e-03
3.918928559869527817e-03
3.918545786291360855e-03
3.917492926120758057e-03
3.916350658982992172e-03
3.915945068001747131e-03
3.915378823876380920e-03
3.913711290806531906e-03
3.912698943167924881e-03
3.911727573722600937e-03
3.911187406629323959e-03
3.910236060619354248e-03
3.909296356141567230e-03
3.908489365130662918e-03
3.907808568328619003e-03
3.907804843038320541e-03
3.906822297722101212e-03
3.906126832589507103e-03
3.904815064743161201e-03
3.904111217707395554e-03
3.903406672179698944e-03
3.902870230376720428e-03
3.901837160810828209e-03
3.901069052517414093e-03
3.900215495377779007e-03
3.898600814864039421e-03
3.897917689755558968e-03
3.896489739418029785e-03
3.895142581313848495e-03
3.893853165209293365e-03
3.893233602866530418e-03
3.891158383339643478e-03
3.890419146046042442e-03
3.888368606567382812e-03
3.887477098032832146e-03
3.886465448886156082e-03
3.885194659233093262e-03
3.885034238919615746e-03
3.883900586515665054e-03
3.883381607010960579e-03
3.882818855345249176e-03
3.882213030010461807e-03
3.881212556734681129e-03
3.880460746586322784e-03
3.878887044265866280e-03
3.878154093399643898e-03
3.877582028508186340e-03
3.876784117892384529e-03
3.875574329867959023e-03
3.875508438795804977e-03
3.874589223414659500e-03
3.873838344588875771e-03
3.872832749038934708e-03
3.871960565447807312e-03
3.871094901114702225e-03
3.870602464303374290e-03
3.869982436299324036e-03
3.869853448122739792e-03
3.869570093229413033e-03
3.869235981255769730e-03
3.869053442031145096e-03
3.868436207994818687e-03
3.867748193442821503e-03
3.867034567520022392e-03
3.866125829517841339e-03
3.864549100399017334e-03
3.861718112602829933e-03
3.860610304400324821e-03
3.859635908156633377e-03
3.859200980514287949e-03
3.858932759612798691e-03
3.858549986034631729e-03
3.857990261167287827e-03
3.857233561575412750e-03
3.856203285977244377e-03
3.854925744235515594e-03
3.853847039863467216e-03
3.852517111226916313e-03
3.851109649986028671e-03
3.848847700282931328e-03
3.847077023237943649e-03
3.845355007797479630e-03
3.843090496957302094e-03
3.840836696326732635e-03
3.839819459244608879e-03
3.838967066258192062e-03
3.837116993963718414e-03
3.835720941424369812e-03
3.835643408820033073e-03
3.834784496575593948e-03
3.834321163594722748e-03
3.833906492218375206e-03
3.833469469100236893e-03
3.832672024145722389e-03
3.832107409834861755e-03
3.831530455499887466e-03
3.830641740933060646e-03
3.830412402749061584e-03
3.829861991107463837e-03
3.829281777143478394e-03
3.828157205134630203e-03
3.827634966000914574e-03
3.826920874416828156e-03
3.826535772532224655e-03
3.826038679108023643e-03
3.824904793873429298e-03
3.824566490948200226e-03
3.823937149718403816e-03
3.823563223704695702e-03
3.823151346296072006e-03
3.822879400104284286e-03
3.822187427431344986e-03
3.821498481556773186e-03
3.820644924417138100e-03
3.820241196081042290e-03
3.819473553448915482e-03
3.818710567429661751e-03
3.817877732217311859e-03
3.817162243649363518e-03
3.815873526036739349e-03
3.815263044089078903e-03
3.814707044512033463e-03
3.813974792137742043e-03
3.813331248238682747e-03
3.812232287600636482e-03
3.811834612861275673e-03
3.811180125921964645e-03
3.810698166489601135e-03
3.810036461800336838e-03
3.809382906183600426e-03
3.808384062722325325e-03
3.806939115747809410e-03
3.805823856964707375e-03
3.805204993113875389e-03
3.804538631811738014e-03
3.803894622251391411e-03
3.802675288170576096e-03
3.802087390795350075e-03
3.800350008532404900e-03
3.799624973908066750e-03
3.798538586124777794e-03
3.796837525442242622e-03
3.795587923377752304e-03
3.794290823861956596e-03
3.793574869632720947e-03
3.791872877627611160e-03
3.791157621890306473e-03
3.791084280237555504e-03
3.790850983932614326e-03
3.789838636294007301e-03
3.788869827985763550e-03
3.787914291024208069e-03
3.786774817854166031e-03
3.785251174122095108e-03
3.784682136029005051e-03
3.784241620451211929e-03
3.783603198826313019e-03
3.782827407121658325e-03
3.782516578212380409e-03
3.781930077821016312e-03
3.781325649470090866e-03
3.780735190957784653e-03
3.780135419219732285e-03
3.779429011046886444e-03
3.778773127123713493e-03
3.777961013838648796e-03
3.777229227125644684e-03
3.776973811909556389e-03
3.776769386604428291e-03
3.776352619752287865e-03
3.775696735829114914e-03
3.774960525333881378e-03
3.774880897253751755e-03
3.774539567530155182e-03
3.773939795792102814e-03
3.773226635530591011e-03
3.772234311327338219e-03
3.771751420572400093e-03
3.770800540223717690e-03
3.770482493564486504e-03
3.770318115130066872e-03
3.769673407077789307e-03
3.768789116293191910e-03
3.767914604395627975e-03
3.766662674024701118e-03
3.766049863770604134e-03
3.765393747016787529e-03
3.764510620385408401e-03
3.763958811759948730e-03
3.763301996514201164e-03
3.762874519452452660e-03
3.762552514672279358e-03
3.761196974664926529e-03
3.760332008823752403e-03
3.757599974051117897e-03
3.755349898710846901e-03
3.753721248358488083e-03
3.752239979803562164e-03
3.750574309378862381e-03
3.749413881450891495e-03
3.748818067833781242e-03
3.747931914404034615e-03
3.747241105884313583e-03
3.745812457054853439e-03
3.744348185136914253e-03
3.743269713595509529e-03
3.741994267329573631e-03
3.739361185580492020e-03
3.738031256943941116e-03
3.737105987966060638e-03
3.735333913937211037e-03
3.734685014933347702e-03
3.733691992238163948e-03
3.733161138370633125e-03
3.732793731614947319e-03
3.732707817107439041e-03
3.732142271474003792e-03
3.731768345460295677e-03
3.731305710971355438e-03
3.730442374944686890e-03
3.729670774191617966e-03
3.728717565536499023e-03
3.727426519617438316e-03
3.726935712620615959e-03
3.723821835592389107e-03
3.722717752680182457e-03
3.721685148775577545e-03
3.720895387232303619e-03
3.719911677762866020e-03
3.718987107276916504e-03
3.718649037182331085e-03
3.717598272487521172e-03
3.714762860909104347e-03
3.712891601026058197e-03
3.710652235895395279e-03
3.708947915583848953e-03
3.707566531375050545e-03
3.706343937665224075e-03
3.705836832523345947e-03
3.704886417835950851e-03
3.704518312588334084e-03
3.703549504280090332e-03
3.702167188748717308e-03
3.700046334415674210e-03
3.699680091813206673e-03
3.698632353916764259e-03
3.696345491334795952e-03
3.694789484143257141e-03
3.694083075970411301e-03
3.693452104926109314e-03
3.692636964842677116e-03
3.691913327202200890e-03
3.691159421578049660e-03
3.690704936161637306e-03
3.690164303407073021e-03
3.688717028126120567e-03
3.687204560264945030e-03
3.686779178678989410e-03
3.686105599626898766e-03
3.685347968712449074e-03
3.684440627694129944e-03
3.683232469484210014e-03
3.681533969938755035e-03
3.680769354104995728e-03
3.679797286167740822e-03
3.679151879623532295e-03
3.678728593513369560e-03
3.678319510072469711e-03
3.677488537505269051e-03
3.676702035591006279e-03
3.676343942061066628e-03
3.675758838653564453e-03
3.674837062135338783e-03
3.673719940707087517e-03
3.672527149319648743e-03
3.670402104035019875e-03
3.670219331979751587e-03
3.668957389891147614e-03
3.668306395411491394e-03
3.667537355795502663e-03
3.667167155072093010e-03
3.666555276140570641e-03
3.666270524263381958e-03
3.665673779323697090e-03
3.664382966235280037e-03
3.663224168121814728e-03
3.662769449874758720e-03
3.661922644823789597e-03
3.661548951640725136e-03
3.660717979073524475e-03
3.659469075500965118e-03
3.659023204818367958e-03
3.657732857391238213e-03
3.656527493149042130e-03
3.655985696241259575e-03
3.655488602817058563e-03
3.654766129329800606e-03
3.653537249192595482e-03
3.652319544926285744e-03
3.652007319033145905e-03
3.651515580713748932e-03
3.650603350251913071e-03
3.650098340585827827e-03
3.649246878921985626e-03
3.648302750661969185e-03
3.647165838629007339e-03
3.646504832431674004e-03
3.645479446277022362e-03
3.644617740064859390e-03
3.644218435510993004e-03
3.643761854618787766e-03
3.642889903858304024e-03
3.642422147095203400e-03
3.640836337581276894e-03
3.640258917585015297e-03
3.639181610196828842e-03
3.638672409579157829e-03
3.638397669419646263e-03
3.637324087321758270e-03
3.637067507952451706e-03
3.636055625975131989e-03
3.635629080235958099e-03
3.634896129369735718e-03
3.633974818512797356e-03
3.632983425632119179e-03
3.632433479651808739e-03
3.629789222031831741e-03
3.629499813541769981e-03
3.628318663686513901e-03
3.627855796366930008e-03
3.627403639256954193e-03
3.626845078542828560e-03
3.625999437645077705e-03
3.624914679676294327e-03
3.624320263043045998e-03
3.623561002314090729e-03
3.622821066528558731e-03
3.622343298047780991e-03
3.621706040576100349e-03
3.620930248871445656e-03
3.619492286816239357e-03
3.618850139901041985e-03
3.618293441832065582e-03
3.617892740294337273e-03
3.616426372900605202e-03
3.614438232034444809e-03
3.613323904573917389e-03
3.612735308706760406e-03
3.611905034631490707e-03
3.611393272876739502e-03
3.610708052292466164e-03
3.610060550272464752e-03
3.609359031543135643e-03
3.608622588217258453e-03
3.608145983889698982e-03
3.607733407989144325e-03
3.607132472097873688e-03
3.606062615290284157e-03
3.605800913646817207e-03
3.604709403589367867e-03
3.604146884754300117e-03
3.603524295613169670e-03
3.603110555559396744e-03
3.602914512157440186e-03
3.602213924750685692e-03
3.602041630074381828e-03
3.601238131523132324e-03
3.600623458623886108e-03
3.600068623200058937e-03
3.599682822823524475e-03
3.598942188546061516e-03
3.598424838855862617e-03
3.597958944737911224e-03
3.597254166379570961e-03
3.596269758418202400e-03
3.595361718907952309e-03
3.594297450035810471e-03
3.593284403905272484e-03
3.592148190364241600e-03
3.591993823647499084e-03
3.591656219214200974e-03
3.590830368921160698e-03
3.589985193684697151e-03
3.589225700125098228e-03
3.588106017559766769e-03
3.587345592677593231e-03
3.586589591577649117e-03
3.585890633985400200e-03
3.585367929190397263e-03
3.584958845749497414e-03
3.584102494642138481e-03
3.583534155040979385e-03
3.582956036552786827e-03
3.582039382308721542e-03
3.581706900149583817e-03
3.581464989110827446e-03
3.581154625862836838e-03
3.579840529710054398e-03
3.578926436603069305e-03
3.577972063794732094e-03
3.577155992388725281e-03
3.576202783733606339e-03
3.575056791305541992e-03
3.572920337319374084e-03
3.572423011064529419e-03
3.570597618818283081e-03
3.569144289940595627e-03
3.567335894331336021e-03
3.565065097063779831e-03
3.564415033906698227e-03
3.562696278095245361e-03
3.561975667253136635e-03
3.561546094715595245e-03
3.561143996194005013e-03
3.560312325134873390e-03
3.559381468221545219e-03
3.558948868885636330e-03
3.558528609573841095e-03
3.558114869520068169e-03
3.557578194886445999e-03
3.556746523827314377e-03
3.556431969627737999e-03
3.555572358891367912e-03
3.554839175194501877e-03
3.554045455530285835e-03
3.553133923560380936e-03
3.552700392901897430e-03
3.551668720319867134e-03
3.551170695573091507e-03
3.550436813384294510e-03
3.549974178895354271e-03
3.549804678186774254e-03
3.549068234860897064e-03
3.548406763002276421e-03
3.547850064933300018e-03
3.547281259670853615e-03
3.546622348949313164e-03
3.546032821759581566e-03
3.545859362930059433e-03
3.545557614415884018e-03
3.544986713677644730e-03
3.544547827914357185e-03
3.544273553416132927e-03
3.543732455000281334e-03
3.543347585946321487e-03
3.543090773746371269e-03
3.542341291904449463e-03
3.541812766343355179e-03
3.541339887306094170e-03
3.540863748639822006e-03
3.539821598678827286e-03
3.539456753060221672e-03
3.537956392392516136e-03
3.537398297339677811e-03
3.537010401487350464e-03
3.536721924319863319e-03
3.536235773935914040e-03
3.535706317052245140e-03
3.535231342539191246e-03
3.533860435709357262e-03
3.533298848196864128e-03
3.532757749781012535e-03
3.532256931066513062e-03
3.531987778842449188e-03
3.531022695824503899e-03
3.529371460899710655e-03
3.528870642185211182e-03
3.527060383930802345e-03
3.526136511936783791e-03
3.525510197505354881e-03
3.525073174387216568e-03
3.524575149640440941e-03
3.524124156683683395e-03
3.523861989378929138e-03
3.523481078445911407e-03
3.523440333083271980e-03
3.522571176290512085e-03
3.522128565236926079e-03
3.521230537444353104e-03
3.520324826240539551e-03
3.519496647641062737e-03
3.518546931445598602e-03
3.518385114148259163e-03
3.517351578921079636e-03
3.516860073432326317e-03
3.516214899718761444e-03
3.514912677928805351e-03
3.513879375532269478e-03
3.513337345793843269e-03
3.512475639581680298e-03
3.512147581204771996e-03
3.511284245178103447e-03
3.510831156745553017e-03
3.510303096845746040e-03
3.509914269670844078e-03
3.509547328576445580e-03
3.509111702442169189e-03
3.508666297420859337e-03
3.507770597934722900e-03
3.506669076159596443e-03
3.505008528009057045e-03
3.503805724903941154e-03
3.503058338537812233e-03
3.502200823277235031e-03
3.501255996525287628e-03
3.499330254271626472e-03
3.499036887660622597e-03
3.498263657093048096e-03
3.497853176668286324e-03
3.497575176879763603e-03
3.497025929391384125e-03
3.496377961710095406e-03
3.495506476610898972e-03
3.494328586384654045e-03
3.493656637147068977e-03
3.492896445095539093e-03
3.492617979645729065e-03
3.491724841296672821e-03
3.490132279694080353e-03
3.489597234874963760e-03
3.488292917609214783e-03
3.486968111246824265e-03
3.485334338620305061e-03
3.484399756416678429e-03
3.483046079054474831e-03
3.482174361124634743e-03
3.482005326077342033e-03
3.481608116999268532e-03
3.481116145849227905e-03
3.480283543467521667e-03
3.479225095361471176e-03
3.478259779512882233e-03
3.477344987913966179e-03
3.476559417322278023e-03
3.475659992545843124e-03
3.474782919511198997e-03
3.473488846793770790e-03
3.472412936389446259e-03
3.471176372841000557e-03
3.469856455922126770e-03
3.469127230346202850e-03
3.468261566013097763e-03
3.467712784186005592e-03
3.467361908406019211e-03
3.466521389782428741e-03
3.465136513113975525e-03
3.464192152023315430e-03
3.463999601081013680e-03
3.463344182819128036e-03
3.462744643911719322e-03
3.461539978161454201e-03
3.460800275206565857e-03
3.459893632680177689e-03
3.458959050476551056e-03
3.458251245319843292e-03
3.457323182374238968e-03
3.454986959695816040e-03
3.454289399087429047e-03
3.452571341767907143e-03
3.450896125286817551e-03
3.449739888310432434e-03
3.448355477303266525e-03
3.447777358815073967e-03
3.447164315730333328e-03
3.446524497121572495e-03
3.445217618718743324e-03
3.444580594077706337e-03
3.442947054281830788e-03
3.442299785092473030e-03
3.441907698288559914e-03
3.441541222855448723e-03
3.441131208091974258e-03
3.438464365899562836e-03
3.437691833823919296e-03
3.436967963352799416e-03
3.436774713918566704e-03
3.436347236856818199e-03
3.434921847656369209e-03
3.434550482779741287e-03
3.433521138504147530e-03
3.432729281485080719e-03
3.432002151384949684e-03
3.431437071412801743e-03
3.430795390158891678e-03
3.429255448281764984e-03
3.428221913054585457e-03
3.427132498472929001e-03
3.425572533160448074e-03
3.422684967517852783e-03
3.421055618673563004e-03
3.420033724978566170e-03
3.419549437239766121e-03
3.418774344027042389e-03
3.417032072320580482e-03
3.416550811380147934e-03
3.415260463953018188e-03
3.414849517866969109e-03
3.414176404476165771e-03
3.413946367800235748e-03
3.413246246054768562e-03
3.412118414416909218e-03
3.411082550883293152e-03
3.409940283745527267e-03
3.408770775422453880e-03
3.407961456105113029e-03
3.406892064958810806e-03
3.405489725992083549e-03
3.404789604246616364e-03
3.404341638088226318e-03
3.401816356927156448e-03
3.401220776140689850e-03
3.400727175176143646e-03
3.399867797270417213e-03
3.399366978555917740e-03
3.398518543690443039e-03
3.396988380700349808e-03
3.396527841687202454e-03
3.395532956346869469e-03
3.394728526473045349e-03
3.394016064703464508e-03
3.393076360225677490e-03
3.391658421605825424e-03
3.390983911231160164e-03
3.390363883227109909e-03
3.390015335753560066e-03
3.389454679563641548e-03
3.388914046809077263e-03
3.388289362192153931e-03
3.387464908882975578e-03
3.386190161108970642e-03
3.385875141248106956e-03
3.385081654414534569e-03
3.384016454219818115e-03
3.382984781637787819e-03
3.382309107109904289e-03
3.380300477147102356e-03
3.377502085641026497e-03
3.374909982085227966e-03
3.372163977473974228e-03
3.371046623215079308e-03
3.370068967342376709e-03
3.369740908965468407e-03
3.369146725162863731e-03
3.368568606674671173e-03
3.367861732840538025e-03
3.366678254678845406e-03
3.365763463079929352e-03
3.364639356732368469e-03
3.363692434504628181e-03
3.362399293109774590e-03
3.361132927238941193e-03
3.360111964866518974e-03
3.358889836817979813e-03
3.358153160661458969e-03
3.357171313837170601e-03
3.356489585712552071e-03
3.355302847921848297e-03
3.353902837261557579e-03
3.352486761286854744e-03
3.351395949721336365e-03
3.350520273670554161e-03
3.350201528519392014e-03
3.349987324327230453e-03
3.349167993292212486e-03
3.348467405885457993e-03
3.347726305946707726e-03
3.346836194396018982e-03
3.345854813233017921e-03
3.345338394865393639e-03
3.344707889482378960e-03
3.344297176226973534e-03
3.343109274283051491e-03
3.342465730383992195e-03
3.341396106407046318e-03
3.341289004310965538e-03
3.340383525937795639e-03
3.340133698657155037e-03
3.339585848152637482e-03
3.338816808536648750e-03
3.338679205626249313e-03
3.337648231536149979e-03
3.336939262226223946e-03
3.336186753585934639e-03
3.335811663419008255e-03
3.335067071020603180e-03
3.333504311740398407e-03
3.332715947180986404e-03
3.331925952807068825e-03
3.331634216010570526e-03
3.331126645207405090e-03
3.330168547108769417e-03
3.329634200781583786e-03
3.328057238832116127e-03
3.326862351968884468e-03
3.325868863612413406e-03
3.325031138956546783e-03
3.324645571410655975e-03
3.323172917589545250e-03
3.322153817862272263e-03
3.320939838886260986e-03
3.319388255476951599e-03
3.318597795441746712e-03
3.318018047139048576e-03
3.317320253700017929e-03
3.316275076940655708e-03
3.315766341984272003e-03
3.315494628623127937e-03
3.314836882054805756e-03
3.313628723844885826e-03
3.312598215416073799e-03
3.311214735731482506e-03
3.310091560706496239e-03
3.308761864900588989e-03
3.308641957119107246e-03
3.308223327621817589e-03
3.307584207504987717e-03
3.307059174403548241e-03
3.306166036054491997e-03
3.305553691461682320e-03
3.304729238152503967e-03
3.304206766188144684e-03
3.303801640868186951e-03
3.303485922515392303e-03
3.302322700619697571e-03
3.301308490335941315e-03
3.299726638942956924e-03
3.299339441582560539e-03
3.298363648355007172e-03
3.297843504697084427e-03
3.297093790024518967e-03
3.295799950137734413e-03
3.294280497357249260e-03
3.294001333415508270e-03
3.293105866760015488e-03
3.292714245617389679e-03
3.292507259175181389e-03
3.292107023298740387e-03
3.291791537776589394e-03
3.291318891569972038e-03
3.290994558483362198e-03
3.290086984634399414e-03
3.289394080638885498e-03
3.288027597591280937e-03
3.287249710410833359e-03
3.285919083282351494e-03
3.285387298092246056e-03
3.284780075773596764e-03
3.284632926806807518e-03
3.284215694293379784e-03
3.283734200522303581e-03
3.283074591308832169e-03
3.281548386439681053e-03
3.279682714492082596e-03
3.278802614659070969e-03
3.278206102550029755e-03
3.277122508734464645e-03
3.275850089266896248e-03
3.275129944086074829e-03
3.274728311225771904e-03
3.274202346801757812e-03
3.273584879934787750e-03
3.272982314229011536e-03
3.272464033216238022e-03
3.271919675171375275e-03
3.271054010838270187e-03
3.270694520324468613e-03
3.270046785473823547e-03
3.269423032179474831e-03
3.269155975431203842e-03
3.268160391598939896e-03
3.267132444307208061e-03
3.265942912548780441e-03
3.265351988375186920e-03
3.264145459979772568e-03
3.263517282903194427e-03
3.263037651777267456e-03
3.261977341026067734e-03
3.260981757193803787e-03
3.260714467614889145e-03
3.260053461417555809e-03
3.259632969275116920e-03
3.259030403569340706e-03
3.258639015257358551e-03
3.257869975641369820e-03
3.257675562053918839e-03
3.257357282564043999e-03
3.257164964452385902e-03
3.256687661632895470e-03
3.256183117628097534e-03
3.255421994253993034e-03
3.254148410633206367e-03
3.253290662541985512e-03
3.252559574320912361e-03
3.251826623454689980e-03
3.251178655773401260e-03
3.250965615734457970e-03
3.250539069995284081e-03
3.250351175665855408e-03
3.249791916459798813e-03
3.248861758038401604e-03
3.248112043365836143e-03
3.247291781008243561e-03
3.246743464842438698e-03
3.245810279622673988e-03
3.244253108277916908e-03
3.242500592023134232e-03
3.239535959437489510e-03
3.237656783312559128e-03
3.237083088606595993e-03
3.235793206840753555e-03
3.234755015000700951e-03
3.234058851376175880e-03
3.233460476621985435e-03
3.232577815651893616e-03
3.231515176594257355e-03
3.231148933991789818e-03
3.230720991268754005e-03
3.230393398553133011e-03
3.230028552934527397e-03
3.229504451155662537e-03
3.229047171771526337e-03
3.228294430300593376e-03
3.227942390367388725e-03
3.227615961804986000e-03
3.226986387744545937e-03
3.226537257432937622e-03
3.225428983569145203e-03
3.224411280825734138e-03
3.223641077056527138e-03
3.223414998501539230e-03
3.223197767511010170e-03
3.223051782697439194e-03
3.222767263650894165e-03
3.222767263650894165e-03
3.222767263650894165e-03
